0 166826 166915 0.946084 0.0778592
1 139221 139219 0.2517 0.230309
2 17043 17041 0.136817 0.0677844
3 51260 51258 0.0343419 0.0041421
4 62924 62926 0.0235295 0.0245085
5 146099 147038 0.61995 0.190756
6 100693 99351 0.0335673 0.0226879
7 159181 159744 0.00890205 0.24588
8 167629 167554 0.0723712 0.0319326
9 135590 135590 0 0
10 171277 171277 0 0
11 14482 14484 0.0838343 0.115706
12 2473 2108 0.245406 0.0568047
13 61930 61929 0.0827261 0.0368716
14 159808 159827 0.274126 0.620202
15 16881 9235 0.575978 0.090891
16 46666 46666 0 0
17 14322 7625 0.376258 0.0600093
18 45976 47492 0.0292148 0.0490626
19 99965 99965 0 0
20 134423 134423 0 0
21 130634 130695 0.0851335 0.0620532
22 42086 42086 0 0
23 134870 134859 0.158719 0.0484953
24 102733 102730 0.480797 0.32037
25 2938 3065 0.865144 0.0368233
26 111946 111946 0 0
27 69696 72199 0.0127608 0.0110248
28 39798 39799 0.015302 1.46411
29 39907 39907 0 0
30 135237 135236 0.0967249 0.0513925
31 1086 1080 0.3261 0.390007
32 3434 3434 0 0
33 147172 147172 0 0
34 27520 27804 0.00380167 0.0667584
35 90711 90748 0.0117956 0.00348766
36 13591 13591 0 0
37 142341 142341 0 0
38 165560 165442 0.798104 0.141919
39 85108 85109 0.0518336 0.0288718
40 115715 115715 0 0
41 68716 69207 0.126236 0.00351979
42 73450 73052 0.0131645 0.162461
43 23083 23083 0 0
44 8805 9614 0.217898 0.191662
45 151382 151381 0.139174 0.365587
46 145893 145391 0.128301 0.547625
47 126701 126701 0 0
48 96406 96406 0 0
49 154163 154164 0.514272 0.145918
50 113026 113679 0.25654 0.00507745
51 39603 39338 0.0549171 0.111947
52 156074 156225 0.0780154 0.248519
53 54648 54649 0.0449986 0.0872432
54 68083 67184 0.0361613 0.261589
55 24324 24188 0.150529 0.667582
56 129433 129433 0 0
57 150124 149961 0.0445935 0.00651015
58 157263 157009 0.135015 0.157424
59 6181 6182 0.0926425 0.221292
60 1920 1919 0.665385 0.137131
61 11057 11053 0.0370575 0.0182098
62 8772 8771 0.228437 0.0421725
63 121077 123541 0.00162955 0.401036
64 100925 102585 0.00933365 0.334563
65 166127 166515 0.204436 0.346651
66 140424 140425 0.260417 0.104832
67 151606 151606 0 0
68 137829 138275 0.255351 0.00219384
69 62758 62758 0 0
70 166405 166406 0.142601 0.0575509
71 153477 153136 0.316997 0.0151577
72 14834 14835 0.0473343 0.142717
73 85737 118699 0.0568771 0.118965
74 25329 25526 0.521092 0.0774848
75 24284 24284 0 0
76 145311 144927 0.224296 0.628824
77 8636 8640 0.129719 0.0110248
78 73081 73082 0.336353 0.234847
79 1249 1247 0.247184 0.0386602
80 138230 136765 0.0251373 0.0444455
81 144318 144318 0 0
82 156884 156885 0.122852 0.0344473
83 135116 135116 0 0
84 16243 16243 0 0
85 165268 165269 0.0274688 0.090471
86 3071 3072 0.122853 0.685788
87 52007 52008 0.0091984 0.232946
88 7819 7471 0.128391 0.0954461
89 42070 42070 0 0
90 18723 18723 0 0
91 3619 3620 0.754669 0.0622018
92 2114 2075 0.0121677 0.00382467
93 48129 49135 0.147444 0.00961051
94 42596 44901 0.343001 0.611363
95 104018 103216 0.0344138 0.142784
96 140642 140332 0.65997 0.0988286
97 145122 145361 0.256845 0.13367
98 144899 144898 0.0216325 0.448508
99 144927 145311 0.628824 0.224296
100 170285 170285 0 0
101 57450 57437 0.0252546 0.606096
102 27690 30596 0.0854452 0.305072
103 40863 40862 0.284497 0.0851448
104 76243 76242 0.0103485 0.073449
105 20696 20722 0.0414223 0.068442
106 30137 30989 0.153435 0.0072636
107 16232 16233 0.115328 0.125297
108 83842 83840 0.121714 0.0152554
109 136901 136900 0.0224298 0.201653
110 18401 18393 0.109772 0.00868477
111 14765 14764 0.0350996 0.359116
112 141002 141003 0.024104 0.0291692
113 112582 112416 0.0842495 0.154741
114 34349 33197 0.168107 0.131929
115 32728 34663 0.119732 0.00116253
116 71902 71901 0.188216 0.0665641
117 162200 162207 0.138417 0.0398642
118 66962 66139 0.0524334 0.0844718
119 103126 103125 0.0434017 0.0467453
120 25471 27016 0.187996 0.0116422
121 146677 146679 0.0929654 0.215097
122 14056 14056 0 0
123 114464 114465 0.27922 0.118376
124 8092 7729 0.315418 0.0264658
125 27736 27737 0.234395 0.567232
126 28242 28242 0 0
127 127573 127573 0 0
128 63148 63148 0 0
129 144910 143501 0.100754 0.27831
130 77440 77440 0 0
131 25832 42507 0.830715 0.0493548
132 1047 1012 1.26971 0.0122216
133 77738 77736 0.0935008 0.125688
134 1977 2047 0.105871 0.0133607
135 55170 60714 0.11427 0.0034215
136 141620 141621 0.0533235 0.0936092
137 58572 58569 0.036693 0.0748889
138 156885 156884 0.0344473 0.122852
139 18509 18605 0.0295779 0.0772955
140 94905 94960 0.239839 0.138
141 38374 38703 0.0727081 0.0954109
142 3402 3407 0.245309 0.555319
143 165809 165810 0.13918 0.0416981
144 156948 156948 0 0
145 156881 156882 0.0983974 0.0738415
146 67602 68187 0.00736648 0.149181
147 34663 34663 0 0
148 39850 39869 0.439798 0.382541
149 163961 163961 0 0
150 165479 165479 0 0
151 13594 13915 0.124886 0.0051269
152 136511 136511 0 0
153 145736 145737 0.250258 0.0716638
154 66425 66423 0.148836 0.0357221
155 59589 55321 0.0922035 0.183222
156 144963 144970 0.0748656 0.448404
157 19004 19005 0.366267 0.222927
158 122782 122783 0.00701298 0.0837185
159 102800 102801 0.54181 0.198212
160 96215 92286 0.196184 0.228782
161 15182 15181 0.237286 0.0682692
162 137011 136978 0.0953458 0.0011626
163 26920 26918 0.454688 0.0750564
164 68714 69207 0.111 0.0121325
165 40044 40043 0.804845 0.0549853
166 87416 83909 0.0453711 0.0384158
167 24335 24334 0.252273 0.0995434
168 46857 49711 0.0595992 0.0260908
169 1841 1840 0.311356 0.815979
170 120133 120132 0.0430938 0.156709
171 167043 167042 0.218759 0.0882067
172 158615 158560 0.111787 0.0432046
173 157615 157615 0 0
174 81084 81399 0.0162466 0.104468
175 18172 18174 0.0406209 0.0436656
176 37205 37204 0.0597125 0.127562
177 19124 19124 0 0
178 138558 137097 0.0174325 0.041877
179 77843 77347 0.139743 0.0727724
180 96047 96046 0.011685 0.00817099
181 95049 95049 0 0
182 75129 75130 0.0889488 0.229548
183 75611 75614 0.0224601 0.209142
184 123486 123488 0.0726492 0.103417
185 75081 75082 0.0737108 0.00824321
186 75210 75212 0.152556 0.166712
187 147038 146099 0.190756 0.619949
188 72298 72297 0.0576263 0.0955386
189 141563 141563 0 0
190 96519 96519 0 0
191 71948 71045 0.0833795 0.250324
192 7296 7340 0.0523894 0.00888082
193 156885 156885 0 0
194 130699 130680 0.0709998 0.0225501
195 66274 66274 0 0
196 76521 76521 0 0
197 61471 61473 0.0419436 0.0738336
198 102725 103839 0.263914 0.0729222
199 22438 22670 0.0284102 0.341101
200 124287 124340 0.153389 0.96777
201 166114 166114 0 0
202 23620 23620 0 0
203 65561 67154 0.0263803 0.140899
204 27814 27814 0 0
205 165740 165742 0.0932527 0.162172
206 142483 144144 0.307983 0.277921
207 65550 65564 0.315023 0.0828406
208 43421 43419 0.031934 0.0440993
209 145898 145899 0.02281 0.0593718
210 23486 23471 0.0836694 0.126487
211 146418 146264 0.132419 0.148611
212 7275 7274 0.097433 0.0316439
213 17631 16925 0.0963757 0.0483647
214 50599 46831 0.221363 0.0183184
215 14031 14032 0.0093872 0.0294765
216 15342 15108 0.72965 0.10913
217 143060 143066 0.579572 0.111802
218 11233 11235 0.00851179 0.135072
219 66283 66285 0.014332 0.434792
220 85141 85141 0 0
221 50725 52666 0.0203086 0.0225545
222 65821 65829 0.157888 0.00122708
223 66107 65496 0.309653 0.156461
224 13984 13984 0 0
225 24284 24352 0.909969 0.180446
226 141551 141552 0.256059 0.0762085
227 57216 57217 0.0696311 0.00591595
228 167523 167524 0.764672 0.153657
229 2927 2938 0.37668 0.414697
230 137848 136804 0.0174587 0.207003
231 11761 11760 0.0228713 0.023196
232 1160 1160 0 0
233 104609 104593 0.0720072 0.0893758
234 144898 144899 0.448508 0.0216324
235 14833 14835 0.0867295 0.116881
236 30823 30827 0.0838027 0.0116197
237 64552 64552 0 0
238 901 903 0.370718 0.0457812
239 1651 1256 0.406277 0.0165019
240 39037 39023 1.05283 0.355909
241 6508 6510 0.172368 0.0364189
242 134864 134864 0 0
243 47746 46894 0.0128719 0.157185
244 16864 18130 0.0262041 0.0397705
245 42765 42292 0.133459 0.372934
246 69777 69778 0.100836 0.432164
247 151593 151776 0.0687022 0.107462
248 87669 87670 0.00603249 0.0781647
249 134830 135024 0.12951 0.0653532
250 141710 141713 0.00532233 0.00532233
251 110363 110670 1.01862 0.21188
252 148973 148973 0 0
253 46604 46603 0.0467347 0.0811052
254 127471 126701 0.44058 0.308989
255 275 207 0.197857 0.158382
256 135703 136642 0.0459192 0.0685562
257 16 16 0 0
258 151790 151790 0 0
259 34896 33369 0.423133 0.116717
260 115009 115009 0 0
261 156082 156322 0.358117 0.00152069
262 9744 9719 0.331493 0.0343775
263 57847 57485 0.156671 0.0180045
264 95691 95690 0.0342546 0.00879163
265 158699 158700 0.0983871 0.25309
266 121059 121241 0.0349864 0.224122
267 52207 52207 0 0
268 104609 104593 0.121625 0.039758
269 73450 73052 0.0726907 0.102934
270 126030 126028 0.245014 0.133903
271 153068 153068 0 0
272 134803 135502 0.0209458 0.175715
273 135923 135923 0 0
274 66425 66422 0.0426046 0.0381959
275 75700 75608 0.63483 0.00977118
276 170108 170033 0.437921 0.307469
277 130696 130645 0.10256 0.0264697
278 156062 157770 0.0802776 0.0133562
279 115577 115577 0 0
280 78080 77205 0.0343458 0.128517
281 156187 156186 0.175027 0.178486
282 39923 39874 0.0960905 0.305211
283 147487 147168 0.194214 0.104596
284 44452 44452 0 0
285 143307 143305 0.0931176 0.0897815
286 114465 114464 0.118376 0.27922
287 116687 117476 0.282461 0.102256
288 104591 104584 0.171522 0.0624649
289 129047 129051 0.211535 0.0925218
290 140441 140623 0.265215 0.169819
291 103505 103501 0.0486047 0.0995597
292 170143 170144 0.0382376 0.0382663
293 74604 74604 0 0
294 100444 99649 0.282671 0.115179
295 120994 120992 0.263283 0.0784947
296 141733 141732 0.0592782 0.0385649
297 46981 46980 0.0216812 0.123046
298 57044 59821 0.0800566 0.0885363
299 90648 91009 0.0340663 0.101485
300 170519 170520 0.0521524 0.0344655
301 35138 35137 0.257116 0.546678
302 43606 44290 0.0854532 0.0803513
303 136361 136361 0 0
304 157849 157849 0 0
305 123516 123772 0.0507999 0.239807
306 44495 44495 0 0
307 138970 138033 0.11491 0.256424
308 89127 89151 0.155963 0.0368206
309 144640 144641 0.187886 0.116075
310 74419 74420 0.35807 0.446158
311 7354 7354 0 0
312 40862 40863 0.0851449 0.284497
313 34624 35642 0.019944 0.0564391
314 154037 154031 0.00853338 0.122674
315 10283 10284 0.0178287 0.533691
316 56898 56848 0.150772 0.0410459
317 143419 143265 0.0319224 0.221086
318 136665 138844 0.0427436 1.13173
319 1919 1920 0.159169 0.643346
320 164704 164703 0.283046 0.0259556
321 31769 31769 0 0
322 34768 34766 0.034738 0.238904
323 86592 86592 0 0
324 158194 158332 0.0742773 0.557338
325 1655 1173 0.641174 0.178207
326 114851 114787 0.0291424 0.133989
327 115998 115998 0 0
328 162206 162265 0.177649 0.0716733
329 30442 27401 0.0105181 0.0841635
330 43466 43468 0.0547607 0.0269701
331 51557 51556 0.267385 0.0388914
332 156171 156170 0.0570481 0.252787
333 29276 27507 0.121633 0.04485
334 110586 110588 0.377708 0.146813
335 35476 35476 0 0
336 155668 155668 0 0
337 68836 68836 0 0
338 159190 159111 0.077292 0.92057
339 114502 115338 0.0568801 0.0867779
340 75660 75660 0 0
341 57687 57687 0 0
342 101073 99786 0.0923502 0.00863598
343 14839 14840 0.00669672 0.155807
344 66216 66900 0.0323412 0.0845945
345 14069 14070 0.689944 0.0385999
346 112646 112647 0.370315 0.310913
347 66179 66180 0.160431 0.0257391
348 101374 101374 0 0
349 165426 165834 0.0424367 0.145118
350 33378 33377 0.207998 0.00350324
351 164702 164702 0 0
352 93148 93149 0.0596862 0.146383
353 99722 99721 0.0351233 0.161226
354 57881 65216 0.0895587 0.0173365
355 122499 122500 0.0465136 0.0730084
356 146470 146471 0.0468192 0.157063
357 111398 111399 0.0733618 0.129798
358 19360 19361 0.0264802 0.0115842
359 130656 130655 0.23765 0.732727
360 146992 146998 0.284704 0.1568
361 126409 126408 0.151146 0.273158
362 34595 34595 0 0
363 150000 150198 0.488713 0.324404
364 140625 140625 0 0
365 112979 112886 0.0757099 0.0338472
366 140424 140360 0.0314991 0.0575631
367 133256 133258 0.0187463 0.0216927
368 25411 25946 0.232433 0.134032
369 3023 3022 0.0415563 0.659148
370 129462 129462 0 0
371 75976 76700 0.123236 0.0295734
372 139896 139896 0 0
373 163331 163550 0.37243 0.138339
374 217 218 0.0192033 0.110716
375 110589 110588 0.111822 0.0404042
376 151850 151850 0 0
377 109205 109204 0.0980948 0.081707
378 75926 75928 0.02683 0.0385073
379 156882 156885 0.0686233 0.00255858
380 50007 50007 0 0
381 85431 51056 0.0896128 0.00760333
382 132842 132842 0 0
383 54082 50044 0.0258513 0.0320192
384 2086 2086 0 0
385 36249 36251 0.0535559 0.102363
386 121342 123096 0.248389 0.0419477
387 32139 32139 0 0
388 92198 94961 0.0289885 0.0502877
389 126672 126671 0.010644 0.747837
390 75630 76277 0.106651 0.0360415
391 36396 36397 0.0881246 0.0937067
392 15300 15299 0.0971271 0.0171184
393 4186 4221 0.108055 0.0584054
394 129051 129050 0.0140061 0.163544
395 42159 42804 0.226768 0.00163175
396 46959 46960 0.0333419 0.0213216
397 2360 2577 0.104195 0.0709077
398 169088 169087 0.288909 0.367395
399 2313 2312 0.00604618 0.165342
400 27423 30416 0.574549 0.0163489
401 161550 161551 0.176929 0.165942
402 140316 140508 0.0704298 0.36072
403 130420 130418 0.0794632 0.101612
404 47447 47447 0 0
405 132421 132421 0 0
406 105070 105995 0.0735031 0.0478067
407 6501 6646 0.356309 0.841486
408 66900 66216 0.0919113 0.0250244
409 40778 40620 0.0500282 0.0392778
410 1194 1194 0 0
411 34764 34765 0.157619 0.0102645
412 101803 101801 0.0224601 0.149899
413 94114 93836 0.0521207 0.0535367
414 39969 39969 0 0
415 124215 124216 0.100541 0.195365
416 8702 8431 0.0715341 0.141853
417 2248 2112 0.299945 0.00929379
418 65846 65835 0.381672 0.131324
419 130420 130418 0.0913954 0.0896796
420 156075 157944 0.00841496 0.0468767
421 164015 164959 0.0559006 0.0456852
422 141629 141525 0.52493 0.461683
423 10030 10029 0.521658 0.0819853
424 151243 151243 0 0
425 30669 30669 0 0
426 139164 139164 0 0
427 168716 168669 0.742516 0.105902
428 15772 15772 0 0
429 33095 32144 0.00382203 0.0161843
430 74828 74128 0.218405 0.225746
431 111261 111262 0.498591 0.0340988
432 121007 121008 0.167662 0.126617
433 103813 103814 0.0151651 0.156346
434 108599 108600 0.952788 0.205448
435 143903 143905 0.228675 0.101259
436 2508 2509 0.108117 0.0733047
437 7226 7226 0 0
438 118243 118243 0 0
439 25789 25789 0 0
440 130018 130282 0.193635 0.0532091
441 46827 46830 0.0979163 0.0137357
442 3645 3646 0.726002 0.110725
443 129474 129474 0 0
444 69554 69659 0.135958 0.148077
445 25746 26267 0.160479 0.0332233
446 38702 38104 0.288307 0.239135
447 127882 127882 0 0
448 86843 79989 0.110768 0.015275
449 69553 69553 0 0
450 135581 134978 0.0562296 0.647751
451 156882 156881 0.0738415 0.0983974
452 68717 68717 0 0
453 147801 147801 0 0
454 51819 51293 0.174821 0.0382831
455 124214 124848 0.0881853 0.117405
456 25752 25751 0.0729738 0.0752089
457 61603 61603 0 0
458 103501 103505 0.0448557 0.103309
459 19507 19505 0.143675 0.0222586
460 165205 165206 0.32189 0.0825588
461 146677 146677 0 0
462 29494 29494 0 0
463 77438 76053 0.0437659 0.215375
464 151515 151516 0.163852 0.153643
465 147949 148320 0.0957998 0.533463
466 24441 24889 0.211151 0.337138
467 66425 66422 0.0315798 0.0492207
468 114946 115291 0.0787908 0.0650235
469 142253 142253 0 0
470 64646 63538 0.00966452 0.0726866
471 71373 72677 0.265522 0.0418865
472 136428 136429 0.0171075 0.301547
473 169051 168906 0.633135 0.0637304
474 35367 32955 0.0726596 0.152846
475 111818 111818 0 0
476 112966 113201 0.399356 0.0504752
477 165230 165226 0.293667 0.608566
478 4050 4050 0 0
479 160911 160911 0 0
480 25907 25907 0 0
481 45354 49165 0.0391494 0.019066
482 139634 139634 0 0
483 131405 132305 0.0282819 0.107255
484 158622 158622 0 0
485 1326 1170 0.128258 0.922894
486 145040 145040 0 0
487 70811 70811 0 0
488 142821 142822 0.146042 0.112562
489 114599 114600 0.783767 0.0102645
490 77843 77347 0.192722 0.0197931
491 148782 148579 0.368727 0.0718941
492 72630 72626 0.271099 0.0284518
493 70401 70399 0.104216 0.0982725
494 1472 1472 0 0
495 102460 101998 0.253175 0.42337
496 126422 126423 0.0100768 0.128058
497 34766 34765 0.0743379 0.027706
498 46957 46958 0.0613718 0.00955049
499 70859 70856 0.0141206 0.0726971
500 93058 94569 0.0306371 0.119931
501 57978 57978 0 0
502 139305 139305 0 0
503 152984 152985 0.0606562 0.257441
504 71289 71289 0 0
505 142294 142297 0.207274 0.298919
506 34802 34804 0.059352 0.0943103
507 110670 110363 0.21188 1.01862
508 39919 40327 0.0497234 0.0745758
509 61145 63678 0.036496 0.0434019
510 65538 65538 0 0
511 158556 158555 0.0659798 0.0419444
512 149156 148531 0.0435628 0.168634
513 7357 7780 0.0746091 0.191423
514 36971 36970 0.0930972 0.0150588
515 1510 1575 0.542094 0.039858
516 136699 136698 0.293304 0.0383954
517 101172 101646 0.0285363 0.162717
518 108528 4049 0.104766 0.356317
519 14127 14121 0.139499 0.0982364
520 167637 167562 0.427717 0.186846
521 14764 14765 0.308702 0.0855145
522 17742 16736 0.0950938 0.313992
523 72503 72502 0.344963 0.0356963
524 52228 52228 0 0
525 22670 22438 0.29158 0.0779312
526 137480 137480 0 0
527 60420 63558 0.0171075 0.0526835
528 21732 21732 0 0
529 18512 18513 0.268345 0.0516002
530 39853 39852 0.11964 0.0992672
531 140014 140013 0.0337144 0.0674117
532 76562 76562 0 0
533 104392 104393 0.106667 0.0548167
534 118950 119034 0.0140572 0.124537
535 46880 46880 0 0
536 44928 51698 0.0455595 0.452369
537 65633 67287 0.080866 0.0895918
538 18509 18605 0.057725 0.0491485
539 20951 20954 0.0727957 0.395233
540 36061 36060 0.10942 0.303353
541 142944 141797 0.197207 0.50905
542 2089 2090 0.018579 0.033109
543 42059 42253 0.0509852 0.00545494
544 69184 69185 0.0390291 0.105593
545 148020 147292 0.079255 0.145171
546 3305 3402 0.0440307 0.270462
547 93494 96045 0.0363774 0.118999
548 44229 44230 0.0631187 0.1497
549 140792 140792 0 0
550 145894 145893 0.0873505 0.121189
551 3242 3243 0.210492 0.598098
552 77246 77247 0.0597721 0.103741
553 159612 159612 0 0
554 122166 122167 0.19326 0.115143
555 124122 124121 0.103359 0.664009
556 134889 134893 0.153931 0.109539
557 15891 15894 0.00677591 0.106536
558 167164 167164 0 0
559 27902 27909 0.112035 0.170649
560 7957 7956 0.0958323 0.0548808
561 75389 75385 0.348066 0.198395
562 1319 1249 0.230802 0.165876
563 10888 10957 0.0396156 0.0969985
564 74434 74433 0.0730911 0.0935801
565 103603 104396 0.0572717 0.0360931
566 126030 126028 0.255567 0.12335
567 17030 17030 0 0
568 147620 147940 0.951309 0.12614
569 34349 33197 0.0768279 0.223208
570 147080 147081 0.0734965 0.135359
571 120679 120678 0.121489 0.115963
572 16800 16799 0.571676 0.129447
573 166826 167045 0.231616 0.758411
574 145311 144927 0.238839 0.614281
575 4221 4186 0.0202217 0.146239
576 57979 57979 0 0
577 128132 128132 0 0
578 163979 163980 0.0156722 0.502095
579 54287 45152 0.0116702 0.120139
580 161557 161258 0.152092 0.393076
581 157812 157332 0.0203629 0.0642245
582 139516 139517 0.0277765 0.0916214
583 76993 76995 0.114333 0.0244758
584 96738 96738 0 0
585 126401 126420 0.0776022 0.00488896
586 58657 58657 0 0
587 135113 135113 0 0
588 89799 90652 0.119436 0.182984
589 116568 116579 0.114062 0.0189025
590 149896 150256 0.248388 0.182117
591 151660 151545 0.189316 0.137691
592 109584 109436 0.0493246 0.0254417
593 33703 33703 0 0
594 163998 164003 0.00380167 0.00470778
595 82200 82201 0.0198343 0.088846
596 3601 3602 0.0637557 0.0705664
597 141262 141262 0 0
598 46830 46826 0.0437299 0.2092
599 50810 46434 0.0305779 0.0462898
600 75728 75923 0.0174845 0.305604
601 116900 116899 0.094857 0.0304342
602 29643 29645 0.0318398 0.0607958
603 111349 111349 0 0
604 1678 1179 0.204155 0.773575
605 15765 15765 0 0
606 162560 162526 0.0520102 0.219283
607 151421 151424 0.232768 0.0604465
608 2237 2236 0.217884 0.870233
609 93952 90802 0.107734 0.22814
610 7729 7729 0 0
611 146992 146998 0.325892 0.115611
612 98453 98453 0 0
613 28463 28463 0 0
614 84226 79845 0.508748 0.0224141
615 36050 36055 0.210199 0.0764978
616 2007 2008 0.0229186 0.108597
617 16892 16804 0.195437 0.052096
618 137507 136842 0.0588912 0.123343
619 35565 32143 0.0245711 0.063116
620 104038 104034 0.0628004 0.0824704
621 97231 92304 0.0259561 0.032398
622 41034 41019 0.755011 0.241854
623 13436 13436 0 0
624 1459 1459 0 0
625 111134 111614 0.199907 0.0239119
626 145083 145062 0.264032 0.174964
627 44361 44360 0.0751045 0.01316
628 34766 34766 0 0
629 30598 30703 0.208876 0.0439332
630 15207 15207 0 0
631 24421 24422 0.144587 0.0551064
632 70399 70401 0.0898707 0.112618
633 39862 40083 0.0322287 0.86122
634 113313 113188 0.124433 0.206673
635 65403 65404 0.0125003 0.0224131
636 15019 16523 0.203742 0.609619
637 15613 15613 0 0
638 97683 95569 0.0609776 0.0776496
639 113048 113049 0.00434074 0.0223718
640 134093 134093 0 0
641 158624 158623 0.00381221 0.111771
642 218 217 0.0986416 0.0312782
643 1510 1510 0 0
644 36666 36665 0.252347 0.12564
645 34349 33197 0.0845164 0.215519
646 127266 127267 0.0268291 0.0245408
647 59625 59625 0 0
648 5758 5781 0.0281323 1.00632
649 27741 27756 0.306931 0.500967
650 27379 27379 0 0
651 148542 148541 0.22996 0.07191
652 3935 3928 0.112522 0.0280486
653 22496 22497 0.192316 0.841303
654 153710 153668 0.143039 0.36344
655 13472 13478 0.862528 0.220383
656 123162 123163 0.0707907 0.0924071
657 139062 139061 0.0988802 0.246856
658 130796 130796 0 0
659 168669 168716 0.105902 0.742516
660 134779 134778 0.21668 0.14939
661 139275 139921 0.14843 0.0891362
662 159391 159795 0.122901 0.25793
663 33004 33005 0.0675427 0.0821243
664 82057 80727 0.0698402 0.115437
665 141552 141551 0.300588 0.0316796
666 77592 77653 0.00679589 0.0918455
667 142362 141922 0.406474 0.133685
668 89972 89972 0 0
669 3645 3646 0.689203 0.147524
670 112538 112468 0.0998866 0.135538
671 147125 147147 0.120251 0.0214153
672 74834 74835 0.0360768 0.13876
673 1248 1477 0.0738927 0.218912
674 15846 15845 0.158214 0.212354
675 128983 128984 0.0585572 1.00557
676 71538 71538 0 0
677 13961 13961 0 0
678 3065 3064 0.0326256 0.781549
679 69598 69597 0.191149 0.432507
680 147076 147079 0.249305 0.449028
681 159337 159338 0.147162 0.178732
682 133146 133146 0 0
683 20051 20049 0.0520419 0.127573
684 62590 62589 0.0374866 0.048776
685 59150 59149 0.0623939 0.0221888
686 2534 2141 0.783689 0.00557952
687 13800 13801 0.116707 0.147503
688 150607 150629 0.619395 0.191545
689 147038 146099 0.168358 0.642347
690 129716 129714 0.605187 0.00957102
691 138312 138312 0 0
692 8887 9350 0.0631782 0.160915
693 26777 26777 0 0
694 127643 127643 0 0
695 126376 124699 0.0863804 0.108684
696 71165 71165 0 0
697 151507 151507 0 0
698 140354 140356 0.0513664 0.435278
699 39956 39890 0.243982 0.18346
700 36061 36177 0.0869272 0.197317
701 12585 12570 0.351334 0.200289
702 7915 7916 0.234076 0.02281
703 111614 111614 0 0
704 75591 75855 0.621357 0.218293
705 14704 14465 0.0210838 0.501571
706 66906 66906 0 0
707 99974 99974 0 0
708 42764 44262 0.130399 0.14858
709 30598 30703 0.214765 0.0380451
710 141862 142627 0.0833126 0.141643
711 145091 144938 0.030589 0.286087
712 42595 43603 0.0234503 0.110942
713 66963 69254 0.0672569 0.00821011
714 82781 84032 0.136631 0.092528
715 19108 19886 0.114899 0.198135
716 184 184 0 0
717 34349 33197 0.229895 0.0701407
718 113316 113316 0 0
719 148706 148708 0.207481 0.309236
720 166214 166379 0.0441378 0.0553115
721 77650 77649 0.0379245 0.0257103
722 69216 69216 0 0
723 147273 147272 0.156936 0.043198
724 8246 8251 0.39365 0.0457949
725 164006 164006 0 0
726 167061 166104 0.157094 0.0544105
727 41368 41368 0 0
728 2503 2230 0.0423687 0.169312
729 126670 126670 0 0
730 167087 166815 0.53206 0.188649
731 146061 145987 0.0382903 0.163339
732 38938 38938 0 0
733 160569 160568 0.381368 0.453289
734 39324 39168 0.107968 0.289164
735 62753 62755 0.0991805 0.0443752
736 102279 102278 0.120276 0.0646057
737 126278 124325 0.36959 0.0163415
738 36640 36640 0 0
739 136873 136873 0 0
740 34683 34605 0.235678 0.124345
741 7267 7263 0.0220716 0.0694134
742 164005 164182 0.0733585 0.485895
743 129315 129061 0.368352 0.421492
744 47604 47603 0.0272329 0.0723211
745 10351 10365 0.0544021 0.397522
746 151615 151558 0.106343 0.0850311
747 125060 124617 0.0771738 0.270448
748 40009 40009 0 0
749 125748 125816 0.158812 0.144212
750 157908 157909 0.0209791 0.0858949
751 53026 53027 0.100109 0.119254
752 141824 141824 0 0
753 20055 20623 0.0611989 0.00802972
754 32391 32392 0.0534283 0.0285859
755 164425 164424 0.0568431 0.0178259
756 1197 1185 0.780567 0.0897016
757 43022 43022 0 0
758 137081 137081 0 0
759 17040 17043 0.0293972 0.0743821
760 61012 61012 0 0
761 98351 89488 0.150465 0.0466684
762 148084 148086 0.0503467 0.0371147
763 117956 117957 0.276204 0.307229
764 102097 102094 0.237783 0.390176
765 27941 27941 0 0
766 21520 21431 0.016408 0.666701
767 35355 35355 0 0
768 37334 38253 0.268031 0.0331745
769 27366 30128 0.212692 0.149334
770 66337 66337 0 0
771 23168 23179 0.0531408 0.0360013
772 42292 42292 0 0
773 42804 42159 0.00163176 0.226768
774 32972 32972 0 0
775 25398 25627 0.0818608 0.252914
776 102699 102699 0 0
777 17370 17371 0.0890281 0.330904
778 158843 158845 0.10521 0.197366
779 24932 25691 0.0243382 0.043799
780 163856 163856 0 0
781 46354 47338 0.226007 0.201776
782 164250 164010 0.0764146 0.119019
783 89151 89127 0.0701171 0.122666
784 6756 6526 0.0159541 0.0294869
785 159334 159340 0.532673 0.279087
786 144927 145311 0.614281 0.238839
787 169818 169818 0 0
788 63445 63445 0 0
789 168450 168395 0.258855 0.0375352
790 94445 94444 0.0287267 0.0519431
791 17371 17370 0.330904 0.0890281
792 130038 130038 0 0
793 167085 167085 0 0
794 75918 75917 0.110775 0.0583149
795 42413 42413 0 0
796 101998 102460 0.410764 0.26578
797 74321 74588 0.073033 0.0889139
798 54625 54625 0 0
799 143601 143601 0 0
800 147620 147940 0.986138 0.0913115
801 161815 161968 0.0839264 0.226953
802 27559 27560 0.184681 0.109288
803 4017 3881 0.659173 0.190427
804 137489 137490 0.114289 0.0169926
805 51260 52966 0.0449469 0.062757
806 72008 72014 0.233801 0.0541871
807 55478 55217 0.0957833 0.006843
808 154163 154164 0.491018 0.169172
809 149982 150124 0.682582 0.0141675
810 20237 20236 0.0388532 0.0455092
811 134134 134139 0.0535072 0.0361435
812 31746 31769 0.10745 0.00988434
813 39071 39070 0.112958 0.170815
814 19296 19216 0.0734242 0.183788
815 25485 25101 0.0640219 0.0619766
816 114521 114521 0 0
817 24439 24440 0.757443 0.182851
818 144817 144817 0 0
819 15846 15845 0.163387 0.20718
820 66425 66422 0.0262574 0.054543
821 14141 14140 0.0612958 0.0324734
822 1374 1374 0 0
823 18010 16670 0.12605 0.140958
824 14649 14650 0.13355 0.121361
825 31291 27418 0.0190083 0.0710912
826 121348 123088 0.0272856 0.00857724
827 36505 36509 0.0361595 0.0039729
828 136916 136936 0.0643487 0.0635304
829 243 243 0 0
830 47465 47465 0 0
831 143036 143019 0.00235435 0.0361401
832 166212 166214 0.072146 0.308243
833 81179 81179 0 0
834 1370 1369 0.0248964 0.128365
835 136145 136146 0.0761669 0.304047
836 97466 93078 0.0447457 0.0326677
837 1249 1319 0.165876 0.230802
838 165441 165555 0.152032 0.604191
839 111843 111049 0.0423411 0.10162
840 62737 62737 0 0
841 134911 134911 0 0
842 86627 80236 0.072316 0.0268274
843 109746 109747 0.116419 0.148231
844 55194 63416 0.0595946 0.0777138
845 18382 18383 0.459849 0.079215
846 124287 124340 0.90041 0.220749
847 65480 66921 0.0688346 0.107916
848 155792 155792 0 0
849 56090 64424 0.126941 0.0480299
850 14161 14160 0.162878 0.00957046
851 3182 3209 0.0187743 0.307377
852 114465 114468 0.253067 0.0200934
853 117879 117871 0.0637085 0.19332
854 40079 40080 0.0631552 0.178932
855 104609 104593 0.137272 0.0241108
856 17040 17043 0.036752 0.0670272
857 1256 1321 0.361355 0.307412
858 141029 141095 0.0626118 0.382606
859 113551 113551 0 0
860 145577 145577 0 0
861 7825 7827 0.112368 0.104709
862 92634 92634 0 0
863 129382 129373 0.415466 0.0526374
864 74814 74551 0.0400366 0.0920824
865 7231 7227 0.2604 0.312912
866 102738 104156 0.0671258 0.261609
867 168175 168212 0.165567 0.664153
868 25 29 0.763064 0.0930782
869 32357 32357 0 0
870 67712 67713 0.126527 0.139668
871 63551 54812 0.0578381 0.0717321
872 165297 164833 0.111854 0.0883616
873 2318 2318 0 0
874 14764 14765 0.0679607 0.326255
875 36249 36251 0.0805587 0.0753603
876 160894 160894 0 0
877 136986 137160 0.153504 0.0511698
878 127602 127597 0.113215 0.34467
879 110612 110613 0.708583 0.568709
880 7329 7328 0.353641 0.0612437
881 104318 103924 0.197243 0.0152752
882 25646 25525 0.921009 0.139235
883 50291 52269 0.315682 0.13638
884 142765 142766 0.0763816 0.114044
885 14287 14859 0.0538136 0.0543195
886 145124 145124 0 0
887 75056 75058 0.0473173 0.189836
888 97633 97634 0.117028 0.0252328
889 117527 117526 0.267039 0.0331379
890 15169 16515 0.0442457 0.0840941
891 7504 7316 0.350416 0.102961
892 11788 10959 0.504682 0.144812
893 64266 58491 0.00266117 0.0271981
894 32278 35019 0.0654828 0.56396
895 30487 30486 0.0521423 0.060313
896 165384 165383 0.0434526 0.0291505
897 102201 102202 0.0483445 0.0146705
898 108538 108538 0 0
899 40500 40862 0.361682 0.0301485
900 125667 125667 0 0
901 27905 27906 0.118115 0.216093
902 71636 72683 0.472945 0.11924
903 74941 74253 0.16982 0.0594236
904 147952 147949 0.668907 0.0859349
905 27902 27907 0.146754 0.218342
906 151822 151400 0.0767732 0.635681
907 147270 147172 0.379733 0.0255385
908 66895 66899 0.0529092 0.0606056
909 18479 17254 0.558197 0.00737693
910 91010 90649 0.0269918 0.0487057
911 76525 76525 0 0
912 75415 75413 0.0184272 0.0116576
913 157812 157812 0 0
914 165322 165320 0.154378 0.0281985
915 64282 65377 0.526785 0.0843081
916 72626 72630 0.0355489 0.264002
917 114467 114463 0.221762 0.0732163
918 34309 34310 0.077185 0.0212317
919 6463 6464 0.168297 0.477367
920 69971 69808 0.24862 0.303502
921 27622 27623 0.0545645 0.0503044
922 66926 65480 0.148762 0.0820004
923 96666 96667 0.0291413 0.0151912
924 14123 14123 0 0
925 2313 2094 0.0907159 0.171958
926 72198 69696 0.659442 0.0205213
927 166210 166377 0.212071 0.20962
928 2115 2114 0.00575565 0.00541555
929 102839 102798 0.1963 0.0175264
930 80241 80241 0 0
931 152574 152574 0 0
932 104605 104605 0 0
933 133644 133030 0.294516 0.0918386
934 5951 5952 0.364399 0.407854
935 3152 3143 0.0764304 0.193276
936 14363 14363 0 0
937 140391 140390 0.0189566 0.0478536
938 86628 86628 0 0
939 70747 70748 0.0712553 0.0696297
940 18512 18606 0.0318476 0.0562837
941 72561 71041 0.186731 0.0937126
942 130038 130039 0.0137353 0.727109
943 139879 139178 0.0654713 0.0736505
944 134041 134041 0 0
945 63495 63499 0.120739 0.0256738
946 126686 126996 0.202387 0.131569
947 15906 15906 0 0
948 208 241 0.0278743 0.454838
949 35356 33091 0.028035 0.0283629
950 1575 1575 0 0
951 21944 21944 0 0
952 19809 19809 0 0
953 49122 52743 0.0921527 0.0487173
954 14363 14362 0.104732 0.307535
955 3300 3145 0.335881 0.204133
956 13862 13866 0.0879152 0.187274
957 13940 14627 0.060097 0.359734
958 19397 19397 0 0
959 10892 12033 0.506116 0.0250099
960 125469 125221 0.0192112 0.159151
961 1586 1587 0.132343 0.186017
962 141222 141224 0.345937 0.170556
963 103508 103462 0.245409 0.0391538
964 34924 34924 0 0
965 152298 151746 0.0336941 0.113116
966 113188 113188 0 0
967 112483 112484 0.170723 0.223586
968 125705 125946 0.219854 0.132098
969 164115 165260 0.0460148 0.48578
970 79397 79397 0 0
971 129711 129711 0 0
972 20954 20951 0.294481 0.173548
973 94933 92197 0.0223819 0.0496543
974 903 901 0.0364056 0.380093
975 118304 118301 0.0248308 0.0930789
976 147116 147234 0.20047 0.128808
977 69696 69696 0 0
978 98044 98044 0 0
979 34978 34977 0.0170027 0.0747418
980 27419 27418 0.0979883 0.04981
981 115399 115397 0.038007 0.108096
982 42718 42718 0 0
983 36639 35742 0.0454479 0.0404191
984 140307 140720 0.111113 0.120459
985 136978 136978 0 0
986 25604 25604 0 0
987 77835 77835 0 0
988 44229 44230 0.0618918 0.150927
989 155849 155846 0.0515791 0.00621656
990 147131 147102 0.0845573 1.10688
991 1840 1841 0.879534 0.247801
992 33641 33641 0 0
993 134889 134882 0.470321 0.305976
994 141254 141001 0.0254091 0.419054
995 25877 25878 0.279916 0.0190732
996 102961 102789 1.36802 0.0687469
997 31243 31243 0 0
998 2892 2909 0.0807463 0.72951
999 21730 21744 0.11714 0.141848
1000 47452 51771 0.12318 0.0342138
1001 148388 148488 0.118764 0.0172212
1002 119666 119666 0 0
1003 72016 72016 0 0
1004 61645 61653 0.184586 0.049934
1005 39860 39980 0.0434198 0.119822
1006 60223 60220 0.00725269 0.12123
1007 52284 48267 0.063178 0.0118057
1008 126289 125288 0.15523 0.108302
1009 84657 84657 0 0
1010 134944 134944 0 0
1011 124120 125245 0.00769202 0.0880676
1012 114495 114071 0.231536 0.0921965
1013 6656 6656 0 0
1014 99287 100393 0.153122 0.0709852
1015 151404 151406 0.0104223 0.0166207
1016 11074 11073 0.203801 0.0481691
1017 76555 76556 0.0198763 0.011182
1018 14491 14468 0.0254858 0.0300573
1019 69233 65481 0.0164001 0.335162
1020 135128 135129 0.049457 0.257888
1021 136365 136365 0 0
1022 51163 52575 0.0117852 0.112529
1023 45042 45042 0 0
1024 142955 142956 0.026526 0.0531288
1025 111843 111945 0.0463803 0.0437259
1026 167061 167061 0 0
1027 94445 94444 0.0538545 0.0268153
1028 140075 140077 0.0383759 0.0534937
1029 8251 8246 0.0457949 0.39365
1030 86155 83602 0.132794 0.0324727
1031 17909 17909 0 0
1032 116493 116492 0.137331 0.0390318
1033 15228 16263 0.0946829 0.151981
1034 17416 17416 0 0
1035 7232 7269 0.546556 0.180765
1036 43023 43023 0 0
1037 110379 110360 0.746738 0.143796
1038 58639 58638 0.121727 0.0294798
1039 76774 74730 0.0517188 0.139432
1040 71098 71091 0.0440724 0.101762
1041 100451 100451 0 0
1042 163316 163315 0.138259 0.120988
1043 8887 9350 0.0524619 0.171631
1044 65724 65724 0 0
1045 8016 8015 0.327611 0.0904852
1046 134952 135478 0.191499 0.117768
1047 68030 71524 0.534501 0.0236985
1048 3201 3137 0.826975 0.151191
1049 26663 26663 0 0
1050 26678 26680 0.0597624 0.0403005
1051 27686 27686 0 0
1052 115215 115215 0 0
1053 127594 127595 0.294773 0.156422
1054 36640 38833 0.521954 0.0223184
1055 24734 24735 0.276356 0.00605907
1056 71694 71694 0 0
1057 4049 4050 0.785284 0.021335
1058 45917 45917 0 0
1059 92880 98526 0.0109691 0.0238095
1060 154355 154353 0.23213 0.090773
1061 166191 166192 0.0661733 0.289195
1062 37135 37135 0 0
1063 72363 72118 0.0477932 0.0656896
1064 116006 116011 0.0227899 0.027737
1065 7261 7591 0.0959922 0.515197
1066 140386 140365 0.491578 0.642665
1067 82162 82162 0 0
1068 167765 167668 0.121597 0.402931
1069 53731 53732 0.0534042 0.160686
1070 121969 121968 0.0827241 0.0267879
1071 103407 103910 0.0800952 0.0753262
1072 6526 6756 0.0403773 0.00506375
1073 114520 115926 0.0459206 0.188246
1074 23276 23277 0.0844623 0.0825637
1075 91754 91755 0.0466659 0.0466288
1076 17073 17073 0 0
1077 34673 34673 0 0
1078 134815 134815 0 0
1079 79698 79698 0 0
1080 102726 102725 0.401326 0.312657
1081 71966 72560 0.0339053 0.0893217
1082 35139 35141 0.0039771 0.0039771
1083 130721 130721 0 0
1084 7716 7716 0 0
1085 157952 157953 0.134567 0.0612615
1086 38924 39032 0.82115 0.191352
1087 135766 134888 0.256724 0.592285
1088 6056 6056 0 0
1089 144675 144671 0.049028 0.0129777
1090 97262 97262 0 0
1091 94499 94497 0.0659407 0.011405
1092 41385 41385 0 0
1093 74860 74679 0.0675019 0.0120339
1094 83348 83348 0 0
1095 110839 110907 0.139552 0.0887705
1096 14583 14581 0.236483 0.0703074
1097 2119 2115 0.00359083 0.0878103
1098 8700 8431 0.304694 0.502545
1099 52548 52548 0 0
1100 52269 50291 0.13638 0.315682
1101 94960 94905 0.138 0.239839
1102 130664 130653 0.215938 0.0372745
1103 67726 67728 0.170647 0.0118303
1104 99352 99353 0.0105258 0.107899
1105 48731 48735 0.0775265 0.136746
1106 132345 132345 0 0
1107 148579 148579 0 0
1108 25809 25809 0 0
1109 1466 1238 0.27206 0.405936
1110 28527 28468 0.0377985 0.17951
1111 42507 25832 0.147694 0.732376
1112 20082 21132 0.00628014 0.122667
1113 44799 44799 0 0
1114 157205 157093 0.128651 0.120531
1115 110905 110906 0.186458 0.149868
1116 132100 132101 0.0922766 0.0954085
1117 130513 129374 0.692 0.03981
1118 113932 112868 0.215139 0.0904745
1119 170578 170514 0.562009 0.131191
1120 17040 17041 0.199297 0.104358
1121 8896 9200 0.114104 0.152693
1122 95726 89988 0.107369 0.404823
1123 24797 24797 0 0
1124 139940 139939 0.0528137 0.18255
1125 14765 14764 0.098403 0.295813
1126 169860 169861 0.162378 0.118676
1127 17774 18600 0.629784 0.220249
1128 3619 3620 0.364648 0.452223
1129 34977 34978 0.0747417 0.0170027
1130 39030 38956 0.173003 0.0189636
1131 74138 74098 0.113041 0.101772
1132 139027 137048 0.322887 0.409625
1133 66884 66885 0.00769235 0.072178
1134 87548 87926 0.120074 0.490423
1135 104141 104141 0 0
1136 118219 118219 0 0
1137 2965 2967 0.064451 0.464555
1138 3220 3160 0.35863 0.0616773
1139 39063 39000 0.176851 0.471772
1140 49380 49381 0.0696665 0.0958121
1141 36177 36061 0.160847 0.123397
1142 7625 14322 0.0600093 0.376258
1143 136869 136869 0 0
1144 66422 66423 0.212057 0.0434801
1145 31914 33388 0.082791 0.0239654
1146 16260 16261 0.15204 0.0742244
1147 156240 156653 0.0960786 0.578477
1148 43607 43607 0 0
1149 168818 168817 0.620935 0.0523259
1150 13526 13525 0.301581 0.648019
1151 17751 17751 0 0
1152 69716 71071 0.284261 0.0959134
1153 109269 109269 0 0
1154 85490 85491 0.0760797 0.105742
1155 133104 133053 0.0590291 0.10971
1156 75567 75569 0.0759119 0.0117981
1157 91328 96902 0.0290028 0.170293
1158 35239 35239 0 0
1159 154034 154031 0.00956119 0.0232626
1160 134888 134887 0.0808202 0.237546
1161 14468 14491 0.0300573 0.0254858
1162 26532 25907 0.0156064 0.0322674
1163 43307 43825 0.00512488 0.0465675
1164 153217 153217 0 0
1165 79353 79353 0 0
1166 109439 110204 0.658288 0.0893466
1167 47119 47119 0 0
1168 42757 42757 0 0
1169 75195 75196 0.381234 0.445816
1170 15208 15208 0 0
1171 121964 122672 0.299554 0.101105
1172 170138 170137 0.292819 0.10748
1173 62866 62867 0.0144463 0.0665106
1174 2016 2302 0.0607954 0.0918195
1175 7220 7221 0.440896 0.371919
1176 10351 10353 0.221407 0.175752
1177 157944 156075 0.0468767 0.00841495
1178 95491 95491 0 0
1179 43147 43148 0.189274 0.0752965
1180 167741 167775 0.606797 0.128121
1181 113800 113801 0.0242672 0.0522272
1182 89897 96501 0.0128219 0.103048
1183 164082 165304 0.0160093 0.00608267
1184 110871 111352 0.0727387 0.139034
1185 52013 52012 0.015961 0.0524546
1186 156738 156737 0.026769 0.00544206
1187 34804 34802 0.0943103 0.059352
1188 2043 2042 0.108138 0.115721
1189 56529 54758 0.558509 0.0490516
1190 90953 90953 0 0
1191 111362 111362 0 0
1192 100256 100257 0.233089 0.0755547
1193 53322 49250 0.0143258 0.12119
1194 100951 100949 0.0397086 0.046738
1195 32955 32956 0.0629024 0.168304
1196 162595 162661 0.0372563 0.298522
1197 138750 138747 0.0510968 0.276136
1198 143307 143305 0.115667 0.0672318
1199 85403 85399 0.0831362 0.068809
1200 43461 44712 0.004562 0.029676
1201 61634 59089 0.0496903 0.147919
1202 152985 152984 0.19917 0.118927
1203 65741 65741 0 0
1204 122208 122209 0.0404721 0.0195866
1205 164001 164157 0.0379226 0.326099
1206 83622 80321 0.0114791 0.0047812
1207 124211 124172 0.0387564 0.104781
1208 75912 75901 0.11679 0.0838029
1209 147419 147419 0 0
1210 151591 151592 0.0730418 0.103931
1211 136834 136835 0.149572 0.175279
1212 66085 66219 0.209691 0.180353
1213 156067 156414 0.0393903 0.348458
1214 156066 157126 0.0168957 0.127541
1215 88684 89361 0.293645 0.0268505
1216 169473 168973 0.00412794 1.34943
1217 144633 144639 0.196438 0.163897
1218 159013 159012 0.892805 0.316377
1219 27379 27398 0.0029062 0.254942
1220 166394 166610 0.134405 0.0152175
1221 162556 162593 0.00299185 0.587332
1222 82547 82546 0.122478 0.0516765
1223 71997 39561 0.111315 0.110013
1224 36251 36249 0.0753602 0.0805587
1225 145708 145708 0 0
1226 27573 17860 0.521409 0.147046
1227 143389 143390 0.0210003 0.0575822
1228 38883 38883 0 0
1229 76829 76828 0.539547 0.286628
1230 71536 69755 0.546727 0.0625086
1231 79254 79255 0.0513957 0.38816
1232 81027 87873 0.0509097 0.183334
1233 10727 10728 0.10597 0.238828
1234 55097 60794 0.120479 0.11286
1235 143030 142719 0.752785 0.0484288
1236 153999 154000 0.260886 0.553628
1237 56367 60604 0.159414 0.0633153
1238 124265 126233 0.589762 0.573607
1239 8896 9200 0.117579 0.149219
1240 124213 124266 0.309001 0.0572118
1241 103533 103532 0.00245157 0.126085
1242 28130 27119 0.166962 0.0800581
1243 14040 14047 0.0388795 0.164931
1244 15372 15373 0.138962 0.132306
1245 29179 29179 0 0
1246 166396 166396 0 0
1247 26549 26551 0.129875 0.0283115
1248 10354 10355 0.385811 0.0174643
1249 169656 169655 0.147053 0.775132
1250 89813 97655 0.022126 0.0418855
1251 161268 161267 0.0371696 0.0855251
1252 23681 23610 0.344666 0.255313
1253 126629 126630 0.0363496 0.0538978
1254 30447 30447 0 0
1255 126659 126658 0.0696 0.116019
1256 77439 77438 0.0409523 0.0661651
1257 45924 54709 0.558618 0.0588472
1258 111224 111223 0.0211956 0.0752193
1259 75630 76277 0.113218 0.0294744
1260 109905 109209 0.574887 0.533481
1261 14491 14468 0.0207457 0.0347974
1262 114808 114809 0.0516349 0.179224
1263 127644 127644 0 0
1264 74098 74138 0.166519 0.0482943
1265 66111 66112 0.759965 0.460483
1266 50796 49230 0.0201777 0.0748203
1267 126662 127881 0.128037 0.395745
1268 115454 115455 0.128682 0.210923
1269 145894 145391 0.321752 0.0699301
1270 95905 92113 0.004562 0.056275
1271 157815 157814 0.0217005 0.125859
1272 14725 14093 0.143922 0.0347572
1273 3116 3076 0.911968 0.038917
1274 88555 88555 0 0
1275 23752 23958 0.139439 0.182177
1276 124519 125226 0.254018 0.10732
1277 83844 84344 0.0461716 0.15037
1278 42522 43550 0.0147351 0.0511443
1279 112945 113695 0.198067 0.0989508
1280 27724 27745 0.00694206 0.203992
1281 9894 9696 0.395412 0.0305727
1282 140681 140681 0 0
1283 128 128 0 0
1284 26366 25336 0.568417 0.107903
1285 39900 39901 0.0133058 0.02281
1286 40327 39919 0.0745758 0.0497234
1287 117427 117155 0.0768803 0.0145476
1288 92197 94933 0.0496543 0.0223819
1289 53731 53732 0.00635158 0.207738
1290 145577 133994 0.524546 0.660318
1291 126834 126611 0.334486 0.070683
1292 102788 102789 0.225531 0.0599441
1293 92327 92326 0.027675 0.0182148
1294 24734 24735 0.243394 0.0390207
1295 124412 124419 0.0159954 0.0118075
1296 9853 10279 0.0340064 0.351954
1297 151408 151408 0 0
1298 113807 112952 0.00878185 0.0125205
1299 42147 42147 0 0
1300 52007 52006 0.107735 0.164247
1301 66810 66806 0.0434532 0.235372
1302 141467 141749 0.434956 0.676048
1303 27359 27359 0 0
1304 136313 136315 0.102692 0.110445
1305 66373 66373 0 0
1306 170107 170108 0.118402 0.216903
1307 42508 42508 0 0
1308 143065 143064 0.499787 0.326642
1309 101804 101803 0.0544125 0.0211772
1310 53731 53732 0.00868692 0.205403
1311 168222 168284 0.346335 0.140283
1312 133122 134348 0.0192573 0.106287
1313 143760 143762 0.351192 0.447477
1314 121145 121144 0.18011 0.091369
1315 126701 127471 0.53157 0.217998
1316 138459 138990 0.0158006 0.0244416
1317 143899 143903 0.0729432 0.0112777
1318 28635 28635 0 0
1319 159808 159827 0.419705 0.474623
1320 41522 41585 0.155287 0.0428818
1321 14772 13638 0.25278 0.0766284
1322 91537 91537 0 0
1323 138234 138234 0 0
1324 20796 20797 0.0879598 0.111506
1325 161518 161524 0.04689 0.197677
1326 111145 111145 0 0
1327 18709 18709 0 0
1328 148465 148465 0 0
1329 13404 13405 0.125176 0.102555
1330 56803 56803 0 0
1331 93506 93507 0.00819719 0.0215004
1332 125622 125627 0.145444 0.11785
1333 155023 155024 0.0876779 0.316459
1334 124084 124417 0.177167 0.181285
1335 30647 30647 0 0
1336 147 148 0.262739 0.0285839
1337 114836 114836 0 0
1338 4521 4520 0.256998 0.761011
1339 44783 44784 0.0469984 0.701237
1340 168757 168759 0.0369939 0.0216715
1341 159340 159334 0.19571 0.61605
1342 92861 92864 0.366959 0.0632549
1343 102525 102525 0 0
1344 151746 152298 0.0881144 0.0586961
1345 45702 45701 0.199731 0.00768746
1346 16344 16343 0.0878255 0.1451
1347 118824 118828 0.114018 0.124235
1348 72892 72892 0 0
1349 74360 74360 0 0
1350 124332 124333 0.0535469 0.0965891
1351 118648 118645 0.0210755 0.0696656
1352 159041 159089 0.134406 0.739568
1353 63310 59208 0.0786634 0.0808189
1354 20143 20223 0.0918934 0.0250068
1355 1254 1587 0.089941 0.150895
1356 3149 3148 0.520222 0.248327
1357 102126 102125 0.189514 0.41233
1358 129471 129493 0.380305 0.141577
1359 18356 17621 0.262014 0.0464253
1360 139628 139625 0.138854 0.229624
1361 135756 135759 0.0121017 0.0686692
1362 20951 20954 0.129524 0.338504
1363 51961 50243 0.0281424 0.0621772
1364 116864 115519 0.00839299 0.138455
1365 103944 103927 0.108791 0.613378
1366 6725 6545 0.0471407 0.13701
1367 151790 151493 0.16615 0.283706
1368 118301 118301 0 0
1369 23252 23252 0 0
1370 171285 171283 0.113552 0.144473
1371 39063 39000 0.302663 0.345961
1372 134763 134959 0.0271642 0.701024
1373 92878 92879 0.0495121 0.0756142
1374 47555 47553 0.0431675 0.229631
1375 115292 115292 0 0
1376 49826 45671 0.180533 0.113661
1377 117744 117744 0 0
1378 39928 39958 0.308247 0.0259913
1379 133455 133456 0.0376962 0.0627126
1380 72045 72045 0 0
1381 117220 119842 0.249961 0.0453467
1382 166300 166300 0 0
1383 128397 128398 0.265787 0.162605
1384 103132 103965 0.138936 0.0148912
1385 92326 92327 0.0182148 0.027675
1386 27522 27522 0 0
1387 33298 35253 0.101802 0.135885
1388 148205 147746 0.0108899 0.66614
1389 1470 1472 0.09911 0.0535764
1390 15979 15979 0 0
1391 15074 15073 0.0438631 0.303192
1392 114913 114914 0.156918 0.0804787
1393 25627 25398 0.252914 0.0818608
1394 55232 60295 0.0842832 0.080461
1395 153268 153269 0.184567 0.115957
1396 51160 51160 0 0
1397 158280 158279 0.384967 0.0824759
1398 40960 40959 0.241185 0.110596
1399 99845 99845 0 0
1400 42071 43370 0.0133918 0.354276
1401 43893 43893 0 0
1402 155306 155613 0.436872 0.725051
1403 26392 26392 0 0
1404 166127 166515 0.0698953 0.481192
1405 134137 133334 0.306953 0.13177
1406 42501 43871 0.220989 0.0871895
1407 139291 139292 0.12691 0.194745
1408 14791 14792 0.121271 0.506407
1409 7256 7257 0.0273844 0.0163841
1410 18723 19016 0.402376 0.00532234
1411 1774 1775 0.758752 0.0440022
1412 18982 18982 0 0
1413 64973 64973 0 0
1414 74552 74129 0.21668 0.0476616
1415 1510 1575 0.561421 0.0205313
1416 140520 140371 0.920312 0.119209
1417 50795 47540 0.0116947 0.0586302
1418 142053 142050 0.0603084 0.160198
1419 16404 15605 0.0744999 0.891072
1420 67841 65549 0.168794 0.107207
1421 136997 136997 0 0
1422 158096 158096 0 0
1423 2368 2368 0 0
1424 70533 70532 0.12965 0.024637
1425 27626 17875 0.810016 0.141981
1426 145041 145038 0.00956818 0.0306861
1427 127052 127051 0.157551 0.00587098
1428 108600 108599 0.205448 0.952788
1429 151880 151461 0.573583 0.311524
1430 138275 138275 0 0
1431 77208 78080 0.0919095 0.00924825
1432 90278 96008 0.0174616 0.0985587
1433 67633 66109 0.054601 0.127444
1434 144640 144649 0.0431599 0.160853
1435 147125 147147 0.0962524 0.0454136
1436 93105 97464 0.0778736 0.00945797
1437 1182 1292 0.111332 0.911891
1438 64316 64316 0 0
1439 125512 125513 0.709868 0.209632
1440 161314 161317 0.399982 0.120209
1441 133562 133111 0.106143 0.170452
1442 99991 100594 0.0536787 0.158632
1443 150005 150005 0 0
1444 120866 120866 0 0
1445 92120 93378 0.0503329 0.186893
1446 56814 56808 0.37199 0.29789
1447 90947 90951 0.0977749 0.120305
1448 16756 16757 0.00790859 0.464419
1449 94166 94166 0 0
1450 21130 20082 0.113832 0.0139556
1451 136665 136662 0.0881714 0.340498
1452 32144 32144 0 0
1453 170147 170146 0.0151996 0.229476
1454 14835 14833 0.116881 0.0867295
1455 47603 47604 0.0513224 0.0482316
1456 136847 136847 0 0
1457 92332 98844 0.101286 0.0383968
1458 40523 39800 0.233573 0.01459
1459 158846 158844 0.104393 0.14436
1460 136988 136990 0.0418829 0.175388
1461 14484 14485 0.013069 0.0428475
1462 159176 159175 0.0197163 0.0509144
1463 19123 19123 0 0
1464 25285 25245 0.0701267 0.0589561
1465 125280 124644 0.0274561 0.0296282
1466 30229 30229 0 0
1467 109168 109381 0.0133663 0.577898
1468 148260 147782 0.175543 0.245377
1469 112524 112525 0.0467056 0.341791
1470 98730 98731 0.0186883 0.466577
1471 161815 161972 0.0765126 0.138124
1472 87541 87542 0.138258 0.0548946
1473 88367 88368 0.148836 0.35837
1474 151358 151356 0.0208704 0.71548
1475 130720 130720 0 0
1476 168691 168677 0.0751002 0.246143
1477 109905 109209 0.54936 0.559007
1478 75684 76729 0.781711 0.569623
1479 102936 102936 0 0
1480 13493 13493 0 0
1481 145311 144927 0.109424 0.743696
1482 7933 7250 0.29543 0.0539725
1483 14127 14121 0.161921 0.0758141
1484 62322 62321 0.0233668 0.0620543
1485 39338 39603 0.111947 0.0549171
1486 26478 25588 0.0121766 0.0745717
1487 50697 46769 0.102773 0.00885404
1488 2013 2068 0.1424 0.230568
1489 80227 82413 0.0131069 0.0632563
1490 103147 103147 0 0
1491 69292 69292 0 0
1492 2342 2343 0.022169 0.129442
1493 45915 46199 0.204039 0.0549835
1494 1555 1555 0 0
1495 112537 112428 0.204854 0.140333
1496 128525 128237 0.0108964 0.503121
1497 42470 42471 0.211484 0.0141946
1498 116285 116285 0 0
1499 147522 147686 0.769534 0.0999113