0 79729 83988 0.018966 0.0372151
1 97956 97952 0.0886541 0.00820579
2 94039 94041 0.00874383 0.0572888
3 46992 46758 0.0839985 0.00545293
4 87589 85520 0.0957956 0.0564974
5 125119 125118 0.200649 0.232364
6 90792 90792 0 0
7 60131 57440 0.00122674 0.548355
8 55583 55583 0 0
9 58011 58018 0.0846895 0.165761
10 27923 27674 0.126808 0.119844
11 80945 86615 0.147077 0.00512278
12 86064 79602 0.019044 0.10387
13 135430 135431 0.101869 0.0549283
14 124913 124910 0.0489478 0.1976
15 99178 99178 0 0
16 60253 60256 0.189971 0.182078
17 118010 118057 0.00295042 0.0164381
18 84741 84741 0 0
19 60488 60487 0.00643266 0.164068
20 87583 87584 0.171027 0.0889619
21 58445 58444 0.0221712 0.126253
22 116130 118020 0.0139835 0.18771
23 101213 101128 0.0633393 0.0939019
24 80692 81916 0.194905 0.00984356
25 58294 58296 0.0266117 0.0389569
26 90398 88902 0.156235 0.166775
27 86712 78561 0.0011405 0.268533
28 93654 93654 0 0
29 48845 48846 0.0373552 0.0475864
30 62782 62777 0.0453475 0.0616998
31 118188 118187 0.0407756 0.0362301
32 82237 80956 0.0834115 0.02134
33 57996 57996 0 0
34 114794 114792 0.0144141 0.00583383
35 86474 83562 0.14945 0.0335085
36 123324 123417 0.0315357 0.205054
37 55009 55009 0 0
38 15157 15157 0 0
39 90421 88974 0.415194 0.0431893
40 91814 91815 0.0715948 0.0934481
41 54978 54977 0.0618183 0.0349922
42 93516 93519 0.0268178 0.0419949
43 98382 98386 0.101443 0.0419876
44 63421 63420 0.0701142 0.0409473
45 63596 63597 0.0543105 0.0110155
46 78429 78429 0 0
47 92436 92440 0.0786945 0.075309
48 61197 54829 0.0144463 0.0193885
49 87474 87475 0.147168 0.0469519
50 47996 47996 0 0
51 55819 56616 0.329925 0.00490085
52 91815 91814 0.0934481 0.0715948
53 89002 88998 0.0361608 0.211798
54 86115 86116 0.0711332 0.042551
55 91820 91818 0.011405 0.111335
56 88989 89893 0.115428 0.0479901
57 98931 98935 0.0665231 0.0399671
58 91425 91425 0 0
59 59272 59273 0.0417884 0.0190366
60 80948 80948 0 0
61 89380 88828 0.120959 0.0642952
62 94445 94446 0.028421 0.0593655
63 80987 80987 0 0
64 55224 55224 0 0
65 124073 126501 0.0191375 0.0652108
66 69163 69164 0.0304334 0.245762
67 91591 91592 0.0448318 0.0480116
68 92922 92920 0.0919649 0.0274436
69 81015 81015 0 0
70 59343 59340 0.111654 0.0710102
71 119029 116130 0.0462146 0.0536543
72 63887 60437 0.037164 0.160245
73 93808 93810 0.0180137 0.0678409
74 61286 64058 0.0653887 0.0197687
75 62804 62800 0.00139252 0.0142312
76 80161 80160 0.142879 0.0339822
77 61387 61387 0 0
78 85133 85133 0 0
79 57338 54943 0.0545044 0.077187
80 83320 83322 0.011292 0.111873
81 48989 49097 0.115386 0.066527
82 94664 93516 0.0342645 0.0359395
83 89529 96282 0.149648 0.0586229
84 63449 64223 0.20769 0.185988
85 79349 79350 0.0163226 0.316609
86 59453 59458 0.0481478 0.0199186
87 89893 88989 0.0479901 0.115428
88 80490 82287 0.108484 0.0571178
89 89803 90151 0.0688496 0.0430165
90 90807 90808 0.0334547 0.0360874
91 51778 51779 0.0011405 0.0494509
92 91897 91897 0 0
93 65142 60632 0.0285105 0.15954
94 57947 61242 0.0610764 0.0593785
95 79913 88317 0.026781 0.052037
96 94692 94691 0.066568 0.0419796
97 87155 84781 0.0301252 0.0280413
98 58366 58364 0.00608267 0.0034215
99 45161 45162 0.127354 0.00613396
100 94262 94260 0.124204 0.0320006
101 59489 59491 0.0570369 0.0144439
102 33213 33214 0.0209091 0.124676
103 98391 98391 0 0
104 60433 60433 0 0
105 60437 63887 0.160245 0.037164
106 47944 52506 0.0929522 0.0288692
107 92920 92921 0.0339215 0.0517982
108 65110 65110 0 0
109 85519 85519 0 0
110 95847 95847 0 0
111 96589 96591 0.0598854 0.105632
112 80129 80128 0.0677774 0.101532
113 88604 88604 0 0
114 64993 64993 0 0
115 87345 81617 0.0871157 0.144609
116 88935 89893 0.129427 0.0471149
117 97755 97755 0 0
118 116864 115519 0.0448095 0.102039
119 60737 62808 0.0169138 0.002281
120 78585 78585 0 0
121 58011 58012 0.123772 0.0327049
122 58370 58370 0 0
123 35032 35031 0.0202386 0.0365902
124 88598 88606 0.203444 0.0133123
125 93516 94664 0.0229035 0.0473005
126 64441 64438 0.238971 0.00882137
127 70453 70454 0.0261757 0.227229
128 123467 123468 0.0845836 0.221358
129 89208 90801 0.143852 0.0842542
130 119440 119439 0.0281938 0.0520567
131 83059 86781 0.122523 0.142373
132 126422 126423 0.0930064 0.0451287
133 38328 38328 0 0
134 94205 94206 0.045475 0.0749697
135 94062 97013 0.0560271 0.0571566
136 80694 80694 0 0
137 62924 62926 0.0246966 0.0233414
138 93193 91534 0.0377285 0.0544925
139 81324 87308 0.0916622 0.0713243
140 91098 91098 0 0
141 69920 69918 0.0223769 0.0562548
142 88581 88582 0.103395 0.151764
143 30884 29467 0.0978595 0.0133571
144 91932 91932 0 0
145 93595 93595 0 0
146 91685 91687 0.0577425 0.118606
147 60495 58430 0.0831074 0.0658097
148 85078 85066 0.0585861 0.0361462
149 126245 124998 0.0011405 0.0769503
150 58531 58530 0.085256 0.0701604
151 121838 121838 0 0
152 60181 64785 0.0600174 0.0836039
153 69313 69310 0.0292342 0.137698
154 59400 59399 0.00601874 0.0386156
155 63940 63940 0 0
156 60711 55595 0.006843 0.0399575
157 93514 93514 0 0
158 123345 123642 0.0598314 0.188477
159 61554 61436 0.00253283 0.0647064
160 61555 61556 0.110293 0.00505458
161 98558 98558 0 0
162 93779 93780 0.0648507 0.175675
163 98937 98937 0 0
164 64988 60229 0.131798 0.0280253
165 97955 95429 0.00467665 0.153373
166 101738 101737 0.0316035 0.0267048
167 52836 52837 0.0115887 0.00988739
168 89242 89242 0 0
169 77397 77397 0 0
170 88900 89520 0.00261007 0.223753
171 57571 57571 0 0
172 85122 85124 0.0595532 0.049168
173 97681 97680 0.113912 0.0217052
174 51773 48864 0.0128539 0.139987
175 60151 60152 0.057912 0.0864318
176 89062 89047 0.113235 0.0189548
177 60263 60262 0.0643702 0.00704478
178 95912 95913 0.0040111 0.0189556
179 50648 50647 0.0156337 0.0186144
180 65026 63918 0.0884315 0.00537396
181 94143 93558 0.0772267 0.0248421
182 57369 57951 0.0468187 0.0262106
183 53109 52198 0.158982 0.0563735
184 88047 85068 0.0331568 0.074251
185 91424 91910 0.174346 0.00740342
186 84596 84597 0.116325 0.0106133
187 59400 59400 0 0
188 100001 100002 0.190117 0.0905989
189 68872 68372 0.0490007 0.0350026
190 79012 80257 0.0793381 0.0688187
191 58375 58376 0.0310636 0.165397
192 89054 89039 0.117091 0.002558
193 82298 82300 0.0760971 0.171986
194 57987 57987 0 0
195 88945 88946 0.0181882 0.0178123
196 89171 89171 0 0
197 55952 55951 0.119046 0.161049
198 58359 58357 0.0809942 0.190516
199 123835 121479 0.0395821 0.116458
200 86987 80619 0.17855 0.0257761
201 63938 63938 0 0
202 58375 58376 0.032695 0.163765
203 87742 87742 0 0
204 117139 115903 0.0386067 0.0282152
205 58334 58370 0.0766654 0.0724664
206 88582 88581 0.0233126 0.231847
207 65266 60186 0.0195214 0.002281
208 90269 90269 0 0
209 50514 50514 0 0
210 88952 88946 0.00546467 0.00945933
211 91351 91350 0.123468 0.148648
212 85520 85519 0.0105574 0.0380891
213 94229 94230 0.0178147 0.0804537
214 93082 93082 0 0
215 89634 90840 0.0871951 0.0757912
216 125876 125873 0.0457534 0.0431474
217 90808 94199 0.0361464 0.0163306
218 80617 84599 0.132945 0.154075
219 55997 55998 0.102198 0.00398418
220 95287 95287 0 0
221 80732 78489 0.13564 0.0455521
222 72658 72657 0.179269 0.00656737
223 51614 51615 0.0642807 0.0254979
224 100822 100824 0.203788 0.0300332
225 88998 89002 0.216462 0.031497
226 63420 63421 0.057039 0.0540225
227 89678 89148 0.0477011 0.146911
228 57742 57742 0 0
229 89777 89776 0.0135656 0.0598409
230 72773 69913 0.255593 0.108373
231 59489 59491 0.0558967 0.0155842
232 97419 92923 0.0301853 0.0369174
233 65062 64815 0.0268693 0.0464413
234 61721 61721 0 0
235 55204 55204 0 0
236 58337 58335 0.0552361 0.0630079
237 79228 80940 0.168949 0.0582593
238 60449 58003 0.126442 0.0683182
239 58756 58753 0.00796472 0.0174451
240 94439 94439 0 0
241 89551 93516 0.206825 0.0228572
242 89203 90801 0.109925 0.0483341
243 87052 87051 0.0365146 0.033915
244 79783 79784 0.0607329 0.168164
245 62781 62782 0.00439608 0.068808
246 62906 62906 0 0
247 96752 96752 0 0
248 64245 63524 0.00589604 0.115202
249 90892 90892 0 0
250 80744 80744 0 0
251 95437 95310 0.0581655 0.0176455
252 93782 89519 0.0548583 0.0290095
253 86197 86194 0.0994785 0.0474512
254 87939 86262 0.0877127 0.0629562
255 52478 51753 0.350272 0.0270308
256 97800 97800 0 0
257 78759 78758 0.0480494 0.0574566
258 86753 86754 0.0621205 0.0747156
259 90878 90867 0.242088 0.204788
260 91956 98198 0.122839 0.153759
261 64789 64790 0.0443604 0.0901568
262 47826 47827 0.0287278 0.0281677
263 83984 83980 0.00700467 0.0657632
264 118433 118439 0.0318654 0.0645453
265 91528 97156 0.0182065 0.0414551
266 89037 90425 0.408304 0.0594852
267 77188 77189 0.0526367 0.207889
268 69703 71804 0.0465558 0.112678
269 67820 67819 0.0928742 0.107864
270 89039 89054 0.002558 0.117091
271 98009 94407 0.0133952 0.114839
272 83609 84631 0.0754381 0.0239985
273 78923 88067 0.0618078 0.100293
274 98592 98590 0.149174 0.0977987
275 98294 98293 0.0779713 0.0527861
276 55471 55470 0.0289878 0.0364527
277 90312 90312 0 0
278 100824 100822 0.0931965 0.140624
279 119437 119437 0 0
280 89215 89219 0.0199689 0.0803271
281 94003 91170 0.11485 0.128989
282 81485 81486 0.215595 0.0244213
283 103725 103726 0.0423825 0.00583152
284 62593 59261 0.0585695 0.0129043
285 101659 101660 0.0423709 0.0570122
286 91856 91856 0 0
287 93291 93274 0.0796818 0.199902
288 67842 67842 0 0
289 88871 93823 0.177491 0.146255
290 95548 95548 0 0
291 91843 92171 0.0121891 0.048092
292 63928 56701 0.00821772 0.00611753
293 47893 47891 0.0817019 0.0366453
294 62821 62822 0.0700431 0.101032
295 114881 114882 0.00463162 0.142863
296 93780 93779 0.229645 0.0108806
297 126564 126565 0.11744 0.0485479
298 65115 65116 0.0116711 0.09448
299 96954 96955 0.0454219 0.0176382
300 90252 90252 0 0
301 59454 62606 0.0851425 0.0443477
302 63937 63937 0 0
303 65327 65327 0 0
304 62591 62592 0.190305 0.00745994
305 98829 95828 0.0453753 0.0746123
306 93513 88990 0.0228842 0.0761124
307 93596 97908 0.0840168 0.0307102
308 46344 46978 0.0746891 0.0128397
309 82236 88238 0.345248 0.119256
310 88080 88080 0 0
311 97431 97430 0.136738 0.01357
312 121859 121856 0.097993 0.0192885
313 96583 96584 0.0509571 0.116983
314 82731 87320 0.202248 0.0947829
315 93520 93520 0 0
316 88944 88943 0.170148 0.019392
317 91422 91422 0 0
318 99199 99200 0.336232 0.243853
319 58364 58366 0.0034215 0.00608267
320 82369 82372 0.0442858 0.148744
321 63887 60437 0.148529 0.0488799
322 65314 65131 0.04083 0.0804795
323 94058 94058 0 0
324 85259 87735 0.00933598 0.0373067
325 80167 84643 0.0572393 0.0151893
326 125699 125741 0.0116645 0.0104827
327 80826 80826 0 0
328 81581 81580 0.0386602 0.0456089
329 90807 90808 0.0362017 0.0333404
330 43008 43008 0 0
331 96209 91542 0.010439 0.266422
332 58666 58666 0 0
333 84951 84952 0.0179723 0.0426108
334 62705 62706 0.0522443 0.0273071
335 81830 87698 0.0542757 0.108738
336 88849 88850 0.0525983 0.194789
337 93935 93936 0.0615132 0.040443
338 130415 132696 0.348301 0.0706101
339 58793 58793 0 0
340 94672 94672 0 0
341 47959 53506 0.305257 0.102005
342 125457 126273 0.117927 0.18052
343 98285 98282 0.0885818 0.0812201
344 110939 110940 0.095674 0.0141131
345 120738 120739 0.0228832 0.00688305
346 91369 91373 0.0464991 0.0797104
347 100861 99620 0.0190541 0.0663951
348 52606 51598 0.0978711 0.0217893
349 62722 62720 0.00700881 0.103807
350 92342 92341 0.023642 0.0060201
351 58365 58374 0.0585457 0.0529212
352 61421 51077 0.0630193 0.0070001
353 83905 81738 0.0769196 0.0150308
354 115099 115098 0.408138 0.161819
355 54217 54218 0.0455216 0.0198645
356 88657 93093 0.0321883 0.128087
357 63937 63939 0.183333 0.0304351
358 53136 53136 0 0
359 98302 97791 0.00191638 0.0352637
360 60186 60188 0.0034215 0.0347159
361 93345 93346 0.209245 0.0349145
362 81102 83407 0.0347051 0.100709
363 90532 90519 0.368061 0.0570369
364 99196 99197 0.00398711 0.0106599
365 93558 93558 0 0
366 98914 98916 0.0723426 0.0885719
367 95001 95001 0 0
368 116864 115519 0.114697 0.0321513
369 65302 64097 0.0629451 0.0913932
370 80161 80160 0.168793 0.00806808
371 47335 49193 0.00995297 0.190035
372 82731 87320 0.228177 0.068854
373 87488 87487 0.0482243 0.13435
374 48826 48825 0.022278 0.0194768
375 45268 45268 0 0
376 92825 97399 0.0722694 0.0175496
377 75145 75144 0.0594386 0.0223696
378 97632 97632 0 0
379 60188 65266 0.00757827 0.0198924
380 63420 63421 0.0523558 0.0587058
381 55224 55758 0.0184828 0.189982
382 91669 91670 0.0316293 0.0161709
383 97306 90149 0.143369 0.00582039
384 122614 121264 0.04673 0.0549935
385 62756 62758 0.0546193 0.00494217
386 94003 91170 0.123294 0.120545
387 91021 91022 0.232256 0.00616018
388 95669 95669 0 0
389 98935 98930 0.0219772 0.042719
390 115841 118192 0.029046 0.150411
391 91736 91735 0.036208 0.0791361
392 98555 98558 0.152167 0.0498018
393 96748 97467 0.0343022 0.020358
394 153870 153846 0.019204 0.4974
395 98382 98386 0.0847845 0.0586461
396 91557 91557 0 0
397 47627 47627 0 0
398 89554 89554 0 0
399 63939 63937 0.0368946 0.176874
400 151701 151701 0 0
401 92978 88604 0.1608 0.061755
402 88598 88598 0 0
403 93580 93580 0 0
404 80602 87691 0.0478104 0.0653044
405 84782 78788 0.00277138 0.102483
406 83059 86781 0.0195532 0.245343
407 80695 84566 0.0106447 0.0682653
408 60614 55185 0.180842 0.138751
409 63939 63939 0 0
410 95878 95876 0.0776814 0.0452845
411 60148 58250 0.00760333 0.0448815
412 58393 58394 0.00743903 0.0510949
413 82039 82039 0 0
414 88444 88444 0 0
415 50735 50735 0 0
416 60123 58351 0.0583609 0.0415017
417 94425 94426 0.020167 0.0661315
418 58005 58005 0 0
419 78730 78732 0.00466256 0.205302
420 57166 57166 0 0
421 81923 81924 0.0829764 0.0350559
422 44244 44239 0.00641839 0.015189
423 94044 91919 0.0357586 0.0974611
424 95636 98734 0.0140106 0.0986323
425 88989 89893 0.152737 0.0106802
426 58359 58357 0.0268635 0.244647
427 80148 83618 0.0228397 0.0410745
428 58429 58431 0.0766501 0.0729109
429 142067 142067 0 0
430 62770 62770 0 0
431 95363 95363 0 0
432 92338 89965 0.0410662 0.0557131
433 80974 83595 0.222735 0.0263088
434 95842 95843 0.0186599 0.0499308
435 90097 89511 0.00351916 0.0326347
436 88404 93513 0.0279858 0.0804599
437 87009 87011 0.0210068 0.0494252
438 64087 64085 0.00699818 0.0569365
439 118061 118074 0.129505 0.029321
440 110939 110940 0.0949157 0.0148714
441 91778 93811 0.0827869 0.00300814
442 93776 93778 0.0145176 0.0515113
443 81871 81864 0.0571752 0.0396266
444 94118 98350 0.0443397 0.282345
445 58278 58279 0.0583009 0.0175985
446 47923 47921 0.0209768 0.0203404
447 62780 62783 0.0466838 0.102999
448 65133 62721 0.216488 0.00530774
449 97503 97504 0.0822483 0.0679617
450 93520 89830 0.0453661 0.0591302
451 65097 65097 0 0
452 78724 82730 0.0205621 0.0565276
453 64036 62439 0.115107 0.0478385
454 64120 64136 0.0451979 0.0350164
455 58084 57893 0.0475352 0.493384
456 87336 87336 0 0
457 60711 60710 0.0395698 0.00583353
458 59399 59400 0.0350007 0.00963363
459 98383 98385 0.0838313 0.0416526
460 122172 121884 0.0408471 0.0722753
461 92694 92693 0.0629661 0.0143747
462 66309 66309 0 0
463 60190 60190 0 0
464 115635 118925 0.0584014 0.0175329
465 101668 102317 0.0385463 0.0167008
466 64607 64607 0 0
467 61911 61913 0.081103 0.0361912
468 60495 58430 0.0550864 0.0938307
469 99118 99119 0.0655786 0.0142351
470 59589 63422 0.105342 0.0048191
471 94448 94447 0.0317679 0.043117
472 60275 55457 0.0690603 0.163854
473 80681 81261 0.0798396 0.0318808
474 125741 125699 0.0104827 0.0116645
475 122606 122606 0 0
476 84585 84587 0.0805865 0.057164
477 84560 81592 0.0289865 0.0258
478 100567 100568 0.192045 0.075221
479 85917 82655 0.0293983 0.057205
480 63887 60437 0.115285 0.0821234
481 82322 82322 0 0
482 61727 61731 0.0771224 0.00908193
483 61431 61554 0.0271613 0.00190083
484 91366 91366 0 0
485 80778 80780 0.0380265 0.415624
486 121322 121322 0 0
487 62698 62698 0 0
488 91103 91102 0.399938 0.101881
489 93336 93336 0 0
490 142066 142066 0 0
491 82188 82188 0 0
492 91969 92194 0.0441864 0.004562
493 86697 86698 0.0248204 0.0778271
494 58003 58003 0 0
495 123090 121348 0.0186377 0.159743
496 89849 89849 0 0
497 144678 144679 0.0955287 0.0425043
498 96886 96885 0.0130608 0.138969
499 93346 93349 0.0259901 0.00797218
500 71798 71794 0.0443714 0.0945795
501 94664 93516 0.039317 0.030887
502 87416 83909 0.0434703 0.0403167
503 100568 100003 0.0747621 0.204583
504 60728 60728 0 0
505 79901 79901 0 0
506 90399 90399 0 0
507 81131 81050 0.0786801 0.0893577
508 86160 86097 0.00869219 0.0204041
509 37157 37503 0.0255472 0.0170315
510 85651 85650 0.0274325 0.0293859
511 59634 59634 0 0
512 87359 85651 0.0139902 0.0543996
513 81827 84758 0.0537966 0.0907717
514 63887 60437 0.114525 0.0828838
515 87423 87424 0.0516694 0.0531378
516 58605 58606 0.0790489 0.0258616
517 62705 62706 0.0179059 0.0616456
518 142070 142068 0.132267 0.147908
519 85210 82798 0.049532 0.0665864
520 92932 92927 0.0479599 0.0351907
521 91030 91030 0 0
522 93517 93518 0.0886154 0.02216
523 142042 142042 0 0
524 116706 116706 0 0
525 118437 118437 0 0
526 81062 80084 0.0443225 0.0664607
527 81805 81804 0.0227253 0.0300332
528 60632 65142 0.143807 0.0442432
529 88411 94333 0.00602539 0.214673
530 92537 92538 0.0496697 0.0824877
531 79579 79579 0 0
532 97503 97504 0.0751641 0.075046
533 93253 93252 0.0188198 0.0665986
534 58394 58394 0 0
535 91236 96309 0.151972 0.0254978
536 85397 85395 0.0620093 0.0486862
537 93242 93241 0.0432934 0.035847
538 78925 78924 0.0827169 0.223194
539 94032 94032 0 0
540 80926 80950 0.0793289 0.0314122
541 81121 81121 0 0
542 58012 58011 0.137762 0.0187156
543 60724 60724 0 0
544 88952 93935 0.0126219 0.0124894
545 83358 78493 0.08994 0.136765
546 95264 95264 0 0
547 89022 89022 0 0
548 83059 86783 0.0327315 0.0846108
549 97788 94725 0.0326652 0.066481
550 90651 99264 0.0322433 0.161175
551 86539 87130 0.0446644 0.0836607
552 52156 52156 0 0
553 64814 64813 0.0338819 0.0437002
554 151397 151738 0.0448597 0.0350174
555 93093 88657 0.128087 0.0321883
556 93778 93776 0.00434132 0.0616875
557 99002 99003 0.220668 0.0349724
558 64789 64790 0.124731 0.00978625
559 97430 97431 0.01357 0.136738
560 45220 45220 0 0
561 82502 82503 0.033814 0.091129
562 89368 89368 0 0
563 88606 88606 0 0
564 81526 81526 0 0
565 62724 62725 0.0102645 0.13029
566 88940 88939 0.0256671 0.0479766
567 99178 99179 0.0412217 0.0486705
568 65252 65253 0.0795649 0.032947
569 91964 92164 0.0466569 0.00566998
570 84749 84747 0.0301235 0.164244
571 52136 53297 0.0327539 0.0285553
572 96988 89302 0.1062 0.063118
573 83212 80133 0.194391 0.0102645
574 95616 95616 0 0
575 99123 88598 0.017477 0.149141
576 83595 80974 0.00874383 0.2403
577 55843 55843 0 0
578 62725 62724 0.13029 0.0102645
579 79602 86064 0.0351912 0.0877228
580 81507 81508 0.0171603 0.145747
581 90753 90754 0.111939 0.0632627
582 62722 62723 0.0746261 0.0767718
583 63946 63947 0.00687436 0.0365837
584 87861 87866 0.0105946 0.0677874
585 53854 53855 0.0315538 0.095873
586 59841 59842 0.00290569 0.0121057
587 91102 91103 0.141481 0.360338
588 93516 89551 0.175778 0.0539048
589 50647 50647 0 0
590 94680 94682 0.0852705 0.0997352
591 85517 85518 0.0801444 0.0624494
592 95613 95614 0.070122 0.0500492
593 97644 97643 0.0477959 0.0665078
594 91204 91204 0 0
595 60626 60629 0.0688425 0.0820108
596 121415 120675 0.0372705 0.163062
597 89776 89776 0 0
598 86385 86382 0.006843 0.0658881
599 121610 121392 0.161444 0.0293955
600 81916 80692 0.00259547 0.202153
601 95558 95557 0.0329168 0.0534597
602 61436 61554 0.0634796 0.00375961
603 94668 97757 0.0118351 0.0316946
604 87424 87425 0.0696669 0.0412869
605 124380 124921 0.00739028 0.0936588
606 119157 119156 0.0506061 0.0326614
607 65310 65312 0.0388579 0.0177985
608 126426 124327 0.649124 0.515313
609 117371 84196 0.267273 0.105973
610 85155 85167 0.0227483 0.0454685
611 91878 90995 0.0996974 0.0134493
612 61421 61342 0.0527844 0.0141985
613 89022 89021 0.00816189 0.362914
614 60539 60540 0.00657352 0.141302
615 123818 123817 0.0555531 0.239921
616 124763 124766 0.0562647 0.0585457
617 68656 67798 0.19376 0.249702
618 62724 62724 0 0
619 79078 79078 0 0
620 90442 90441 0.0642587 0.0771825
621 82108 82106 0.0345309 0.140504
622 93300 93300 0 0
623 93778 93776 0.0106068 0.055422
624 51438 51438 0 0
625 116047 117662 0.0363002 0.0572213
626 92994 92995 0.0025615 0.0506184
627 63594 63598 0.159294 0.006843
628 94208 94728 0.0587876 0.00291261
629 95879 95879 0 0
630 65200 65201 0.195246 0.0217009
631 60027 59492 0.063111 0.0165963
632 118074 118061 0.029321 0.129505
633 86617 86617 0 0
634 92287 92286 0.0723799 0.0809034
635 61670 61669 0.131433 0.0076664
636 55339 55339 0 0
637 96763 96764 0.0760529 0.044345
638 95855 97777 0.0189263 0.0332492
639 56559 56558 0.00978636 0.0034215
640 81333 81384 0.00789487 0.0953519
641 98558 98555 0.0498018 0.152167
642 88611 90080 0.0389223 0.0174811
643 81089 81089 0 0
644 58429 58431 0.0799433 0.0696177
645 58333 58332 0.0261159 0.0420635
646 60181 64785 0.062471 0.0811502
647 94118 94119 0.00802528 0.0324455
648 97430 97430 0 0
649 50712 54527 0.0261719 0.0258391
650 93594 93595 0.0805137 0.00233595
651 81785 81783 0.0666088 0.0129257
652 90110 90110 0 0
653 91529 92252 0.0266761 0.0152299
654 80076 81593 0.0277625 0.0456442
655 91103 91102 0.431453 0.0703654
656 91427 91427 0 0
657 64091 64902 0.00470875 0.0859233
658 97654 95504 0.018855 0.0258834
659 87859 81001 0.0468132 0.0540681
660 122594 122594 0 0
661 80459 80460 0.0414545 0.0765418
662 83899 82485 0.00859755 0.0479812
663 87863 87864 0.131514 0.0732745
664 98273 98756 0.0136087 0.0114823
665 88775 89381 0.08371 0.0779505
666 126423 126422 0.0451287 0.0930064
667 84518 51057 0.0453752 0.0455226
668 95893 95895 0.00525003 0.010475
669 48149 48149 0 0
670 93801 91758 0.109047 0.090997
671 144074 144074 0 0
672 87712 87712 0 0
673 98391 94170 0.0256608 0.00466466
674 41496 41493 0.0128366 0.0151829
675 91922 91918 0.0380345 0.117689
676 58594 58595 0.0270949 0.0234026
677 79903 79954 0.0254712 0.0438603
678 54867 56583 0.0282014 0.145001
679 93955 93954 0.0314898 0.0778936
680 55056 58806 0.0239789 0.19211
681 84246 84246 0 0
682 98555 98555 0 0
683 46908 46908 0 0
684 47563 51444 0.0734867 0.0187086
685 90108 94680 0.0354583 0.0217127
686 97438 97436 0.00507765 0.092443
687 60181 64785 0.076082 0.0675393
688 123249 123247 0.0361087 0.080506
689 122446 122446 0 0
690 84785 84785 0 0
691 93096 94219 0.0418467 0.0261067
692 49635 48234 0.433766 0.411371
693 86025 86024 0.055856 0.0257677
694 60734 60734 0 0
695 55446 55445 0.143484 0.0618254
696 60420 60420 0 0
697 138613 137546 0.0560645 0.0954908
698 81810 81811 0.189677 0.0385763
699 93245 93246 0.106351 0.015146
700 81819 81819 0 0
701 59463 64091 0.0128529 0.108476
702 95253 95253 0 0
703 50672 50673 0.0867154 0.00808553
704 99003 99004 0.0402022 0.183958
705 87070 87072 0.0306971 0.0304234
706 28676 30361 0.0174633 0.00963621
707 119158 119158 0 0
708 92825 97399 0.0571143 0.0327047
709 38472 38472 0 0
710 59484 59483 0.0105856 0.00763252
711 83756 83756 0 0
712 91367 91371 0.0505756 0.124369
713 93936 93935 0.076423 0.0255331
714 60728 60729 0.0609296 0.03383
715 99232 99231 0.0589783 0.0656356
716 92609 92609 0 0
717 89002 90422 0.00357959 0.461859
718 48908 48908 0 0
719 58323 58323 0 0
720 60123 58351 0.0630879 0.0367747
721 79495 79495 0 0
722 98009 94407 0.0235505 0.104684
723 80150 80150 0 0
724 88943 88944 0.019392 0.170148
725 92976 92976 0 0
726 80311 86645 0.123067 0.0201746
727 64905 63860 0.022929 0.123581
728 80338 88310 0.00602432 0.515105
729 92975 92975 0 0
730 80681 81261 0.0679802 0.0437401
731 88611 88611 0 0
732 80912 80913 0.0058203 0.0487664
733 65120 65120 0 0
734 59575 59575 0 0
735 80164 87491 0.122502 0.113685
736 55187 55378 0.0254712 0.0783143
737 60159 60158 0.047118 0.13632
738 94409 98009 0.0159482 0.00556526
739 84785 81839 0.0167302 0.0034215
740 58429 58431 0.0818598 0.0677011
741 93292 88474 0.222045 0.0177495
742 91934 91933 0.099999 0.133918
743 68257 68256 0.0695326 0.0884206
744 58330 58328 0.0256622 0.0886568
745 94698 94699 0.0407793 0.0132311
746 87904 87904 0 0
747 58445 58444 0.0582741 0.09015
748 90080 88611 0.0174811 0.0389223
749 62686 64112 0.0714224 0.015635
750 58892 58890 0.0395373 0.146154
751 88762 88754 0.0661762 0.00596609
752 88990 93513 0.0788964 0.0201002
753 99003 99002 0.22932 0.0263203
754 57469 57469 0 0
755 121397 120648 0.0547661 0.106093
756 89002 90422 0.0199257 0.445513
757 62589 60262 0.057973 0.0440757
758 123642 123345 0.0500947 0.198214
759 81989 81960 0.031205 0.0624973
760 49057 49057 0 0
761 63946 63947 0.0358655 0.00759253
762 91570 91569 0.00796871 0.20037
763 97147 97149 0.0112312 0.057264
764 80628 80627 0.0347232 0.042612
765 93681 95638 0.145067 0.0425952
766 52506 47944 0.0288692 0.0929522
767 118245 120124 0.00685893 0.0639121
768 90999 90999 0 0
769 115703 117491 0.120121 0.121931
770 53559 54007 0.322262 0.115271
771 63887 60437 0.114905 0.0825036
772 80581 80588 0.0359064 0.103558
773 125030 125029 0.0644338 0.124112
774 92010 92003 0.0263661 0.0576512
775 48102 48107 0.0260776 0.176824
776 51340 51341 0.066742 0.0186282
777 82454 82453 0.124761 0.0819161
778 91423 91421 0.102302 0.0782447
779 58003 60449 0.0769031 0.117857
780 91672 91672 0 0
781 59621 59621 0 0
782 92689 92689 0 0
783 88943 88937 0.0100598 0.160063
784 91707 91705 0.0972749 0.0182879
785 58012 58011 0.0327049 0.123772
786 48085 48086 0.0467813 0.372035
787 116869 118646 0.0308081 0.0386806
788 86324 86323 0.00362142 0.0352327
789 91102 91103 0.075187 0.426632
790 95331 99208 0.143703 0.0539998
791 54830 65361 0.0621015 0.0548179
792 94871 94870 0.00844453 0.148222
793 52471 52471 0 0
794 42340 42340 0 0
795 47604 47603 0.0272329 0.0723211
796 61328 61331 0.00380167 0.0870086
797 46766 46766 0 0
798 101460 101460 0 0
799 92974 88598 0.0547626 0.0174797
800 58004 62634 0.00904971 0.0491952
801 48444 48443 0.0102645 0.0726355
802 14762 14762 0 0
803 93935 93936 0.044796 0.0571602
804 141691 141691 0 0
805 124273 124273 0 0
806 68378 68377 0.257402 0.103785
807 65090 65091 0.0701686 0.00472696
808 46146 52830 0.0416764 0.0473735
809 123642 123345 0.109509 0.138799
810 93011 93012 0.0667472 0.0249179
811 46756 46756 0 0
812 98449 98451 0.113253 0.134407
813 57981 57981 0 0
814 62723 62722 0.00828226 0.143116
815 95641 95641 0 0
816 81597 81594 0.0447745 0.0636801
817 93105 97464 0.0783403 0.0089912
818 74691 74691 0 0
819 64257 55171 0.147517 0.0737616
820 63887 60437 0.168255 0.0291533
821 56586 56587 0.111228 0.0032575
822 89310 90431 0.275284 0.199403
823 97006 98235 0.0038143 0.103174
824 88610 88610 0 0
825 59582 59582 0 0
826 96967 96967 0 0
827 91707 91705 0.081011 0.0345519
828 81804 81805 0.0345952 0.0181633
829 65137 65137 0 0
830 79726 85288 0.0336007 0.0832535
831 60253 55072 0.0243307 0.143295
832 93522 93523 0.151958 0.00587918
833 61191 61190 0.0560235 0.0341738
834 55718 64975 0.0781775 0.0326718
835 119105 119103 0.102992 0.179066
836 65361 54830 0.0548179 0.0621015
837 55757 55756 0.0131954 0.0396781
838 96245 96241 0.0283788 0.202322
839 118483 118482 0.10028 0.0338554
840 80127 80127 0 0
841 93092 96757 0.0229551 0.0208792
842 64097 65302 0.0186978 0.135641
843 81704 81703 0.15548 0.00536912
844 88989 88989 0 0
845 62735 62732 0.0087095 0.0532791
846 58429 58431 0.0830003 0.0665606
847 93811 91778 0.0256271 0.060168
848 91103 91102 0.224776 0.277042
849 98383 98385 0.112954 0.0125303
850 94045 91922 0.0278145 0.0353042
851 89756 89755 0.0240892 0.0220515
852 84748 84746 0.196832 0.0232252
853 89310 90431 0.229796 0.244891
854 89521 93991 0.0702882 0.131056
855 28848 28850 0.100115 0.0364152
856 153871 153989 0.201906 0.0665414
857 58322 58322 0 0
858 62644 64075 0.0125455 0.0775901
859 88310 80338 0.515105 0.0060243
860 81518 81516 0.0162989 0.0123543
861 81088 81089 0.0174877 0.0744989
862 59262 59263 0.12664 0.039653
863 95255 95254 0.00936133 0.0326652
864 97956 97952 0.0924664 0.0043935
865 92864 92861 0.32157 0.108643
866 93640 93641 0.0848489 0.0431666
867 81881 78765 0.0291824 0.0374662
868 86842 83803 0.0469604 0.197286
869 83321 83698 0.0175478 0.0758402
870 62825 62825 0 0
871 51011 51011 0 0
872 118061 118074 0.123474 0.035352
873 125508 124269 0.445771 0.354982
874 58758 60277 0.0979468 0.0670528
875 85306 85306 0 0
876 48164 48164 0 0
877 79227 81474 0.0235536 0.157245
878 98127 95019 0.0251181 0.0813929
879 97443 97444 0.0315232 0.0206987
880 97877 97877 0 0
881 86970 86968 0.140972 0.0959923
882 81614 81613 0.0691694 0.0894085
883 119622 119622 0 0
884 81971 82374 0.00367805 0.0844167
885 47658 47674 0.0070102 0.173259
886 83457 83458 0.00380167 0.00418183
887 57111 64788 0.0502496 0.129839
888 48752 48753 0.0832407 0.0333903
889 91895 91896 0.174766 0.101046
890 96964 89344 0.0969351 0.127131
891 81381 81381 0 0
892 87464 87464 0 0
893 96673 96674 0.0859255 0.137812
894 80458 80458 0 0
895 84651 84647 0.114085 0.134897
896 60459 60461 0.0308111 0.0385658
897 99138 99138 0 0
898 90292 90294 0.156785 0.121438
899 65027 65027 0 0
900 90704 91935 0.021226 0.0992878
901 81485 81486 0.212854 0.0271628
902 35433 35436 0.034588 0.00418178
903 60489 60488 0.0625386 0.0254942
904 90537 91672 0.421235 0.0121653
905 62902 62901 0.0681352 0.0188929
906 84761 86532 0.0329262 0.0184125
907 94970 94970 0 0
908 79425 79078 0.126479 0.0266324
909 88741 88743 0.0698139 0.00116578
910 54559 54559 0 0
911 97090 97090 0 0
912 93611 93609 0.00515835 0.0140275
913 52833 52833 0 0
914 81486 81486 0 0
915 98228 98228 0 0
916 93251 93250 0.0163472 0.0498137
917 52431 52430 0.0587336 0.0105712
918 89511 89511 0 0
919 91069 91068 0.00722946 0.105635
920 81486 81485 0.179406 0.0606107
921 48018 50523 0.0866654 0.00349898
922 58331 58333 0.0584048 0.0346936
923 86042 86043 0.0529523 0.194849
924 83638 83637 0.0575195 0.0131431
925 89067 89067 0 0
926 52548 48500 0.0279949 0.057469
927 85066 85078 0.0804916 0.0142407
928 87750 87750 0 0
929 81526 81524 0.0317465 0.00699393
930 115903 117139 0.0282152 0.0386067
931 59259 55432 0.249666 0.100323
932 81824 84760 0.0235114 0.0315865
933 96670 96670 0 0
934 97951 97955 0.094414 0.0331824
935 88604 92978 0.061755 0.1608
936 64076 62667 0.156227 0.0781092
937 89830 94672 0.00212446 0.0267682
938 93811 91778 0.00300815 0.082787
939 121337 121337 0 0
940 92102 93619 0.0416122 0.201247
941 114898 115344 0.455487 0.229111
942 93012 93011 0.0199092 0.0717559
943 62684 62684 0 0
944 90113 90115 0.143539 0.134069
945 97956 97952 0.0872627 0.00959719
946 64793 64793 0 0
947 47946 47946 0 0
948 51057 48909 0.0556603 0.0167948
949 92206 92206 0 0
950 91905 92161 0.147194 0.043417
951 116693 116695 0.0860818 0.0112137
952 84518 51387 0.0193617 0.0361846
953 97685 97685 0 0
954 88944 88943 0.15839 0.0311501
955 87587 87586 0.0579009 0.0926129
956 88528 93522 0.0494217 0.0512797
957 48040 52660 0.0367965 0.0101836
958 97211 98073 0.134156 0.0315764
959 88937 88943 0.155327 0.0147965
960 88937 88943 0.0991645 0.0709587
961 92154 92154 0 0
962 91529 91530 0.0467605 0.0195324
963 60143 55342 0.0825118 0.0574011
964 85445 85444 0.132869 0.0912203
965 93195 96224 0.0185242 0.392457
966 94170 95914 0.127304 0.05597
967 47985 47987 0.0650702 0.00325733
968 45164 45164 0 0
969 84622 82039 0.103696 0.0186384
970 83628 83628 0 0
971 46035 46035 0 0
972 54563 54563 0 0
973 83262 83261 0.0613648 0.119484
974 81524 81525 0.0627011 0.0609402
975 121263 121347 0.0128132 0.166171
976 81586 81584 0.116891 0.0428962
977 37926 37926 0 0
978 62777 62781 0.0923506 0.0899882
979 54997 55199 0.0756353 0.0935131
980 90424 89022 0.220503 0.247222
981 88225 88225 0 0
982 81005 84592 0.0233585 0.10355
983 90801 89203 0.0984143 0.0598449
984 95914 95914 0 0
985 94903 94908 0.267922 0.0625527
986 60185 58260 0.00470876 0.0281935
987 65312 65310 0.0203951 0.0362612
988 96557 96558 0.002281 0.129836
989 87518 87788 0.0548857 0.0194894
990 65107 65107 0 0
991 122116 121820 0.0867501 0.101011
992 99215 99216 0.117815 0.182734
993 91639 96602 0.101116 0.0565867
994 99068 99068 0 0
995 93344 94153 0.00190083 0.0350529
996 92340 98102 0.0600663 0.00391142
997 90110 88531 0.00626025 0.0864354
998 138425 138425 0 0
999 93347 97821 0.016794 0.0097348
1000 81838 84785 0.144111 0.0178097
1001 98493 97396 0.0118427 0.157231
1002 119627 119626 0.182242 0.0817885
1003 59483 59485 0.0684735 0.00414112
1004 115935 115936 0.0516196 0.0543929
1005 98988 96930 0.12093 0.00608267
1006 82726 82727 0.159904 0.00349765
1007 58760 58759 0.113368 0.127475
1008 93955 93955 0 0
1009 65266 60186 0.0183809 0.0034215
1010 58394 62716 0.104108 0.0443261
1011 91672 90537 0.0121653 0.421235
1012 95553 95552 0.0240711 0.0352591
1013 81090 81089 0.00291207 0.0121653
1014 94785 122594 0.0505622 0.0772236
1015 56649 56638 0.172447 0.147605
1016 95859 95859 0 0
1017 79602 79602 0 0
1018 95254 95254 0 0
1019 65269 65268 0.00392835 0.129415
1020 51947 51948 0.169456 0.0283642
1021 62645 62645 0 0
1022 84785 84786 0.00290531 0.0285979
1023 90316 92339 0.0446166 0.0189673
1024 93250 93249 0.0604549 0.118516
1025 83851 83852 0.0339758 0.182968
1026 93105 97464 0.0541222 0.0332093
1027 57364 57364 0 0
1028 89729 89729 0 0
1029 98752 93533 0.0754553 0.0307425
1030 54581 54581 0 0
1031 81596 81593 0.0186632 0.0690154
1032 82819 82819 0 0
1033 64182 64180 0.0288352 0.10597
1034 57057 57110 0.219188 0.136603
1035 95914 94170 0.138191 0.0450836
1036 58359 58357 0.0235703 0.24794
1037 65142 60632 0.0236023 0.164448
1038 55411 54990 0.0372746 0.101547
1039 65071 65070 0.18207 0.040383
1040 94091 97025 0.0555485 0.0112764
1041 58677 63830 0.0707652 0.182716
1042 91706 91707 0.135359 0.0580763
1043 82105 83551 0.0377372 0.077032
1044 98381 98381 0 0
1045 91626 96581 0.0311104 0.124518
1046 60111 60111 0 0
1047 86394 86394 0 0
1048 95949 95948 0.0206747 0.00909894
1049 91794 91794 0 0
1050 90580 90580 0 0
1051 84235 86761 0.0697669 0.00871489
1052 86043 86042 0.198681 0.0491207
1053 61740 61740 0 0
1054 54597 54599 0.083712 0.22648
1055 152755 152454 0.0362244 0.00380167
1056 84599 80617 0.148199 0.13882
1057 88974 88974 0 0
1058 60210 60210 0 0
1059 93661 93665 0.0274166 0.111988
1060 81001 87859 0.0540681 0.0468132
1061 44014 44017 0.100574 0.067656
1062 88940 88939 0.0560142 0.0176295
1063 87455 80959 0.149582 0.0179664
1064 91925 91925 0 0
1065 59468 59468 0 0
1066 56554 56554 0 0
1067 80714 80716 0.0418183 0.029311
1068 80326 80417 0.0198231 0.127033
1069 86373 78704 0.100757 0.0424785
1070 64112 62686 0.015635 0.0714224
1071 63887 60437 0.115917 0.0814914
1072 121667 121669 0.263768 0.0174724
1073 117562 115990 0.0496314 0.0851377
1074 54170 54170 0 0
1075 89242 89243 0.0116932 0.1155
1076 54662 54662 0 0
1077 80590 81692 0.0821282 0.0213254
1078 81811 81998 0.183154 0.0193837
1079 58429 58429 0 0
1080 94289 97486 0.0959148 0.0446736
1081 83157 83157 0 0
1082 61734 63969 0.201387 0.0505663
1083 95669 95673 0.0221302 0.0370708
1084 91814 91815 0.0755932 0.0894497
1085 91963 91963 0 0
1086 65310 65312 0.0362612 0.0203951
1087 89678 89148 0.0268209 0.167791
1088 120431 120430 0.0592351 0.0374903
1089 93779 93780 0.142562 0.0979636
1090 121343 121343 0 0
1091 99178 99179 0.0181984 0.0716939
1092 80938 84586 0.02215 0.0616403
1093 99009 95332 0.0244954 0.0991545
1094 122670 120657 0.0475351 0.237744
1095 47631 47624 0.0946982 0.00940359
1096 58694 60535 0.033475 0.0406942
1097 83671 83671 0 0
1098 70263 70263 0 0
1099 82101 82102 0.181495 0.0768995
1100 58756 58756 0 0
1101 58389 58390 0.104115 0.0508593
1102 88051 88050 0.0877554 0.0382098
1103 131388 130766 0.283898 0.396829
1104 55278 58510 0.0585922 0.0167622
1105 83733 83373 0.102652 0.0372563
1106 57981 57982 0.0684135 0.124772
1107 86752 86752 0 0
1108 97765 97765 0 0
1109 98344 98344 0 0
1110 97767 91926 0.0723085 0.0758063
1111 55037 55037 0 0
1112 92075 92075 0 0
1113 90808 90807 0.0360874 0.0334547
1114 59616 59616 0 0
1115 87522 87522 0 0
1116 98989 98989 0 0
1117 95254 95255 0.0326652 0.00936133
1118 117625 117625 0 0
1119 125701 125741 0.554531 0.122898
1120 63446 63446 0 0
1121 78563 78563 0 0
1122 123089 123089 0 0
1123 60186 60186 0 0
1124 95564 95563 0.0233272 0.0233272
1125 58330 58328 0.0244957 0.0898232
1126 93954 88946 0.0525406 0.0960119
1127 84081 84082 0.0489721 0.126625
1128 33172 33172 0 0
1129 94170 94169 0.00233255 0.130636
1130 50666 50666 0 0
1131 88998 89002 0.188398 0.0595606
1132 65065 65063 0.136882 0.0363572
1133 90519 90532 0.0570369 0.368061
1134 93954 93955 0.062731 0.0466524
1135 58357 58357 0 0
1136 89551 93516 0.190098 0.0395845
1137 91706 91707 0.139312 0.0541234
1138 64857 64857 0 0
1139 15733 15730 0.0482565 0.0780082
1140 124396 124465 0.0419841 0.344483
1141 79063 78405 0.071056 0.094255
1142 63858 63858 0 0
1143 157955 157939 0.064451 0.028064
1144 58393 58394 0.0376248 0.0209092
1145 93588 93588 0 0
1146 97765 94649 0.025837 0.147553
1147 81930 85241 0.180553 0.0518359
1148 50515 50514 0.0621064 0.0106447
1149 62684 65264 0.0305587 0.282149
1150 95494 95493 0.0585197 0.0360695
1151 95174 94918 0.108408 0.00933979
1152 43066 43067 0.110971 0.0508783
1153 90883 90697 0.123869 0.00927918
1154 62722 62722 0 0
1155 99164 99164 0 0
1156 90840 89634 0.0757923 0.087194
1157 87702 87707 0.0274988 0.0389115
1158 83333 83331 0.125039 0.0399675
1159 84786 84785 0.0285979 0.0029053
1160 91906 91900 0.0385476 0.0625255
1161 88582 88581 0.151764 0.103395
1162 95613 95796 0.063129 0.148423
1163 58295 58294 0.0276711 0.0434832
1164 85386 85387 0.0470436 0.0613254
1165 81581 81580 0.0128418 0.0714272
1166 86066 87919 0.148664 0.0296999
1167 84618 84619 0.0424534 0.0291429
1168 65293 65293 0 0
1169 58429 58431 0.042059 0.107502
1170 93955 93954 0.0466524 0.062731
1171 80246 80149 0.490801 0.167554
1172 87082 87083 0.0375717 0.0081473
1173 28709 28710 0.0219581 0.0395467
1174 91025 91023 0.309554 0.103983
1175 91559 91559 0 0
1176 83642 83641 0.148062 0.0470624
1177 98594 98595 0.0836526 0.0772164
1178 79790 79790 0 0
1179 91806 91805 0.156223 0.00325726
1180 69897 72532 0.0723677 0.292074
1181 92246 92247 0.0792744 0.0744276
1182 118966 118967 0.00687171 0.0556301
1183 116003 116003 0 0
1184 95255 95255 0 0
1185 90808 90807 0.0516742 0.0178678
1186 87859 81001 0.0792373 0.021644
1187 142042 142393 0.246275 0.168937
1188 81699 81700 0.020529 0.0896229
1189 96938 89642 0.0925846 0.14435
1190 91570 91569 0.151298 0.057041
1191 93017 93015 0.0193829 0.0241968
1192 121845 121846 0.154776 0.101566
1193 62722 62720 0.00349925 0.107316
1194 44017 44014 0.067656 0.100574
1195 120245 120245 0 0
1196 48025 48024 0.0270925 0.117013
1197 84889 84889 0 0
1198 80320 80321 0.0256767 0.0221396
1199 58291 58286 0.0599874 0.0206877
1200 163955 164018 0.31414 0.165139
1201 72404 72404 0 0
1202 96288 96286 0.00266117 0.0544787
1203 96255 96256 0.0784309 0.0871991
1204 46627 45950 0.0396871 0.504717
1205 47612 47611 0.095106 0.0935529
1206 88302 88303 0.0852413 0.0712104
1207 95255 95254 0.00236338 0.0396632
1208 90557 89968 0.0372904 0.114264
1209 99196 99197 0.00856433 0.00608267
1210 64779 51011 0.0466593 0.048993
1211 88826 88779 0.070711 0.083645
1212 64224 63447 0.0566009 0.155916
1213 86532 84761 0.0184125 0.0329262
1214 57987 65100 0.00656724 0.167881
1215 65319 65319 0 0
1216 81816 81244 0.0604112 0.0965716
1217 80150 81125 0.00703135 0.212292
1218 51671 49078 0.0894156 0.0817582
1219 64289 61967 0.17388 0.0280396
1220 118051 118005 0.0757178 0.0640734
1221 57741 57741 0 0
1222 81810 81811 0.0464407 0.181813
1223 90710 90710 0 0
1224 60683 64254 0.123779 0.0517158
1225 83459 83459 0 0
1226 80150 81125 0.00935112 0.209972
1227 120179 114706 0.0980738 0.444086
1228 58376 59924 0.0981138 0.009124
1229 101066 68102 0.0619795 0.0666439
1230 151729 151655 0.115991 0.105677
1231 96144 96144 0 0
1232 64075 62644 0.0775901 0.0125455
1233 53231 53232 0.0921727 0.0309232
1234 95656 94235 0.0475331 0.163225
1235 57111 55350 0.0836133 0.0186618
1236 123170 123169 0.0820928 0.111894
1237 69913 72773 0.225205 0.138761
1238 95669 95673 0.0155549 0.0436461
1239 98839 98839 0 0
1240 84740 84742 0.0338036 0.0231486
1241 60266 60265 0.0334547 0.0700773
1242 92627 92628 0.0402467 0.0283202
1243 91420 98679 0.0312112 0.021368
1244 95840 95840 0 0
1245 96387 96387 0 0
1246 124504 124515 0.0166099 0.0394952
1247 63420 63421 0.0409473 0.0701142
1248 64892 62667 0.0622687 0.0476762
1249 65310 65312 0.0378925 0.0187638
1250 97908 93596 0.0307102 0.0840168
1251 80830 80830 0 0
1252 62989 62990 0.116161 0.0413074
1253 96309 96309 0 0
1254 155767 155294 0.0495272 0.399102
1255 93051 93051 0 0
1256 93524 88529 0.0460566 0.0888847
1257 98123 98337 0.039179 0.0209875
1258 52889 52888 0.0780049 0.0326923
1259 120738 120739 0.0204325 0.00933371
1260 54281 54278 0.0186647 0.054203
1261 54322 54322 0 0
1262 87460 81532 0.0216576 0.0353861
1263 123365 120858 0.066398 0.0431062
1264 91751 88946 0.194117 0.199944
1265 59398 59396 0.538444 0.173023
1266 89002 88998 0.04204 0.205919
1267 88846 88844 0.187811 0.0897872
1268 122594 94785 0.0254978 0.102288
1269 137582 137581 0.053236 0.0155741
1270 51797 51797 0 0
1271 58003 60449 0.0727213 0.122039
1272 124273 125791 0.0571407 0.0448133
1273 58335 58337 0.0707075 0.0475365
1274 91525 98130 0.33855 0.302736
1275 54098 54097 0.0238403 0.110712
1276 153871 153989 0.254043 0.0144044
1277 62773 62773 0 0
1278 80513 80465 0.00373535 0.0392565
1279 53506 47959 0.102005 0.305257
1280 84597 84596 0.0102645 0.116674
1281 50672 50673 0.0817029 0.013098
1282 123325 123325 0 0
1283 82924 82925 0.0186582 0.0574179
1284 122854 120640 0.045185 0.116572
1285 58429 58431 0.0574257 0.0921353
1286 82885 82884 0.0162043 0.0753782
1287 48884 48884 0 0
1288 57111 55350 0.0526214 0.0496537
1289 93516 93519 0.044318 0.0244947
1290 83210 83213 0.004562 0.00494217
1291 98924 98917 0.0304974 0.136671
1292 98914 98916 0.0697813 0.0911332
1293 95260 61234 0.00191643 0.0113872
1294 92914 96581 0.262716 0.0813167
1295 63946 63946 0 0
1296 98274 95847 0.0343342 0.002281
1297 61896 61897 0.00842966 0.128634
1298 89002 88998 0.0314969 0.216462
1299 58375 58376 0.039457 0.157003
1300 94682 94682 0 0
1301 95547 95548 0.0583404 0.011989
1302 64091 64902 0.00544864 0.0851834
1303 89682 98653 0.147291 0.00941731
1304 62901 62902 0.0212272 0.0658008
1305 83631 83088 0.205469 0.0498779
1306 88219 78438 0.21165 0.0207892
1307 81556 84593 0.10198 0.0656849
1308 95889 95888 0.0773875 0.210887
1309 98073 97211 0.0151195 0.150613
1310 92492 92492 0 0
1311 61722 61723 0.0265408 0.00988517
1312 90424 89022 0.444393 0.0233321
1313 84740 84742 0.0422618 0.0146904
1314 88799 88799 0 0
1315 115341 115343 0.182379 0.690307
1316 92481 92480 0.00701676 0.0510966
1317 47550 47551 0.077677 0.07577
1318 150712 150701 0.0580573 0.0027733
1319 82885 82884 0.00936321 0.0822193
1320 90862 90858 0.00516396 0.0856908
1321 52825 52825 0 0
1322 46773 46773 0 0
1323 57863 57432 0.0380902 0.107478
1324 63887 60437 0.0657979 0.131611
1325 58848 58848 0 0
1326 81001 87859 0.021644 0.0792374
1327 59826 57436 0.00290557 0.0217456
1328 94683 94683 0 0
1329 87475 87474 0.0393338 0.154786
1330 58595 58594 0.0221751 0.0283224
1331 61926 61925 0.255144 0.0373294
1332 37647 37647 0 0
1333 62490 55568 0.162887 0.0090839
1334 70143 70142 0.331011 0.0459598
1335 80193 80194 0.0097705 0.130922
1336 98383 98385 0.0866159 0.038868
1337 89002 88998 0.0548812 0.193078
1338 55340 55340 0 0
1339 65062 64815 0.0312854 0.0420252
1340 56126 57859 0.0289868 0.0777321
1341 120739 120738 0.00933372 0.0204325
1342 157988 157199 0.0174436 0.0453404
1343 91349 91349 0 0
1344 82630 82631 0.00472627 0.0134151
1345 87254 87255 0.00466417 0.0780471
1346 92288 92289 0.0735582 0.0595012
1347 58760 58759 0.111737 0.129106
1348 79838 80483 0.268328 0.5863
1349 88990 93513 0.0761124 0.0228842
1350 80478 80478 0 0
1351 87153 84780 0.0500571 0.011663
1352 83775 83775 0 0
1353 92021 92020 0.0560807 0.0595758
1354 91058 91059 0.215571 0.086221
1355 58672 58672 0 0
1356 94198 88941 0.0499507 0.088959
1357 60450 62714 0.0517423 0.0498173
1358 60522 60522 0 0
1359 58347 58347 0 0
1360 89376 88880 0.130736 0.0940748
1361 91608 96704 0.0376224 0.0876262
1362 79148 79148 0 0
1363 96759 96761 0.109591 0.0649993
1364 50733 50732 0.0681034 0.0223733
1365 98842 91643 0.0176174 0.0166293
1366 89778 89779 0.0229644 0.0146467
1367 98869 98869 0 0
1368 90397 88877 0.113119 0.367283
1369 58394 58393 0.0527019 0.00583206
1370 99123 99123 0 0
1371 62720 62722 0.107316 0.00349906
1372 94208 94728 0.0601796 0.00152067
1373 99067 99068 0.134696 0.0771892
1374 96162 96163 0.0582725 0.0800811
1375 142785 142034 0.0180181 0.0518299
1376 65132 65132 0 0
1377 64867 64867 0 0
1378 132519 132519 0 0
1379 93355 93356 0.051797 0.038633
1380 93516 89551 0.0631549 0.166527
1381 94631 89037 0.0536878 0.263774
1382 96090 96091 0.0154538 0.127557
1383 98386 98382 0.0543047 0.0891259
1384 98558 98555 0.0574906 0.144478
1385 89173 91495 0.0685194 0.243723
1386 89002 88998 0.0233263 0.224633
1387 100576 100576 0 0
1388 95646 95651 0.0166705 0.0259571
1389 97386 97386 0 0
1390 47554 47554 0 0
1391 81050 81131 0.0893577 0.0786801
1392 94829 94828 0.0304448 0.0403145
1393 118061 118074 0.144712 0.0141143
1394 52548 48500 0.0291613 0.0563025
1395 91904 94028 0.0667729 0.0233489
1396 93516 89551 0.086345 0.143337
1397 98620 98622 0.148357 0.00463511
1398 90851 90851 0 0
1399 96930 96931 0.0269918 0.0292052
1400 47959 53506 0.356199 0.0510624
1401 93954 88946 0.114281 0.0342717
1402 91924 97767 0.0520959 0.0532361
1403 89283 89280 0.0467264 0.0585556
1404 120987 123571 0.0402989 0.0744807
1405 80262 80396 0.00467199 0.0833736
1406 80164 87491 0.122882 0.113305
1407 124725 124726 0.107745 0.0485308
1408 37869 38213 0.18679 0.108776
1409 88990 93513 0.0843576 0.014639
1410 91931 91931 0 0
1411 90149 97298 0.110657 0.0353125
1412 94045 91922 0.00849517 0.0546236
1413 59454 65094 0.0116899 0.0081431
1414 126562 126563 0.0133518 0.0413886
1415 58275 58274 0.0130726 0.0203962
1416 88611 90080 0.00278254 0.0536209
1417 67803 67804 0.188253 0.0140662
1418 92162 91981 0.00594664 0.0749877
1419 88937 88943 0.153097 0.0170265
1420 92041 92040 0.016537 0.0295544
1421 64226 64227 0.0361613 0.134653
1422 92378 92375 0.0787559 0.0460253
1423 91193 91193 0 0
1424 120247 120247 0 0
1425 94170 95914 0.123883 0.0593915
1426 88401 88473 0.104166 0.029296
1427 47335 49193 0.0336092 0.166379
1428 120232 120232 0 0
1429 95875 95875 0 0
1430 93516 89551 0.0395845 0.190098
1431 58327 59262 0.0266973 0.0879569
1432 90639 92077 0.0859577 0.0960978
1433 122422 121308 0.147005 0.215323
1434 62609 62609 0 0
1435 93001 92998 0.0146361 0.0335302
1436 87032 87034 0.007783 0.0625993
1437 81020 81019 0.101225 0.0280623
1438 92677 92678 0.012819 0.13403
1439 42349 42349 0 0
1440 88853 88853 0 0
1441 83059 86781 0.0796777 0.185218
1442 83727 86170 0.207031 0.0433716
1443 94016 91942 0.126424 0.00840876
1444 57950 57953 0.0671582 0.251007
1445 65306 65308 0.0271548 0.102102
1446 98608 98609 0.0669443 0.124489
1447 61754 61754 0 0
1448 60159 60158 0.1443 0.0391388
1449 33327 34393 0.219292 0.0794048
1450 62722 62723 0.103303 0.0480952
1451 95306 61197 0.0164919 0.0117852
1452 94223 94224 0.049288 0.0513234
1453 58755 58753 0.071932 0.0123115
1454 58429 58431 0.0446201 0.104941
1455 88300 88300 0 0
1456 80965 80314 0.00290523 0.128879
1457 94057 94056 0.0822918 0.135052
1458 85078 85066 0.0142407 0.0804916
1459 95547 95550 0.0753667 0.0540354
1460 46732 46732 0 0
1461 88443 88444 0.12901 0.083389
1462 87498 86770 0.177951 0.0335882
1463 96622 96622 0 0
1464 81088 81090 0.0279979 0.0109693
1465 52888 52889 0.0326923 0.0780049
1466 59484 59485 0.0658102 0.0208757
1467 65316 65315 0.00583184 0.0606512
1468 89208 90801 0.111489 0.116617
1469 55365 55339 0.124852 0.0167273
1470 93610 93606 0.00898649 0.00988555
1471 65090 65088 0.0331496 0.036291
1472 58748 55072 0.0377514 0.0784523
1473 91933 91933 0 0
1474 86060 83596 0.00769212 0.155669
1475 54805 54805 0 0
1476 94118 94119 0.0220976 0.0183733
1477 48167 48168 0.0437161 0.00700079
1478 89687 94056 0.0552364 0.0469488
1479 98064 98064 0 0
1480 94952 94953 0.1856 0.079869
1481 26906 26900 0.0502643 0.0452398
1482 87140 87140 0 0
1483 90813 90813 0 0
1484 64862 64862 0 0
1485 67881 67881 0 0
1486 96673 96674 0.143837 0.0799008
1487 51802 51802 0 0
1488 96028 63890 0.0909007 0.0962576
1489 84566 80694 0.0076639 0.0724158
1490 89074 90803 0.097861 0.126941
1491 57752 57752 0 0
1492 58375 58376 0.171398 0.0250622
1493 88998 89002 0.117419 0.13054
1494 62799 62798 0.0467117 0.0501972
1495 48910 48909 0.1081 0.00556909
1496 89551 93516 0.143337 0.086345
1497 95561 95561 0 0
1498 98026 94420 0.025091 0.0258646
1499 93675 93676 0.0176973 0.0102208