0 141029 141095 0.0626118 0.382606 116.061 40.1943
1 87669 87670 0.00603249 0.0781647 116.283 39.918
2 155792 155792 0 0 116.69 40.3928
3 1510 1575 0.561421 0.0205313 115.904 39.59
4 139625 139628 0.229624 0.138854 116.756 40.1381
5 77310 77309 0.364721 0.0513413 116.231 39.9313
6 130038 130038 0 0 116.154 40.1319
7 151593 151776 0.0687022 0.107462 116.642 40.3017
8 162526 162560 0.219283 0.0520102 116.996 40.5656
9 144318 144318 0 0 116.281 40.2087
10 90748 90711 0.00353792 0.0117453 116.45 39.9557
11 14834 14835 0.0473343 0.142717 116.107 39.6877
12 151850 151850 0 0 116.661 40.3223
13 19016 18723 0.00532233 0.402376 116.463 39.7292
14 7275 7274 0.097433 0.0316439 116.018 39.5941
15 57450 57437 0.0252546 0.606096 116.421 39.9003
16 74814 74551 0.0400366 0.0920824 116.119 39.959
17 12585 12801 0.232659 0.402474 116.784 39.597
18 108528 4049 0.104766 0.356317 115.807 40.0031
19 136428 136429 0.0171075 0.301547 116.528 40.0982
20 14650 14649 0.121361 0.13355 116.118 39.7302
21 10030 10029 0.521658 0.0819853 116.415 39.6505
22 75728 75923 0.0174845 0.305604 116.208 39.9738
23 157332 157812 0.0642245 0.0203629 116.757 40.3363
24 16243 16243 0 0 116.211 39.7046
25 108600 108599 0.205448 0.952788 115.902 40.0365
26 151243 151243 0 0 116.586 40.2885
27 15208 15208 0 0 116.154 39.7478
28 43148 43147 0.0752965 0.189274 116.245 39.908
29 26663 26663 0 0 116.165 39.7646
30 143419 143265 0.0319224 0.221086 116.239 40.1812
31 118699 85737 0.118965 0.0568771 116.361 40.0009
32 153136 153477 0.0151577 0.316997 116.798 40.2774
33 18709 18709 0 0 116.438 39.7219
34 147172 147172 0 0 116.645 40.2374
35 47540 50795 0.0586302 0.0116947 116.374 39.8775
36 9696 9894 0.0305727 0.395412 116.416 39.6167
37 141224 141222 0.170556 0.345937 116.071 40.1772
38 17751 17751 0 0 116.357 39.722
39 74588 74321 0.0889139 0.073033 116.102 39.954
40 52548 52548 0 0 116.292 39.9079
41 76525 76525 0 0 116.197 39.9287
42 8251 8246 0.0457949 0.39365 116.137 39.6065
43 7261 7591 0.0959922 0.515197 116.116 39.6143
44 23168 23179 0.0531408 0.0360013 116.853 39.7449
45 1173 1655 0.178207 0.641174 115.985 39.6264
46 3620 3619 0.0622018 0.754669 115.689 39.8486
47 125705 125946 0.219854 0.132098 116.579 40.0345
48 8700 8431 0.304694 0.502545 116.201 39.6107
49 14141 14140 0.0612958 0.0324734 116.023 39.7068
50 121964 122672 0.299554 0.101105 116.417 40.0242
51 36639 35742 0.0454479 0.0404191 116.569 39.8101
52 27573 17860 0.521409 0.147046 116.345 39.7529
53 109269 109269 0 0 115.907 40.3889
54 151406 151404 0.0166207 0.0104223 116.637 40.3089
55 184 184 0 0 115.83 39.5537
56 20623 20055 0.00802972 0.0611989 116.56 39.7513
57 10351 10353 0.221407 0.175752 116.591 39.6546
58 56090 64424 0.126941 0.0480299 116.463 39.8567
59 135236 135237 0.0513925 0.0967249 116.617 40.155
60 44230 44229 0.150927 0.0618918 116.236 39.9051
61 147272 147273 0.043198 0.156936 116.646 40.2376
62 146418 146264 0.132419 0.148611 116.562 40.191
63 161551 161550 0.165941 0.176929 116.101 40.5546
64 34765 34764 0.0102645 0.157619 116.455 39.8184
65 146099 147038 0.61995 0.190756 116.602 40.2069
66 115292 115292 0 0 116.333 40.0506
67 168175 168212 0.165567 0.664153 117.149 40.4126
68 148320 147949 0.533463 0.0957999 116.676 40.2124
69 29645 29643 0.0607958 0.0318398 116.342 39.7587
70 12585 12570 0.351334 0.200289 116.785 39.5935
71 147801 147801 0 0 116.721 40.1712
72 170285 170285 0 0 116.893 40.739
73 144640 144641 0.187886 0.116075 116.323 40.1738
74 66963 69254 0.0672569 0.00821011 116.625 39.9058
75 116006 116011 0.0227899 0.027737 116.311 40.0649
76 130420 130418 0.0794632 0.101612 116.244 40.1208
77 74419 74420 0.35807 0.446158 116.041 39.9886
78 69320 69322 0.00351956 0.0164387 116.538 39.9156
79 75389 75385 0.348066 0.198395 116.151 39.9216
80 36666 36665 0.252347 0.12564 116.571 39.7636
81 63148 63148 0 0 116.477 39.855
82 66810 66806 0.0434532 0.235372 116.589 39.8934
83 73080 73083 0.765049 0.0105063 116.807 39.8548
84 159337 159338 0.147162 0.178732 116.065 40.4228
85 14121 14127 0.0982363 0.139499 116.012 39.7037
86 127594 127595 0.294773 0.156422 116.653 40.0548
87 95491 95491 0 0 116.45 39.9558
88 26920 26918 0.454688 0.0750564 116.179 39.8039
89 7716 7716 0 0 116.032 39.6093
90 8016 8015 0.327611 0.0904852 116.093 39.6015
91 15169 16515 0.0442457 0.0840941 116.134 39.743
92 124216 124215 0.195365 0.100541 116.576 40.0643
93 143601 143601 0 0 116.35 40.22
94 18172 18174 0.0406209 0.0436656 116.349 39.7222
95 99722 99721 0.0351233 0.161226 116.543 39.9413
96 76242 76243 0.073449 0.0103486 116.208 39.9806
97 74138 74098 0.113041 0.101772 116.108 39.9428
98 34924 34924 0 0 116.419 39.7872
99 146992 146998 0.284704 0.1568 116.555 40.2096
100 20082 21132 0.00628014 0.122667 116.593 39.6843
101 13405 13404 0.102555 0.125176 116.782 39.5996
102 16670 18010 0.140958 0.12605 116.29 39.6967
103 103813 103814 0.0151651 0.156346 116.639 39.9195
104 169818 169818 0 0 116.352 40.6942
105 124287 124340 0.90041 0.220749 116.557 40.0781
106 102525 102525 0 0 116.528 39.9409
107 121059 121241 0.0349864 0.224122 116.482 40.0138
108 166114 166114 0 0 117.129 40.1067
109 110204 109439 0.0893466 0.658288 115.897 40.3585
110 133146 133146 0 0 116.408 40.1629
111 143305 143307 0.0672318 0.115667 116.129 40.234
112 130420 130418 0.0913954 0.0896796 116.245 40.1218
113 118950 119034 0.0140572 0.124537 116.304 40.035
114 28463 28463 0 0 116.361 39.7933
115 152574 152574 0 0 116.663 40.3215
116 154031 154037 0.122553 0.00865413 116.084 40.3889
117 126611 126834 0.070683 0.334486 116.691 40.0059
118 142253 142253 0 0 116.192 40.1686
119 68717 68717 0 0 116.608 39.909
120 166394 166610 0.134405 0.0152175 117.049 40.2099
121 15891 15894 0.00677591 0.106536 116.151 39.7157
122 24889 24441 0.337138 0.211151 116.037 39.7657
123 124333 124332 0.0965891 0.0535469 116.531 40.039
124 16 16 0 0 115.707 39.5785
125 36060 36061 0.303353 0.10942 116.518 39.8262
126 156885 156884 0.0344473 0.122852 116.788 40.3431
127 69184 69185 0.0390291 0.105593 116.527 39.8505
128 135128 135129 0.049457 0.257888 116.596 40.0877
129 158096 158096 0 0 116.845 40.3602
130 13862 13866 0.0879152 0.187274 116.07 39.6754
131 117527 117526 0.267039 0.0331379 116.339 40.0587
132 34663 34663 0 0 116.379 39.7716
133 25485 25101 0.0640219 0.0619766 116.172 39.8072
134 59589 55321 0.0922035 0.183222 116.459 39.8824
135 275 207 0.197857 0.158382 115.862 39.5643
136 4050 4050 0 0 115.795 39.9948
137 141733 141732 0.0592782 0.0385649 116.231 40.2001
138 47604 47603 0.0272329 0.0723211 116.304 39.9132
139 83348 83348 0 0 116.331 39.967
140 43307 43825 0.00512488 0.0465675 116.203 39.8459
141 14764 14765 0.308702 0.0855145 116.1 39.72
142 46981 46980 0.0216812 0.123046 116.35 39.8775
143 99353 99352 0.107899 0.0105258 116.557 39.9711
144 42147 42147 0 0 116.245 39.89
145 42508 42508 0 0 116.209 39.8397
146 141563 141563 0 0 116.167 40.2337
147 44452 44452 0 0 116.231 39.8703
148 1374 1374 0 0 115.959 39.6035
149 26392 26392 0 0 116.205 39.7638
150 114738 114630 0.114125 0.204427 116.339 40.0464
151 134093 134093 0 0 116.409 40.1344
152 90953 90953 0 0 116.498 39.9607
153 165320 165322 0.0281985 0.154378 117.114 40.0992
154 167765 167668 0.121597 0.402931 117.051 40.2739
155 112966 113201 0.399356 0.0504752 116.184 40.0437
156 85403 85399 0.0831362 0.068809 116.344 39.927
157 24932 25691 0.0224374 0.0456998 116.209 39.8216
158 135703 136642 0.0459192 0.0685562 116.621 40.1178
159 54648 54649 0.0449986 0.0872432 116.274 39.8873
160 97262 97262 0 0 116.429 39.9886
161 8896 9200 0.114104 0.152693 116.328 39.6064
162 25946 25411 0.134032 0.232433 116.148 39.8079
163 20796 20797 0.0879598 0.111506 116.5 39.7364
164 29276 27507 0.121633 0.04485 116.348 39.7992
165 109204 109205 0.081707 0.0980948 115.972 40.3633
166 135113 135113 0 0 116.562 40.1086
167 73052 73450 0.102934 0.0726907 116.76 39.8479
168 112524 112525 0.0467056 0.341791 115.944 40.5195
169 90652 89799 0.182984 0.119436 116.387 39.9329
170 42507 25832 0.147694 0.732376 116.209 39.8389
171 151408 151408 0 0 116.641 40.288
172 10727 10728 0.10597 0.238828 116.621 39.6223
173 20223 20143 0.0250068 0.0918934 116.529 39.7431
174 151358 151356 0.0208704 0.71548 116.717 40.3287
175 104605 104605 0 0 116.767 39.9364
176 164015 164959 0.0559006 0.0456852 117.096 40.1356
177 13801 13800 0.147503 0.116707 116.016 39.6953
178 150005 150005 0 0 116.197 40.2959
179 141002 141003 0.024104 0.0291692 116.118 40.2276
180 19397 19397 0 0 116.423 39.7217
181 103508 103462 0.245409 0.0391538 116.637 39.9186
182 43603 42595 0.110942 0.0234503 116.247 39.8968
183 154031 154034 0.0232626 0.00956119 116.084 40.3869
184 70399 70401 0.0898707 0.112618 116.648 39.8802
185 42718 42718 0 0 116.19 39.8588
186 136835 136834 0.175279 0.149572 116.634 40.1388
187 27423 30416 0.574549 0.0163489 116.322 39.83
188 151382 151381 0.139174 0.365587 116.726 40.3289
189 3201 3137 0.826975 0.151191 115.995 39.7918
190 168450 168395 0.258855 0.0375352 117.012 40.4426
191 42470 42471 0.211484 0.0141946 116.226 39.8473
192 74098 74138 0.166519 0.0482943 116.108 39.9431
193 151591 151592 0.0730418 0.103931 116.642 40.3017
194 112537 112428 0.204854 0.140333 115.963 40.5208
195 14764 14765 0.0679607 0.326255 116.095 39.7218
196 3209 3182 0.307377 0.0187743 115.966 39.7597
197 17041 17040 0.104358 0.199297 116.326 39.6821
198 72297 72298 0.0955386 0.0576263 116.727 39.8624
199 36249 36251 0.0805587 0.0753603 116.535 39.8239
200 147686 147522 0.0999114 0.769534 116.714 40.1709
201 43421 43419 0.031934 0.0440993 116.247 39.864
202 75058 75056 0.189836 0.0473174 116.094 39.9952
203 156066 157126 0.0168957 0.127541 116.858 40.3724
204 151507 151507 0 0 116.645 40.3291
205 88684 89361 0.293645 0.0268505 116.468 39.9615
206 14583 14581 0.236483 0.0703074 116.106 39.7222
207 120133 120132 0.0430938 0.156709 116.326 40.0526
208 47338 46354 0.201776 0.226007 116.347 39.8571
209 88368 88367 0.35837 0.148836 116.466 39.9725
210 136869 136869 0 0 116.653 40.1176
211 54625 54625 0 0 116.31 39.8888
212 35137 35138 0.546678 0.257116 116.464 39.8131
213 162595 162661 0.0372563 0.298522 116.969 40.5636
214 34349 33197 0.0768279 0.223208 116.462 39.7927
215 127602 127597 0.113215 0.34467 116.654 40.0549
216 95569 97683 0.0776496 0.0609776 116.454 39.9488
217 127051 127052 0.00587098 0.157551 116.638 40.0349
218 79353 79353 0 0 116.274 39.9708
219 161972 161815 0.138124 0.0765126 116.153 40.5259
220 52228 52228 0 0 116.34 39.8687
221 40959 40960 0.110596 0.241185 116.893 39.8128
222 145122 145361 0.256845 0.13367 116.471 40.1762
223 137507 136842 0.0588912 0.123343 116.641 40.122
224 102733 102730 0.480797 0.32037 116.735 39.9285
225 70747 70748 0.0712553 0.0696297 116.68 39.8755
226 4049 4050 0.785284 0.021335 115.795 39.9948
227 134888 135766 0.592285 0.256724 116.607 40.1442
228 85491 85490 0.105742 0.0760797 116.272 39.9475
229 18723 18723 0 0 116.463 39.7279
230 14833 14835 0.0867295 0.116881 116.107 39.6891
231 80727 82057 0.115437 0.0698402 116.291 39.9749
232 80321 83622 0.0047812 0.0114791 116.333 39.9908
233 111818 111818 0 0 115.967 40.4503
234 52007 52008 0.0091984 0.232946 116.347 39.8431
235 77347 77843 0.0727724 0.139743 116.252 39.9478
236 113807 112952 0.00878185 0.0125205 116.205 40.0407
237 23486 23471 0.0836694 0.126487 116.822 39.7078
238 104609 104593 0.137272 0.0241108 116.769 39.9361
239 27626 17875 0.810016 0.141981 116.344 39.75
240 75912 75901 0.11679 0.0838029 116.16 39.9277
241 136698 136699 0.0383954 0.293304 116.641 40.1633
242 36249 36251 0.09839 0.057529 116.535 39.8238
243 115454 115455 0.128682 0.210923 116.318 40.0495
244 124211 124172 0.0387564 0.104781 116.565 40.0028
245 101646 101172 0.162717 0.0285363 116.502 39.9366
246 47746 46894 0.0128719 0.157185 116.275 39.8816
247 98453 98453 0 0 116.377 39.9765
248 70532 70533 0.024637 0.12965 116.69 39.9163
249 17909 17909 0 0 116.326 39.6651
250 161314 161317 0.399982 0.120209 116.079 40.5283
251 130656 130655 0.23765 0.732727 116.269 40.1287
252 39037 39023 1.05283 0.355909 116.688 39.7577
253 134859 134870 0.0484953 0.158719 116.548 40.1474
254 123772 123516 0.239807 0.0507999 116.461 40.0405
255 75630 76277 0.113218 0.0294744 116.217 39.9686
256 139516 139517 0.0277765 0.0916214 116.8 40.0983
257 150000 150198 0.488713 0.324404 116.151 40.3294
258 50725 52666 0.0203086 0.0225545 116.325 39.8866
259 1555 1555 0 0 115.959 39.6035
260 23277 23276 0.0825637 0.0844624 116.82 39.6755
261 152984 152985 0.118927 0.19917 116.646 40.2964
262 42804 42159 0.00163176 0.226768 116.168 39.8769
263 114851 114787 0.0291424 0.133989 116.273 40.0045
264 104609 104593 0.121625 0.039758 116.769 39.9364
265 138750 138747 0.0510968 0.276136 116.629 40.1634
266 14840 14839 0.155807 0.00669672 116.101 39.6768
267 32139 32139 0 0 116.478 39.7888
268 156737 156738 0.00544687 0.0267642 116.858 40.3975
269 108538 108538 0 0 115.78 40
270 122783 122782 0.0837185 0.00701298 116.47 40.0851
271 2248 2112 0.299945 0.00929379 115.969 39.7211
272 42764 44262 0.130399 0.14858 116.245 39.8971
273 73352 73031 0.161826 0.125523 116.767 39.8826
274 35356 33091 0.028035 0.0283629 116.453 39.8221
275 138234 138234 0 0 116.726 40.1228
276 75700 75608 0.63483 0.00977118 116.222 39.9547
277 77247 77246 0.103741 0.0597721 116.209 39.958
278 15299 15300 0.0171184 0.0971271 116.154 39.723
279 46959 46960 0.0333419 0.0213216 116.366 39.8557
280 66425 66422 0.0315798 0.0492207 116.548 39.8876
281 112886 112979 0.0338472 0.0757099 116.18 40.0419
282 113188 113188 0 0 116.25 40.0602
283 99287 100393 0.153122 0.0709852 116.532 39.9659
284 147080 147081 0.0734965 0.135359 116.723 40.1768
285 55194 63416 0.0595946 0.0777138 116.457 39.8665
286 16800 16799 0.571676 0.129447 116.345 39.7421
287 126420 126401 0.00488897 0.0776022 116.621 40.0494
288 90648 91009 0.0340663 0.101485 116.49 39.9518
289 124412 124419 0.0159954 0.0118075 116.552 40.03
290 114836 114836 0 0 116.314 40.0222
291 116285 116285 0 0 116.323 40.0764
292 7827 7825 0.104709 0.112368 116.122 39.6471
293 74828 74128 0.218405 0.225746 116.118 39.9636
294 111946 111946 0 0 115.983 40.427
295 130645 130696 0.0264697 0.10256 116.281 40.1131
296 100257 100256 0.0755548 0.233089 116.578 39.9198
297 13526 13525 0.301581 0.648019 116.095 39.7218
298 25752 25751 0.0729738 0.0752089 116.196 39.8069
299 138230 136765 0.0251373 0.0444455 116.7 40.1256
300 161815 161968 0.0839264 0.226953 116.156 40.5275
301 17043 17040 0.0743821 0.0293972 116.327 39.6832
302 34804 34802 0.0943103 0.059352 116.452 39.7958
303 10283 10284 0.0178287 0.533691 116.469 39.6455
304 2016 2302 0.0607954 0.0918195 115.925 39.6765
305 71373 72677 0.265522 0.0418865 116.713 39.8473
306 166826 166915 0.946084 0.0778592 117.188 40.1685
307 41326 41296 0.271367 0.0431789 116.119 39.8452
308 142719 143030 0.0484288 0.752785 116.212 40.2441
309 163980 163979 0.502095 0.0156722 117.114 40.1176
310 1977 2047 0.105871 0.0133607 115.959 39.7372
311 15228 16263 0.0946829 0.151981 116.221 39.7022
312 167087 166815 0.53206 0.188649 117.243 40.176
313 133034 133275 0.194091 0.101792 116.397 40.098
314 127471 126701 0.44058 0.308989 116.667 40.0537
315 39853 39852 0.11964 0.0992672 116.78 39.8306
316 163856 163856 0 0 117.009 40.067
317 1840 1841 0.815979 0.311356 115.639 39.7464
318 147147 147125 0.0214153 0.120251 116.732 40.2057
319 20951 20954 0.173548 0.294481 116.506 39.6794
320 134864 134864 0 0 116.553 40.1444
321 134978 135581 0.647751 0.0562297 116.569 40.1459
322 147746 148205 0.66614 0.0108899 116.713 40.1784
323 165230 165226 0.293667 0.608566 117.073 40.0881
324 136978 136978 0 0 116.727 40.1343
325 156082 156322 0.358117 0.00152069 116.8 40.3569
326 156171 156170 0.0570481 0.252787 116.831 40.3365
327 167085 167085 0 0 117.242 40.1756
328 43022 43022 0 0 116.215 39.9034
329 25398 25627 0.0818608 0.252914 116.232 39.7686
330 27522 27522 0 0 116.347 39.7595
331 167087 166815 0.448168 0.272541 117.247 40.1768
332 72045 72045 0 0 116.739 39.9054
333 141749 141467 0.676049 0.434956 116.209 40.1932
334 101803 101804 0.0211772 0.0544126 116.543 39.9199
335 102278 102279 0.0539488 0.130933 116.505 39.9543
336 76993 76995 0.114333 0.0244758 116.222 39.9729
337 83844 84344 0.0461716 0.15037 116.258 39.9247
338 154672 154666 0.0569287 0.132606 116.595 40.3639
339 111945 111843 0.0437259 0.0463803 115.987 40.4368
340 156884 156885 0.122852 0.0344473 116.788 40.3431
341 168716 168669 0.742516 0.105902 117.102 40.5219
342 145311 144927 0.224296 0.628824 116.463 40.2503
343 148465 148465 0 0 116.775 40.2448
344 56808 56814 0.297972 0.371909 116.489 39.872
345 14093 14725 0.0347572 0.143922 116.054 39.7211
346 151516 151515 0.153643 0.163852 116.646 40.314
347 52284 48267 0.063178 0.0118057 116.365 39.8641
348 156062 157770 0.0802776 0.0133562 116.87 40.377
349 136916 136936 0.0643487 0.0635304 116.658 40.0966
350 137157 136696 0.24552 0.0282748 116.682 40.1321
351 61930 61929 0.0827261 0.0368716 116.425 39.8654
352 145577 145577 0 0 116.49 40.1753
353 1292 1182 0.911891 0.111332 115.932 39.6365
354 114502 115338 0.0568801 0.0867779 116.338 40.0467
355 118219 118219 0 0 116.308 40.0797
356 75684 76729 0.781711 0.569623 116.238 39.9977
357 62737 62737 0 0 116.474 39.9085
358 7256 7257 0.0273844 0.0163841 116.076 39.6473
359 9235 16881 0.090891 0.575978 116.323 39.667
360 39874 39923 0.30521 0.0960905 116.835 39.803
361 141629 141525 0.52493 0.461683 116.224 40.2063
362 66906 66906 0 0 116.598 39.9086
363 129711 129711 0 0 116.155 40.092
364 167061 166104 0.157094 0.0544105 117.207 40.169
365 16736 17742 0.313992 0.0950938 116.366 39.7218
366 129473 129473 0 0 116.139 40.1465
367 104318 103924 0.197243 0.0152752 116.661 39.9558
368 24734 24735 0.276356 0.00605907 116.014 39.7913
369 125280 124644 0.0274561 0.0296282 116.563 40.0178
370 166396 166396 0 0 117.048 40.2123
371 137489 137490 0.114289 0.0169926 116.641 40.1212
372 91010 90649 0.0269918 0.0487057 116.49 39.9519
373 112868 113932 0.0904744 0.215139 116.135 40.0534
374 37204 37205 0.127562 0.0597125 116.562 39.7599
375 145366 145124 0.425698 0.00713538 116.49 40.1752
376 45354 49165 0.0391494 0.019066 116.364 39.8823
377 86155 83602 0.132794 0.0324727 116.313 39.9634
378 25285 25245 0.0701267 0.0589561 116.179 39.7806
379 72503 72502 0.344963 0.0356963 116.674 39.8804
380 38938 38938 0 0 116.698 39.7781
381 1774 1775 0.758752 0.0440022 115.546 39.7108
382 55217 55478 0.006843 0.0957833 116.41 39.9026
383 148579 148782 0.0718941 0.368727 116.755 40.2126
384 94905 94960 0.239839 0.138 116.381 39.9779
385 103603 104396 0.0572717 0.0360931 116.732 39.9437
386 89151 89127 0.0701171 0.122666 116.398 39.9288
387 147147 147125 0.0454136 0.0962524 116.732 40.206
388 151822 151400 0.0767732 0.635681 116.655 40.3145
389 100594 99991 0.158632 0.0536787 116.527 39.9241
390 29494 29494 0 0 116.295 39.7797
391 170108 170033 0.437921 0.307469 116.579 40.6919
392 148973 148973 0 0 116.855 40.2314
393 58657 58657 0 0 116.472 39.8369
394 170514 170578 0.131191 0.562009 116.73 40.7874
395 161268 161267 0.0371696 0.0855251 116.089 40.5511
396 165205 165206 0.32189 0.0825588 117.115 40.0986
397 13493 13493 0 0 116.034 39.7085
398 20082 20082 0 0 116.592 39.6842
399 103132 103965 0.138936 0.0148912 116.658 39.934
400 103501 103505 0.0448557 0.103309 116.642 39.9226
401 79698 79698 0 0 116.319 39.9387
402 1326 1170 0.128258 0.922894 115.986 39.6444
403 37135 37135 0 0 116.556 39.7751
404 118301 118301 0 0 116.334 40.0495
405 144144 142483 0.277921 0.307983 116.253 40.1722
406 99845 99845 0 0 116.583 39.9242
407 27905 27906 0.118115 0.216093 116.368 39.7769
408 71536 69755 0.546727 0.0625086 116.635 39.8683
409 43607 43607 0 0 116.249 39.8975
410 73584 73426 0.0789904 0.168509 116.811 39.8579
411 57979 57979 0 0 116.44 39.8762
412 27736 27737 0.234395 0.567232 116.345 39.7836
413 101073 99786 0.0923502 0.00863598 116.623 39.9877
414 34595 34595 0 0 116.378 39.7979
415 141824 141824 0 0 116.188 40.2277
416 129051 129050 0.0140061 0.163544 116.121 40.0957
417 145091 144950 0.0447836 0.41497 116.45 40.2295
418 168284 168222 0.140283 0.346335 117.142 40.3448
419 68716 69207 0.126236 0.00351979 116.597 39.9113
420 66373 66373 0 0 116.527 39.8925
421 18130 16864 0.0397705 0.0262041 116.321 39.7178
422 36396 36397 0.0881246 0.0937067 116.521 39.7987
423 55170 60714 0.11427 0.0034215 116.493 39.8812
424 1651 1256 0.406277 0.0165019 115.98 39.6515
425 168757 168759 0.0369939 0.0216715 117.065 40.5001
426 136901 136900 0.0224298 0.201653 116.661 40.0854
427 3145 3300 0.204133 0.335881 115.946 39.8188
428 43023 43023 0 0 116.213 39.9036
429 82162 82162 0 0 116.316 40.0006
430 104609 104593 0.0720072 0.0893758 116.767 39.9365
431 67633 66109 0.054601 0.127444 116.608 39.9078
432 2114 2075 0.0121677 0.00382467 115.983 39.7132
433 143501 144910 0.27831 0.100754 116.371 40.18
434 65538 65538 0 0 116.519 39.8579
435 30447 30447 0 0 116.343 39.8127
436 42059 42253 0.0509852 0.00545494 116.208 39.8451
437 66926 65480 0.148762 0.0820004 116.609 39.913
438 142341 142341 0 0 116.17 40.179
439 96519 96519 0 0 116.453 39.9781
440 2938 2927 0.414697 0.37668 115.749 39.8201
441 2342 2343 0.022169 0.129442 115.991 39.7074
442 50044 54082 0.0320192 0.0258513 116.363 39.8684
443 11761 11760 0.0228713 0.023196 116.676 39.6588
444 5951 5952 0.364399 0.407854 116.35 39.5484
445 140075 140077 0.0383759 0.0534937 116.827 40.1197
446 122166 122167 0.19326 0.115143 116.461 40.0235
447 15019 16523 0.203742 0.609619 116.149 39.6944
448 75976 76700 0.123236 0.0295734 116.245 39.9475
449 54287 45152 0.0116702 0.120139 116.363 39.9123
450 71694 71694 0 0 116.638 39.9063
451 32391 32392 0.0534283 0.0285859 116.388 39.7645
452 113695 112945 0.0989508 0.198067 116.248 40.0453
453 3143 3152 0.193276 0.0764304 115.982 39.807
454 138990 138459 0.0244415 0.0158006 116.63 40.1247
455 1369 1370 0.128365 0.0248964 115.958 39.6033
456 134911 134911 0 0 116.562 40.1099
457 16450 16234 0.147136 0.126098 116.211 39.7046
458 111362 111362 0 0 116 40.4486
459 72630 72626 0.271099 0.0284518 116.659 39.8506
460 162556 162593 0.00299185 0.587332 116.973 40.5635
461 109168 109381 0.0133663 0.577898 115.893 40.3761
462 134944 134944 0 0 116.596 40.1243
463 157944 156075 0.0468767 0.00841495 116.834 40.3686
464 22438 22670 0.0284102 0.341101 116.772 39.7153
465 137011 136978 0.0953458 0.0011626 116.727 40.1346
466 168973 169473 1.34943 0.00412795 117.143 40.5951
467 167993 167994 0.0387081 0.762933 117.318 40.285
468 2313 2312 0.00604618 0.165342 115.955 39.6778
469 30647 30647 0 0 116.309 39.8187
470 63538 64646 0.0726866 0.00966451 116.447 39.8496
471 34896 33369 0.423133 0.116717 116.402 39.7521
472 166113 166114 0.102477 0.0198632 117.129 40.1068
473 148084 148086 0.0503467 0.0371147 116.64 40.1773
474 133122 134348 0.0192573 0.106287 116.415 40.0979
475 25373 25188 0.221837 0.927931 116.188 39.7647
476 72677 71373 0.0418866 0.265522 116.713 39.8473
477 40044 40043 0.804845 0.0549853 116.787 39.7523
478 66885 66884 0.072178 0.00769235 116.572 39.8848
479 34349 33197 0.0845164 0.215519 116.462 39.7929
480 39063 39000 0.176851 0.471772 116.648 39.811
481 164250 164010 0.0764146 0.119019 117.068 40.1459
482 34766 34765 0.0743379 0.027706 116.455 39.8194
483 85431 51056 0.0896128 0.00760333 116.355 39.9166
484 121342 123096 0.248389 0.0419477 116.412 40.0409
485 134959 134763 0.701024 0.0271642 116.514 40.1649
486 118824 118828 0.114018 0.124235 116.272 40.0325
487 2108 2473 0.0568047 0.245406 115.969 39.7242
488 126658 126659 0.116019 0.0695999 116.678 40.0148
489 110586 110588 0.377708 0.146813 115.841 40.4732
490 144963 144970 0.0748656 0.448404 116.413 40.2072
491 138337 138337 0 0 116.629 40.0954
492 127266 127267 0.0268291 0.0245408 116.663 40.0778
493 77205 78080 0.128517 0.0343458 116.208 39.9256
494 117507 117507 0 0 116.322 40.067
495 147949 147952 0.085935 0.668907 116.677 40.2124
496 31291 27418 0.0190083 0.0710912 116.328 39.8304
497 75660 75660 0 0 116.18 39.9245
498 33641 33641 0 0 116.411 39.7669
499 49250 53322 0.12119 0.0143258 116.269 39.8676
500 19004 19005 0.366267 0.222927 116.455 39.7464
501 138970 138033 0.11491 0.256424 116.704 40.1418
502 39800 40523 0.01459 0.233573 116.797 39.8228
503 122209 122208 0.0195866 0.0404721 116.479 40.0139
504 40778 40620 0.0500282 0.0392778 116.905 39.8056
505 166127 166515 0.0698953 0.481192 117.061 40.1938
506 149896 150256 0.248388 0.182117 116.238 40.2895
507 19216 19296 0.183788 0.0734242 116.38 39.7427
508 3023 3022 0.0415563 0.659148 115.786 39.8038
509 59625 59625 0 0 116.477 39.8911
510 24324 24188 0.150529 0.667582 116.085 39.8097
511 25471 27016 0.187996 0.0116422 116.22 39.7539
512 142821 142822 0.146042 0.112562 116.223 40.2102
513 102839 102798 0.1963 0.0175264 116.678 39.9855
514 1321 1256 0.307412 0.361355 115.98 39.6498
515 3064 3065 0.781549 0.0326256 115.76 39.8177
516 84226 79845 0.508748 0.0224141 116.369 39.9472
517 16404 15605 0.0744999 0.891072 116.192 39.7132
518 27520 27804 0.00380167 0.0667584 116.336 39.8025
519 104393 104392 0.0548167 0.106667 116.747 39.9461
520 61473 61471 0.0738335 0.0419436 116.379 39.8994
521 124122 124121 0.103359 0.664009 116.512 40.012
522 147487 147168 0.194214 0.104596 116.724 40.191
523 111134 111614 0.199907 0.0239119 115.989 40.4919
524 72560 71966 0.0893217 0.0339053 116.694 39.8927
525 117284 117284 0 0 116.303 40.0348
526 24734 24735 0.243394 0.0390207 116.013 39.7915
527 144927 145311 0.628824 0.224296 116.463 40.2504
528 49380 49381 0.0696665 0.0958121 116.287 39.876
529 113313 113188 0.124433 0.206673 116.247 40.062
530 133994 145577 0.660318 0.524546 116.49 40.1738
531 75918 75917 0.110775 0.0583149 116.207 39.9822
532 41585 41522 0.0428818 0.155287 116.032 39.8777
533 146471 146470 0.157063 0.0468192 116.618 40.2118
534 128 128 0 0 115.726 39.5686
535 102647 102088 0.00479378 0.00453465 116.599 39.9309
536 139219 139221 0.230719 0.25129 116.801 40.0996
537 4186 4221 0.108055 0.0584054 116.318 39.4784
538 13478 13472 0.220383 0.862528 116.095 39.7206
539 145894 145391 0.321752 0.0699301 116.416 40.2175
540 126629 126630 0.0363496 0.0538978 116.692 40.0402
541 117744 117744 0 0 116.364 40.0139
542 72892 72892 0 0 116.632 39.8918
543 76555 76556 0.0198763 0.011182 116.204 39.9821
544 167523 167524 0.764672 0.153657 117.076 40.2833
545 125245 124120 0.0880676 0.00769202 116.516 40.0121
546 162206 162265 0.177649 0.0716733 116.414 40.5316
547 46880 46880 0 0 116.272 39.8467
548 1194 1194 0 0 115.979 39.6009
549 141551 141552 0.256059 0.0762085 116.237 40.1823
550 19108 19886 0.114899 0.198135 116.402 39.6701
551 35355 35355 0 0 116.453 39.8255
552 66111 66112 0.759965 0.460483 116.576 39.9113
553 50291 52269 0.315682 0.13638 116.358 39.8541
554 115577 115577 0 0 116.269 40.0757
555 127882 127882 0 0 116.678 40.0154
556 139275 139921 0.14843 0.0891362 116.794 40.1469
557 167043 167042 0.218759 0.0882067 117.158 40.1853
558 154163 154164 0.514272 0.145918 116.367 40.3669
559 161518 161524 0.04689 0.197677 116.109 40.5112
560 110905 110906 0.186458 0.149868 115.996 40.4686
561 124617 125060 0.270448 0.0771738 116.596 40.0362
562 73081 73082 0.336353 0.234847 116.81 39.8545
563 125512 125513 0.709868 0.209632 116.508 40.008
564 139164 139164 0 0 116.849 40.1527
565 39799 39798 1.46411 0.015302 116.799 39.8187
566 27359 27359 0 0 116.32 39.7955
567 169051 168906 0.633135 0.0637304 117.156 40.5763
568 26532 25907 0.0156064 0.0322674 116.17 39.7684
569 1185 1197 0.0897016 0.780567 115.919 39.6257
570 8771 8772 0.0421725 0.228437 116.326 39.6247
571 1470 1472 0.09911 0.0535764 115.931 39.6516
572 126672 126671 0.010644 0.747837 116.662 40.0752
573 148388 148488 0.118764 0.0172212 116.792 40.2457
574 114463 114467 0.0732163 0.221762 116.136 40.063
575 18383 18382 0.079215 0.459849 116.332 39.7252
576 69696 69696 0 0 116.721 39.8625
577 34673 34673 0 0 116.38 39.7999
578 27941 27941 0 0 116.313 39.8008
579 147 148 0.262739 0.0285839 115.738 39.5658
580 135024 134830 0.0653532 0.12951 116.561 40.089
581 42070 42070 0 0 116.244 39.8541
582 144675 144671 0.049028 0.0129777 116.261 40.2282
583 4221 4186 0.0202217 0.146239 116.317 39.4781
584 6656 6656 0 0 116.426 39.5808
585 104591 104584 0.171522 0.0624649 116.763 39.9356
586 150607 150629 0.619395 0.191545 116.401 40.2693
587 95690 95691 0.00879163 0.0342546 116.489 39.952
588 156067 156414 0.0393903 0.348458 116.858 40.372
589 51160 51160 0 0 116.253 39.8796
590 67712 67713 0.126527 0.139668 116.598 39.8374
591 17030 17030 0 0 116.323 39.742
592 69554 69659 0.135958 0.148077 116.67 39.8401
593 69292 69292 0 0 116.51 39.9165
594 129433 129433 0 0 116.216 40.0918
595 46957 46958 0.0613718 0.00955049 116.34 39.8496
596 77843 77347 0.192722 0.0197931 116.252 39.9474
597 81084 81399 0.0162466 0.104468 116.336 39.9771
598 121348 123088 0.0272856 0.00857724 116.404 40.0029
599 110670 110363 0.21188 1.01862 115.808 40.4529
600 112416 112582 0.154741 0.0842495 115.928 40.5165
601 27745 27724 0.203992 0.00694206 116.344 39.7832
602 42507 25832 0.0493548 0.830715 116.209 39.8402
603 126701 126701 0 0 116.664 40.0594
604 158846 158844 0.104393 0.14436 116.939 40.3793
605 136988 136990 0.0418829 0.175388 116.697 40.1335
606 144927 145311 0.614281 0.238839 116.463 40.2503
607 142766 142765 0.114044 0.0763816 116.218 40.2167
608 39338 39603 0.111947 0.0549171 116.64 39.8324
609 159334 159340 0.61605 0.19571 116.055 40.4275
610 147076 147079 0.249305 0.449028 116.724 40.1906
611 133256 133258 0.0187463 0.0216927 116.409 40.1258
612 53731 53732 0.00635158 0.207738 116.284 39.8367
613 124213 124266 0.309001 0.0572118 116.538 40.0552
614 146679 146677 0.215097 0.0929654 116.515 40.2104
615 65480 66921 0.0688346 0.107916 116.609 39.9116
616 83909 87416 0.0384158 0.0453712 116.31 39.9382
617 13591 13591 0 0 116.069 39.7157
618 1510 1575 0.542094 0.039858 115.902 39.585
619 40862 40863 0.0851449 0.284497 116.877 39.8133
620 98044 98044 0 0 116.409 39.9963
621 29 25 0.0930781 0.763064 115.707 39.5784
622 99965 99965 0 0 116.598 39.9962
623 14031 14032 0.0093872 0.0294765 116.007 39.7258
624 110588 110589 0.0404042 0.111822 115.838 40.4718
625 22670 22438 0.29158 0.0779312 116.77 39.7153
626 137160 136986 0.0511698 0.153503 116.691 40.1322
627 157908 157909 0.0209791 0.0858949 116.822 40.3665
628 93506 93507 0.00819719 0.0215004 116.46 39.9379
629 92304 97231 0.032398 0.0259561 116.425 39.9968
630 41385 41385 0 0 116.032 39.8775
631 6508 6510 0.172368 0.0364189 116.429 39.565
632 2086 2086 0 0 115.974 39.6802
633 92327 92326 0.027675 0.0182148 116.424 39.9909
634 123488 123486 0.103417 0.0726492 116.437 40.0225
635 71045 71948 0.250324 0.0833795 116.706 39.8891
636 18982 18982 0 0 116.436 39.7298
637 166191 166192 0.0661733 0.289195 117.022 40.2375
638 86592 86592 0 0 116.297 39.9931
639 113316 113316 0 0 116.16 40.0745
640 112799 112771 0.375187 0.182913 116.112 40.0601
641 19123 19123 0 0 116.413 39.6756
642 166826 167045 0.231616 0.758411 117.173 40.168
643 103532 103533 0.126085 0.00245157 116.693 39.9732
644 14484 14485 0.013069 0.0428475 116.074 39.7222
645 14791 14792 0.121271 0.506407 116.057 39.7055
646 33703 33703 0 0 116.45 39.8176
647 63445 63445 0 0 116.47 39.893
648 102097 102094 0.270735 0.357224 116.618 39.9352
649 9350 8887 0.160915 0.0631782 116.328 39.5926
650 39956 39890 0.243982 0.18346 116.836 39.804
651 124287 124340 0.153389 0.96777 116.558 40.0724
652 69598 69597 0.191149 0.432507 116.697 39.8637
653 158624 158623 0.00381221 0.111771 116.923 40.4032
654 151790 151790 0 0 116.644 40.3018
655 169656 169655 0.147053 0.775132 117.323 40.6388
656 103125 103126 0.0467453 0.0434017 116.657 39.9369
657 155668 155668 0 0 116.652 40.3522
658 102460 101998 0.26578 0.410764 116.589 39.9406
659 3434 3434 0 0 115.966 39.7605
660 84657 84657 0 0 116.374 39.9934
661 114465 114464 0.118376 0.27922 116.136 40.0625
662 102961 102789 1.36802 0.0687469 116.678 39.986
663 109209 109905 0.533481 0.574887 115.955 40.3789
664 111223 111224 0.0752193 0.0211956 115.954 40.4263
665 170519 170520 0.0521524 0.0344655 116.745 40.7925
666 92880 98526 0.0109691 0.0238095 116.466 39.9975
667 7220 7221 0.440896 0.371919 116.078 39.653
668 134815 134815 0 0 116.619 40.1173
669 151880 151461 0.573583 0.311524 116.675 40.3243
670 166212 166214 0.072146 0.308243 117.042 40.2348
671 121145 121144 0.18011 0.091369 116.463 40.0573
672 38703 38374 0.0954109 0.0727081 116.551 39.7847
673 69553 69553 0 0 116.669 39.8416
674 37334 38253 0.268031 0.0331745 116.539 39.8236
675 2068 2013 0.230568 0.1424 115.983 39.6817
676 155613 155306 0.692529 0.469395 116.677 40.3762
677 133053 133104 0.10971 0.0590291 116.411 40.0892
678 92332 98844 0.101286 0.0383968 116.417 39.9942
679 7957 7956 0.0958323 0.0548808 116.069 39.6591
680 47603 47604 0.0513224 0.0482316 116.304 39.9134
681 77438 76053 0.0437659 0.215375 116.134 39.9458
682 163980 163979 0.212089 0.305679 117.107 40.1219
683 82781 84032 0.136631 0.092528 116.368 39.9474
684 50810 46434 0.0305779 0.0462898 116.281 39.8683
685 52007 52006 0.102565 0.169417 116.348 39.8431
686 86843 79989 0.110768 0.015275 116.289 39.9479
687 115399 115397 0.038007 0.108096 116.334 40.049
688 65846 65835 0.381672 0.131324 116.513 39.8917
689 145091 144938 0.030589 0.286087 116.45 40.2303
690 100451 100451 0 0 116.54 39.9738
691 52743 49122 0.0487173 0.0921526 116.343 39.8843
692 44360 44361 0.01316 0.0751045 116.172 39.8749
693 14491 14468 0.0254858 0.0300573 116.07 39.7186
694 121077 123541 0.00162955 0.401036 116.417 40.0595
695 112483 112484 0.170723 0.223586 115.982 40.5041
696 51819 51293 0.174821 0.0382831 116.252 39.8482
697 169861 169860 0.118676 0.162378 116.352 40.6944
698 27686 27686 0 0 116.313 39.8259
699 147270 147172 0.379733 0.0255385 116.645 40.2376
700 122499 122500 0.0465136 0.0730084 116.471 40.0016
701 167637 167562 0.427717 0.186846 117.077 40.275
702 113048 113048 0 0 116.172 40.0679
703 168817 168818 0.0523259 0.620935 117.078 40.5108
704 2119 2115 0.00359083 0.0878103 115.985 39.711
705 35139 35141 0.0039771 0.0039771 116.461 39.8058
706 151421 151424 0.232768 0.0604465 116.636 40.2643
707 132345 132345 0 0 116.306 40.0829
708 1249 1319 0.165876 0.230802 115.979 39.6604
709 141262 141262 0 0 116.123 40.1818
710 97464 93105 0.00975153 0.07758 116.478 39.9668
711 142955 142956 0.026526 0.0531288 116.228 40.1997
712 20237 20236 0.0388532 0.0455092 116.515 39.7391
713 36249 36251 0.0535559 0.102363 116.536 39.824
714 42159 42804 0.226768 0.00163175 116.168 39.8769
715 34309 34310 0.077185 0.0212317 116.452 39.8068
716 159190 159111 0.077292 0.92057 116.009 40.4518
717 65561 67154 0.0263803 0.140899 116.611 39.8492
718 101801 101803 0.149899 0.0224601 116.543 39.9205
719 70401 70399 0.104216 0.0982725 116.648 39.88
720 129061 129315 0.421492 0.368352 116.116 40.091
721 154355 154353 0.303376 0.0195275 116.381 40.364
722 49230 50796 0.0748203 0.0201778 116.265 39.8721
723 14484 14482 0.115706 0.0838343 116.077 39.7219
724 111145 111145 0 0 115.994 40.4745
725 47452 51771 0.12318 0.0342138 116.374 39.8774
726 208 241 0.0278743 0.454838 115.82 39.551
727 7471 7819 0.0954461 0.128391 116.115 39.6516
728 114808 114809 0.0516349 0.179224 116.335 40.036
729 116864 115519 0.00839299 0.138455 116.353 40.0167
730 61634 59089 0.0496903 0.147919 116.404 39.836
731 19124 19124 0 0 116.414 39.6769
732 149961 150124 0.00651015 0.0445935 116.214 40.2802
733 143760 143762 0.351192 0.447477 116.322 40.1744
734 140391 140390 0.0189566 0.0478536 116.884 40.1195
735 57847 57485 0.156671 0.0180045 116.422 39.8767
736 34766 34768 0.238904 0.034738 116.455 39.8193
737 86627 80236 0.072316 0.0268274 116.257 39.9739
738 24284 24284 0 0 116.083 39.768
739 76521 76521 0 0 116.197 39.929
740 89151 89127 0.0368205 0.155963 116.397 39.9285
741 148542 148541 0.22996 0.07191 116.787 40.2399
742 8887 9350 0.0524619 0.171631 116.328 39.5926
743 137048 139027 0.409625 0.322887 116.713 40.0997
744 146677 146677 0 0 116.513 40.2112
745 31914 33388 0.082791 0.0239654 116.4 39.8171
746 156653 156240 0.578477 0.0960786 116.847 40.4103
747 33377 33378 0.00350325 0.207998 116.388 39.8328
748 16260 16261 0.15204 0.0742244 116.218 39.7035
749 41368 41368 0 0 116.109 39.8949
750 104034 104038 0.0824704 0.0628004 116.703 39.936
751 26678 26680 0.0597624 0.0403005 116.172 39.752
752 160894 160894 0 0 116.768 40.4282
753 145062 145083 0.174964 0.264032 116.471 40.1762
754 39928 39958 0.308247 0.0259913 116.762 39.8312
755 34978 34977 0.0170027 0.0747418 116.437 39.7757
756 159827 159808 0.620201 0.274126 116.042 40.434
757 157009 157263 0.157424 0.135015 116.832 40.3465
758 45917 45917 0 0 116.329 39.8485
759 44712 43461 0.029676 0.004562 116.248 39.8734
760 120994 120992 0.263283 0.0784947 116.485 40.0139
761 126409 126408 0.151146 0.273158 116.528 40.0313
762 140720 140307 0.120459 0.111113 116.966 40.1148
763 147620 147940 0.951309 0.12614 116.639 40.169
764 101998 102460 0.42337 0.253175 116.589 39.9404
765 120678 120679 0.115963 0.121489 116.418 40.0034
766 75195 75196 0.381234 0.445816 116.118 39.9368
767 158700 158699 0.25309 0.0983871 116.885 40.3827
768 56620 56633 0.0827672 0.0269739 116.384 39.8718
769 72016 72016 0 0 116.725 39.9164
770 98730 98731 0.0186883 0.466577 116.475 39.9459
771 3602 3601 0.0705664 0.0637558 115.669 39.8568
772 70859 70856 0.0141206 0.0726971 116.661 39.8899
773 15845 15846 0.20718 0.163387 116.159 39.7235
774 1472 1472 0 0 115.931 39.6496
775 14764 14765 0.295813 0.098403 116.1 39.7205
776 158556 158555 0.0659798 0.0419444 116.967 40.4075
777 66422 66425 0.0381959 0.0426046 116.547 39.8875
778 148579 148579 0 0 116.756 40.2122
779 65829 65821 0.00122708 0.157888 116.518 39.8942
780 165742 165740 0.162172 0.0932527 117.147 40.161
781 142944 141797 0.197207 0.50905 116.224 40.2064
782 124519 125226 0.254018 0.10732 116.53 40.0335
783 109209 109905 0.559007 0.549361 115.954 40.3792
784 70811 70811 0 0 116.663 39.8926
785 138844 136665 1.13173 0.0427437 116.716 40.1562
786 126030 126028 0.255567 0.12335 116.527 40.0346
787 74834 74835 0.0360768 0.13876 116.09 39.9412
788 2534 2141 0.783689 0.00557952 115.924 39.7319
789 115291 114946 0.0650235 0.0787908 116.333 40.0494
790 118645 118648 0.0696656 0.0210754 116.352 40.0109
791 140316 140508 0.0704298 0.36072 116.922 40.0998
792 24439 24440 0.757443 0.182851 116.038 39.7648
793 141713 141710 0.00532233 0.00532233 116.241 40.2086
794 153217 153217 0 0 116.804 40.3039
795 34616 34617 0.23266 0.14196 116.38 39.7711
796 76829 76828 0.539547 0.286628 116.132 39.9308
797 156882 156881 0.0738415 0.0983974 116.788 40.3431
798 143036 143019 0.00235435 0.0361401 116.238 40.1859
799 125469 125221 0.0192112 0.159151 116.506 40.0243
800 58491 64266 0.0264377 0.0034215 116.401 39.8633
801 3160 3220 0.0616773 0.35863 115.968 39.753
802 19507 19505 0.143675 0.0222586 116.463 39.7229
803 140013 140014 0.0674117 0.0337144 116.865 40.1534
804 118301 118304 0.0930789 0.0248308 116.333 40.0493
805 44229 44230 0.0618918 0.150927 116.236 39.905
806 72363 72118 0.0497102 0.0637727 116.663 39.8681
807 25809 25809 0 0 116.169 39.7722
808 40079 40080 0.0631552 0.178932 116.793 39.7823
809 46857 49711 0.0595992 0.0260908 116.284 39.8365
810 160911 160911 0 0 116.841 40.4658
811 1249 1247 0.247184 0.0386602 115.982 39.657
812 65377 64282 0.0843083 0.526785 116.41 39.8717
813 25627 25398 0.252914 0.0818608 116.232 39.7687
814 135478 134952 0.117768 0.191499 116.561 40.0971
815 9853 10279 0.0340064 0.351954 116.468 39.652
816 75855 75591 0.218294 0.621357 116.213 39.9331
817 50665 45962 0.0593151 0.0794232 116.348 39.8992
818 145040 145040 0 0 116.409 40.1775
819 132305 131405 0.109169 0.0263675 116.286 40.1103
820 17416 17416 0 0 116.326 39.7364
821 116493 116492 0.137331 0.0390318 116.35 40.0653
822 128398 128397 0.162605 0.265787 116.778 40.0673
823 94445 94444 0.0287267 0.0519431 116.423 39.9883
824 66636 66637 0.0648068 0.0697612 116.55 39.8454
825 68714 69207 0.111 0.0121325 116.596 39.9115
826 77736 77738 0.125688 0.0935008 116.173 39.9422
827 113679 113026 0.00507744 0.25654 116.223 40.0405
828 158194 158332 0.0742773 0.557338 116.782 40.3491
829 243 243 0 0 115.827 39.5524
830 109584 109436 0.0493246 0.0254417 115.907 40.3708
831 115998 115998 0 0 116.368 40.0052
832 41926 41927 0.113242 0.0931781 116.109 39.8553
833 165809 165810 0.13918 0.0416981 117.188 40.1686
834 112538 112468 0.0998866 0.135538 115.972 40.5129
835 67726 67728 0.170647 0.0118303 116.598 39.8382
836 74679 74860 0.0120339 0.0675019 116.102 39.9393
837 30598 30703 0.208876 0.0439332 116.338 39.8309
838 39168 39324 0.289164 0.107968 116.653 39.7528
839 87541 87542 0.138258 0.0548946 116.322 39.9583
840 92113 95905 0.056275 0.004562 116.465 39.9284
841 30487 30486 0.0521423 0.060313 116.334 39.8011
842 2318 2318 0 0 115.967 39.6779
843 139939 139940 0.18255 0.0528137 116.809 40.1491
844 148260 147782 0.175543 0.245377 116.717 40.1731
845 66895 66899 0.0529092 0.0606056 116.603 39.912
846 8458 8251 0.667373 0.0889075 116.137 39.6065
847 50007 50007 0 0 116.35 39.8749
848 61603 61603 0 0 116.462 39.8342
849 162207 162200 0.0398642 0.138417 116.41 40.5306
850 145898 145899 0.02281 0.0593718 116.439 40.2242
851 94444 94445 0.0268153 0.0538545 116.423 39.9883
852 110379 110360 0.746738 0.143796 115.788 40.4372
853 95726 89988 0.107369 0.404823 116.49 39.9517
854 32972 32972 0 0 116.483 39.8319
855 144817 144817 0 0 116.274 40.1866
856 117220 119842 0.249961 0.0453467 116.282 40.0225
857 130796 130796 0 0 116.298 40.0938
858 47119 47119 0 0 116.282 39.8681
859 66283 66285 0.014332 0.434792 116.544 39.8685
860 9744 9719 0.331493 0.0343775 116.484 39.6215
861 1841 1840 0.247802 0.879534 115.639 39.7447
862 46604 46603 0.0467347 0.0811052 116.275 39.8868
863 47555 47553 0.0431675 0.229631 116.262 39.9069
864 155846 155849 0.00621656 0.0515791 116.69 40.3923
865 140424 140360 0.0314991 0.0575631 116.882 40.1533
866 71165 71165 0 0 116.636 39.8349
867 70746 70746 0 0 116.677 39.8765
868 31769 31746 0.00988433 0.10745 116.418 39.7994
869 126422 126423 0.0100768 0.128058 116.594 40.0733
870 163331 163550 0.37243 0.138339 117.002 40.0704
871 1459 1459 0 0 115.935 39.6545
872 111352 110871 0.139034 0.0727387 115.999 40.4645
873 2094 2313 0.171957 0.0907159 115.956 39.6775
874 60220 60223 0.12123 0.00725269 116.423 39.904
875 145041 145038 0.00956818 0.0306861 116.409 40.1776
876 170138 170137 0.292819 0.10748 116.645 40.7352
877 79254 79255 0.0513957 0.38816 116.275 39.9704
878 147419 147419 0 0 116.641 40.192
879 75611 75614 0.0224601 0.209142 116.214 39.9516
880 2965 2967 0.064451 0.464555 115.732 39.8305
881 10365 10351 0.397522 0.0544021 116.586 39.655
882 169088 169087 0.288909 0.367395 117.149 40.5558
883 72626 72630 0.0355489 0.264002 116.659 39.8483
884 116687 117476 0.282461 0.102256 116.296 40.0433
885 92634 92634 0 0 116.406 39.9613
886 7263 7267 0.0694134 0.0220716 116.063 39.5976
887 58572 58569 0.036693 0.0748889 116.456 39.8721
888 2236 2237 0.870233 0.217884 115.981 39.743
889 14069 14070 0.689944 0.0385999 116.029 39.7217
890 75081 75082 0.0737108 0.00824321 116.113 39.9312
891 116900 116899 0.094857 0.0304342 116.347 40.0013
892 23752 23958 0.139439 0.182177 116.88 39.7126
893 98351 89488 0.150465 0.0466684 116.411 39.9497
894 33004 33005 0.0675427 0.0821243 116.434 39.7766
895 129462 129462 0 0 116.214 40.1232
896 166377 166210 0.20962 0.212071 117.045 40.2361
897 117956 117957 0.276204 0.307229 116.25 40.0442
898 103944 103927 0.108791 0.613378 116.657 39.9496
899 46666 46666 0 0 116.349 39.8754
900 49826 45671 0.180533 0.113661 116.301 39.8421
901 26777 26777 0 0 116.159 39.8012
902 41019 41034 0.241854 0.755011 116.941 39.7921
903 34977 34978 0.0747417 0.0170027 116.437 39.7757
904 42522 43550 0.0147351 0.0511443 116.204 39.8412
905 15846 15845 0.158214 0.212354 116.159 39.7236
906 135590 135590 0 0 116.587 40.1184
907 114465 114468 0.253067 0.0200934 116.137 40.062
908 3645 3646 0.726002 0.110725 115.802 39.8745
909 145987 146061 0.163339 0.0382903 116.532 40.2438
910 2892 2909 0.0807463 0.72951 115.58 39.791
911 145672 145673 0.0302884 0.16823 116.461 40.2082
912 66274 66274 0 0 116.554 39.8684
913 88555 88555 0 0 116.385 39.9876
914 156074 156225 0.0780154 0.248519 116.834 40.3688
915 164001 164157 0.0379226 0.326099 117.02 40.1425
916 11233 11235 0.00851179 0.135072 116.692 39.6124
917 23252 23252 0 0 116.819 39.6761
918 164006 164006 0 0 117.005 40.1403
919 15845 15846 0.212354 0.158214 116.16 39.7235
920 11788 10959 0.504682 0.144812 116.652 39.6503
921 33197 34349 0.131929 0.168107 116.463 39.7922
922 17043 17041 0.136817 0.0677844 116.326 39.6819
923 89972 89972 0 0 116.454 39.9822
924 17370 17371 0.0890281 0.330904 116.32 39.7438
925 29179 29179 0 0 116.346 39.8147
926 67602 68187 0.00736648 0.149181 116.507 39.8529
927 26549 26551 0.129875 0.0283115 116.154 39.7499
928 51556 51557 0.0388913 0.267385 116.276 39.8935
929 77439 77438 0.0409523 0.0661651 116.134 39.9457
930 90951 90947 0.120307 0.0977728 116.489 39.959
931 57216 57217 0.0696311 0.00591595 116.444 39.8586
932 97634 97633 0.0252328 0.117028 116.485 39.9679
933 157815 157814 0.0217005 0.125859 116.76 40.3385
934 20951 20954 0.129524 0.338504 116.506 39.6789
935 147038 146099 0.190756 0.619949 116.602 40.2069
936 63558 60420 0.0526835 0.0171075 116.446 39.9068
937 53731 53732 0.0534042 0.160686 116.286 39.8373
938 27559 27560 0.184681 0.109288 116.349 39.7875
939 49135 48129 0.0096105 0.147444 116.342 39.8779
940 153268 153269 0.184567 0.115957 116.824 40.3279
941 1254 1587 0.089941 0.150895 115.979 39.6443
942 130018 130282 0.193635 0.0532091 116.216 40.1224
943 93494 96045 0.0363774 0.118999 116.496 39.9348
944 34923 34924 0.0670834 0.0152646 116.419 39.7872
945 133111 133562 0.170452 0.106143 116.411 40.1438
946 45924 54709 0.558618 0.0588472 116.351 39.8515
947 17073 17073 0 0 116.256 39.6932
948 138558 137097 0.0174325 0.041877 116.659 40.161
949 171285 171283 0.113552 0.144473 117.166 40.6915
950 6501 6646 0.356309 0.841486 116.39 39.5626
951 36177 36061 0.197317 0.0869272 116.518 39.8269
952 102725 103839 0.263914 0.0729222 116.687 39.9244
953 2115 2114 0.00575565 0.00541555 115.983 39.7132
954 901 903 0.370718 0.0457812 115.593 39.635
955 121007 121008 0.167662 0.126617 116.441 40.028
956 151606 151606 0 0 116.637 40.3089
957 40009 40009 0 0 116.844 39.8
958 145736 145737 0.250258 0.0716638 116.376 40.1746
959 14363 14362 0.104732 0.307535 116.106 39.6893
960 15979 15979 0 0 116.124 39.7061
961 18512 18513 0.268345 0.0516002 116.275 39.6911
962 39070 39071 0.170815 0.112958 116.646 39.7936
963 1160 1160 0 0 115.964 39.6123
964 15207 15207 0 0 116.154 39.748
965 114521 114521 0 0 116.32 40.049
966 16344 16343 0.0878255 0.1451 116.13 39.7127
967 140441 140623 0.265215 0.169819 116.915 40.1537
968 163961 163961 0 0 117.105 40.1383
969 8896 9200 0.117579 0.149219 116.328 39.6065
970 127643 127643 0 0 116.653 40.0546
971 96666 96667 0.0291413 0.0151912 116.489 39.979
972 76774 74730 0.0517188 0.139432 116.126 39.9392
973 112932 114448 0.00766061 0.0108898 116.202 40.0399
974 159012 159013 0.316377 0.892805 116.938 40.3953
975 66817 66761 0.173678 0.127946 116.574 39.9094
976 155023 155024 0.0876779 0.316459 116.657 40.3543
977 69716 71071 0.284261 0.0959134 116.682 39.8741
978 140371 140520 0.119209 0.920312 116.986 40.1448
979 7916 7915 0.02281 0.234076 116.069 39.6619
980 82200 82201 0.0198343 0.088846 116.279 39.9748
981 7232 7269 0.546556 0.180765 116.078 39.6511
982 17040 17043 0.036752 0.0670272 116.327 39.6834
983 35476 35476 0 0 116.484 39.7808
984 165297 164833 0.111854 0.0883616 117.103 40.1454
985 135756 135759 0.0121017 0.0686692 116.598 40.1447
986 144639 144633 0.163897 0.196438 116.322 40.1741
987 24421 24422 0.144587 0.0551064 116.034 39.7776
988 11057 11053 0.0370575 0.0182098 116.632 39.656
989 2360 2577 0.104195 0.0709077 115.984 39.689
990 136665 136662 0.0881714 0.340498 116.716 40.1559
991 74604 74604 0 0 116.086 39.9438
992 171277 171277 0 0 117.163 40.6946
993 113801 113800 0.0522272 0.0242672 116.245 40.0452
994 93149 93148 0.146383 0.0596862 116.5 39.9742
995 66216 66900 0.0250244 0.0919113 116.599 39.9104
996 34349 33197 0.229895 0.0701407 116.462 39.7924
997 91537 91537 0 0 116.407 39.9971
998 128525 128237 0.0108964 0.503121 116.791 40.0321
999 3242 3243 0.210492 0.598098 115.967 39.8301
1000 125622 125627 0.145444 0.11785 116.596 40.053
1001 143903 143899 0.0112777 0.0729432 116.3 40.1693
1002 26267 25746 0.0332233 0.160478 116.213 39.8025
1003 152985 152984 0.257441 0.0606562 116.646 40.2951
1004 154163 154164 0.491018 0.169172 116.367 40.3674
1005 69696 72199 0.0127608 0.0110248 116.721 39.8628
1006 62321 62322 0.0620543 0.0233668 116.418 39.8427
1007 164704 164703 0.283046 0.0259556 117.028 40.1436
1008 167061 167061 0 0 117.212 40.1701
1009 144899 144898 0.0216325 0.448508 116.319 40.1696
1010 61145 63678 0.036496 0.0434019 116.447 39.8406
1011 110612 110613 0.708583 0.568709 115.868 40.4822
1012 34513 34513 0 0 116.5 39.8186
1013 62924 62926 0.0235295 0.0245085 116.456 39.8718
1014 77208 78080 0.0919095 0.00924825 116.209 39.9257
1015 46827 46830 0.0979163 0.0137357 116.275 39.8866
1016 147116 147234 0.20047 0.128808 116.643 40.2195
1017 126233 124265 0.573607 0.589761 116.537 40.0511
1018 126028 126030 0.133903 0.245014 116.526 40.0345
1019 217 218 0.0312782 0.0986416 115.804 39.5466
1020 132421 132421 0 0 116.373 40.0876
1021 8640 8636 0.0110248 0.129719 116.202 39.6419
1022 2089 2090 0.018579 0.033109 115.949 39.6799
1023 34802 34804 0.059352 0.0943103 116.452 39.7958
1024 86628 86628 0 0 116.258 39.9736
1025 75413 75415 0.0116576 0.0184272 116.167 39.9243
1026 66422 66425 0.054543 0.0262574 116.548 39.8875
1027 44495 44495 0 0 116.248 39.8625
1028 165384 165383 0.0434526 0.0291505 117.111 40.1549
1029 14491 14468 0.0148849 0.0406582 116.07 39.7186
1030 138312 138312 0 0 116.641 40.166
1031 135923 135923 0 0 116.531 40.1493
1032 51258 51260 0.0041421 0.0343419 116.254 39.8591
1033 142362 141922 0.408795 0.131363 116.214 40.2437
1034 128983 128984 0.0585572 1.00557 116.992 40.0477
1035 149982 150124 0.682582 0.0141675 116.213 40.2828
1036 125748 125816 0.158812 0.144212 116.615 40.0435
1037 164182 164005 0.485895 0.0733585 117.036 40.1438
1038 43893 43893 0 0 116.247 39.869
1039 112647 112646 0.310913 0.370315 116.088 40.0107
1040 114600 114599 0.0102645 0.783767 116.265 40.0329
1041 1248 1477 0.0738927 0.218912 115.982 39.6568
1042 68836 68836 0 0 116.516 39.9167
1043 100444 99649 0.282671 0.115179 116.557 39.9653
1044 75569 75567 0.0117981 0.0759119 116.223 39.9911
1045 158279 158280 0.0824759 0.384967 116.841 40.389
1046 167629 167554 0.0723712 0.0319326 117.078 40.2904
1047 34605 34683 0.124345 0.235678 116.377 39.8115
1048 44799 44799 0 0 116.174 39.8432
1049 153999 154000 0.260886 0.553628 116.112 40.3652
1050 159041 159089 0.134406 0.739568 116.937 40.3976
1051 2503 2230 0.0423687 0.169312 115.968 39.7198
1052 66425 66423 0.148836 0.0357221 116.548 39.8875
1053 110363 110670 1.01862 0.21188 115.808 40.4527
1054 113551 113551 0 0 116.232 40.0696
1055 92198 94961 0.0289885 0.0502877 116.381 39.9757
1056 25604 25604 0 0 116.219 39.784
1057 129051 129047 0.0925218 0.211535 116.12 40.0961
1058 164425 164424 0.0568431 0.0178259 117.123 40.1278
1059 52012 52013 0.0524546 0.015961 116.351 39.8517
1060 58639 58638 0.121727 0.0294798 116.48 39.8589
1061 66085 66219 0.209691 0.180353 116.605 39.9127
1062 130245 130245 0 0 116.139 40.1465
1063 64316 64316 0 0 116.388 39.8429
1064 18605 18509 0.0491485 0.057725 116.275 39.6909
1065 133455 133456 0.0376962 0.0627126 116.485 40.0947
1066 156881 156882 0.0983974 0.0738415 116.788 40.3431
1067 166515 166127 0.346651 0.204436 117.061 40.1946
1068 32144 32144 0 0 116.446 39.7697
1069 13436 13436 0 0 116.011 39.6837
1070 62758 62758 0 0 116.477 39.8988
1071 4017 3881 0.659173 0.190427 115.717 39.9792
1072 166405 166406 0.142601 0.0575509 117.062 40.1934
1073 21520 21431 0.016408 0.666701 116.645 39.7483
1074 110907 110839 0.0887705 0.139552 115.994 40.4745
1075 32278 35019 0.0654828 0.56396 116.496 39.7733
1076 16757 16756 0.464419 0.00790857 116.332 39.7042
1077 134423 134423 0 0 116.485 40.0947
1078 45702 45701 0.199731 0.00768746 116.31 39.8378
1079 100925 102585 0.00933365 0.334563 116.547 39.95
1080 167775 167741 0.128121 0.606797 117.133 40.2864
1081 126376 124699 0.0863804 0.108684 116.586 40.061
1082 38956 39030 0.0189636 0.173003 116.693 39.7616
1083 69297 69298 0.0125455 0.0034215 116.516 39.9167
1084 147102 147131 1.10688 0.0845573 116.65 40.2323
1085 138275 137829 0.059806 0.197739 116.692 40.0959
1086 141254 141001 0.0254091 0.419054 116.118 40.2318
1087 45042 45042 0 0 116.267 39.838
1088 27756 27741 0.500967 0.306931 116.302 39.7816
1089 92878 92879 0.0495121 0.0756142 116.466 39.9975
1090 38883 38883 0 0 116.514 39.766
1091 66139 66962 0.0844718 0.0524334 116.62 39.904
1092 147038 146099 0.174215 0.63649 116.602 40.2069
1093 129716 129714 0.605187 0.00957102 116.153 40.0937
1094 25525 25646 0.139235 0.921009 116.17 39.82
1095 103010 102785 0.199282 0.0885623 116.678 39.9861
1096 82546 82547 0.0516765 0.122478 116.267 39.9179
1097 99974 99974 0 0 116.571 39.9757
1098 144898 144899 0.448508 0.0216324 116.319 40.1696
1099 30128 27366 0.149334 0.212692 116.268 39.7691
1100 39919 40327 0.0497234 0.0745758 116.795 39.7815
1101 72561 71041 0.186731 0.0937126 116.694 39.8926
1102 32955 32956 0.0629024 0.168304 116.468 39.8125
1103 137829 138275 0.255351 0.00219384 116.693 40.0958
1104 77649 77650 0.0257103 0.0379245 116.239 39.9266
1105 159340 159334 0.279087 0.532673 116.056 40.4262
1106 96406 96406 0 0 116.412 39.9595
1107 145311 144927 0.238839 0.614281 116.463 40.2504
1108 217 218 0.0192033 0.110716 115.803 39.5465
1109 139879 139178 0.0654713 0.0736505 116.758 40.0892
1110 27119 28130 0.0800581 0.166962 116.305 39.7916
1111 136315 136313 0.110445 0.102692 116.544 40.0997
1112 128132 128132 0 0 116.829 40.0664
1113 15772 15772 0 0 116.148 39.7296
1114 27905 27906 0.0740567 0.260151 116.369 39.7769
1115 130699 130680 0.0709998 0.0225501 116.263 40.1392
1116 91754 91755 0.0466659 0.0466288 116.407 39.9543
1117 1919 1920 0.159169 0.643346 115.756 39.7461
1118 14056 14056 0 0 116.019 39.7234
1119 16892 16804 0.195437 0.052096 116.33 39.6938
1120 40863 40862 0.284497 0.0851448 116.877 39.8134
1121 36640 36640 0 0 116.574 39.8116
1122 56367 60604 0.159414 0.0633153 116.447 39.8785
1123 2938 3065 0.865144 0.0368233 115.759 39.8179
1124 140424 140425 0.260417 0.104832 116.88 40.1538
1125 136511 136511 0 0 116.618 40.1171
1126 87548 87926 0.120074 0.490423 116.341 39.9768
1127 166300 166300 0 0 117.017 40.1734
1128 170143 170144 0.0382376 0.0382663 116.641 40.7332
1129 142053 142050 0.0603084 0.160198 116.25 40.2263
1130 7250 7933 0.0539725 0.29543 116.062 39.6475
1131 141620 141621 0.0533235 0.0936092 116.195 40.2256
1132 111262 111261 0.0340988 0.498591 115.955 40.4243
1133 166214 166379 0.0441378 0.0553115 117.043 40.2348
1134 115926 114520 0.188246 0.0459206 116.32 40.0488
1135 38924 39032 0.82115 0.191352 116.729 39.8037
1136 91328 96902 0.0290028 0.170293 116.424 39.9504
1137 51163 52575 0.0117852 0.112529 116.25 39.8789
1138 168669 168716 0.105902 0.742516 117.103 40.5224
1139 25526 25329 0.0774848 0.521092 116.13 39.8148
1140 68083 67184 0.0361613 0.261589 116.625 39.9058
1141 10892 12033 0.506116 0.0250099 116.678 39.66
1142 8431 8702 0.141853 0.0715341 116.199 39.6071
1143 105995 105070 0.0478067 0.0735031 116.767 39.9433
1144 74253 74941 0.0594236 0.16982 116.091 39.9768
1145 14287 14859 0.0538136 0.0543195 116.07 39.671
1146 36061 36177 0.123397 0.160847 116.518 39.8266
1147 143060 143066 0.579572 0.111802 116.212 40.2344
1148 65741 65741 0 0 116.539 39.9133
1149 61012 61012 0 0 116.417 39.8424
1150 75129 75130 0.0889488 0.229548 116.086 39.9429
1151 56529 54758 0.558509 0.0490516 116.42 39.8567
1152 57044 59821 0.0800566 0.0885363 116.494 39.8639
1153 44783 44784 0.0469984 0.701237 116.163 39.8645
1154 156187 156186 0.175027 0.178486 116.836 40.3883
1155 3071 3072 0.122853 0.685788 115.84 39.822
1156 126289 125288 0.15523 0.108302 116.555 40.0254
1157 18401 18393 0.109772 0.00868477 116.336 39.7077
1158 23747 23747 0 0 116.883 39.7178
1159 39603 39338 0.0549171 0.111947 116.64 39.8324
1160 96738 96738 0 0 116.473 39.9783
1161 15906 15906 0 0 116.148 39.7102
1162 6463 6464 0.168297 0.477367 116.325 39.5817
1163 144640 144649 0.0431599 0.160853 116.323 40.1746
1164 7328 7329 0.0612437 0.353641 116.056 39.6276
1165 74552 74129 0.21668 0.0476616 116.119 39.959
1166 151660 151545 0.189316 0.137691 116.645 40.3001
1167 124084 124417 0.177167 0.181285 116.552 40.0307
1168 7780 7357 0.191423 0.0746091 116.034 39.6014
1169 165426 165834 0.0424367 0.145118 117.187 40.1334
1170 25789 25789 0 0 116.209 39.8095
1171 14160 14161 0.00957046 0.162878 116.04 39.7107
1172 15765 15765 0 0 116.148 39.7294
1173 151558 151615 0.0850311 0.106343 116.64 40.2931
1174 92120 93378 0.0503329 0.186893 116.482 39.9573
1175 133030 133644 0.0918386 0.294516 116.384 40.1017
1176 103501 103505 0.0995597 0.0486047 116.642 39.9227
1177 134778 134779 0.14939 0.21668 116.562 40.0975
1178 100949 100951 0.046738 0.0397086 116.558 39.9364
1179 75928 75926 0.0385073 0.02683 116.206 39.9671
1180 85109 85108 0.0288718 0.0518336 116.362 39.9562
1181 15074 15073 0.0438631 0.303192 116.136 39.7195
1182 134882 134889 0.305977 0.470321 116.607 40.1443
1183 19809 19809 0 0 116.379 39.7232
1184 23610 23681 0.255313 0.344666 116.907 39.6857
1185 94497 94499 0.011405 0.0659407 116.405 39.9592
1186 90278 96008 0.0174616 0.0985587 116.454 39.9217
1187 25877 25878 0.279916 0.0190732 116.129 39.8084
1188 111349 111349 0 0 115.984 40.4998
1189 1510 1510 0 0 115.903 39.5907
1190 42292 42765 0.372934 0.133459 116.239 39.8543
1191 93078 97466 0.0326677 0.0447457 116.483 39.9707
1192 134889 134893 0.153931 0.109539 116.6 40.1434
1193 159744 159181 0.24588 0.00890206 116.044 40.4324
1194 64973 64973 0 0 116.499 39.8936
1195 153068 153068 0 0 116.647 40.3017
1196 165479 165479 0 0 117.134 40.1514
1197 43871 42501 0.0871895 0.220989 116.233 39.8521
1198 65496 66107 0.156461 0.309653 116.587 39.9101
1199 28527 28468 0.0377985 0.17951 116.349 39.7931
1200 1678 1179 0.204155 0.773575 115.984 39.6083
1201 102936 102936 0 0 116.735 39.9317
1202 17371 17370 0.330904 0.0890281 116.32 39.7438
1203 99351 100693 0.0226879 0.0335673 116.556 39.9715
1204 73124 73038 0.00236595 0.125651 116.762 39.8412
1205 61653 61645 0.049934 0.184586 116.379 39.8343
1206 57687 57687 0 0 116.402 39.887
1207 101374 101374 0 0 116.53 39.9176
1208 143903 143905 0.228675 0.101259 116.3 40.1692
1209 14127 14121 0.161921 0.0758141 116.012 39.7036
1210 134134 134139 0.0535072 0.0361435 116.41 40.1433
1211 6056 6056 0 0 116.324 39.5056
1212 39980 39860 0.119822 0.0434198 116.784 39.7945
1213 152298 151746 0.0336941 0.113116 116.644 40.3325
1214 77835 77835 0 0 116.223 39.9555
1215 15181 15182 0.0682692 0.237286 116.167 39.723
1216 14123 14123 0 0 116.01 39.703
1217 15613 15613 0 0 116.168 39.7228
1218 109747 109746 0.148231 0.116419 115.907 40.3702
1219 42596 44901 0.343001 0.611363 116.244 39.8974
1220 142294 142297 0.207274 0.298919 116.194 40.225
1221 148706 148708 0.207481 0.309236 116.808 40.2409
1222 3149 3148 0.520222 0.248327 115.925 39.8145
1223 74360 74360 0 0 116.108 39.9305
1224 71538 71538 0 0 116.629 39.8628
1225 139291 139292 0.12691 0.194745 116.795 40.1471
1226 92326 92327 0.0182148 0.027675 116.424 39.9911
1227 96046 96047 0.00817099 0.011685 116.494 39.9336
1228 30442 27401 0.0105181 0.0841635 116.342 39.8227
1229 32357 32357 0 0 116.4 39.8207
1230 52269 50291 0.13638 0.315682 116.358 39.854
1231 161557 161258 0.152092 0.393076 116.102 40.5551
1232 7625 14322 0.0600093 0.376258 116.092 39.6655
1233 71524 68030 0.0236985 0.534501 116.631 39.9161
1234 115009 115009 0 0 116.342 40.0598
1235 10355 10354 0.0174642 0.385811 116.57 39.6606
1236 168691 168677 0.0751002 0.246143 117.115 40.5463
1237 69216 69216 0 0 116.578 39.9176
1238 74434 74433 0.0730911 0.0935801 116.026 39.974
1239 111614 111614 0 0 115.988 40.4925
1240 130843 130844 0.0708395 0.381165 116.269 40.1288
1241 130680 130699 0.011086 0.0824639 116.263 40.1394
1242 143305 143307 0.0897815 0.0931175 116.13 40.234
1243 73450 73052 0.0131645 0.162461 116.761 39.8475
1244 136365 136365 0 0 116.604 40.1039
1245 40500 40862 0.361682 0.0301485 116.878 39.813
1246 30823 30827 0.0838027 0.0116197 116.282 39.7907
1247 23083 23083 0 0 116.82 39.6882
1248 136145 136146 0.0761669 0.304047 116.609 40.1406
1249 126670 126670 0 0 116.664 40.0589
1250 69971 69808 0.24862 0.303502 116.652 39.8631
1251 14765 14764 0.0350996 0.359116 116.101 39.7209
1252 14468 14491 0.0300573 0.0254858 116.07 39.7186
1253 139061 139062 0.246856 0.0988802 116.8 40.1134
1254 56803 56803 0 0 116.489 39.8821
1255 64552 64552 0 0 116.486 39.8479
1256 164115 165260 0.0460148 0.48578 117.078 40.1457
1257 21744 21730 0.141848 0.11714 116.73 39.6848
1258 71289 71289 0 0 116.697 39.8635
1259 157615 157615 0 0 116.849 40.3869
1260 14363 14363 0 0 116.104 39.6882
1261 71636 72683 0.472945 0.11924 116.703 39.8335
1262 159808 159827 0.419705 0.474623 116.045 40.432
1263 140625 140625 0 0 116.94 40.1523
1264 81179 81179 0 0 116.267 39.9238
1265 53027 53026 0.119254 0.100109 116.26 39.85
1266 136997 136997 0 0 116.734 40.1345
1267 127471 126701 0.217998 0.53157 116.667 40.054
1268 77653 77592 0.0918455 0.00679589 116.239 39.9264
1269 126996 126701 0.211046 0.0188325 116.663 40.0594
1270 34617 34689 0.200578 0.403075 116.38 39.7712
1271 42186 43369 0.062415 0.207879 116.243 39.8605
1272 150140 150186 0.0951084 0.143393 116.217 40.2632
1273 1319 1249 0.20766 0.189018 115.979 39.6605
1274 132100 132101 0.0922766 0.0954085 116.257 40.1465
1275 2008 2007 0.108597 0.0229186 115.937 39.7032
1276 24284 24352 0.909969 0.180446 116.097 39.7698
1277 40316 40094 0.234952 0.0266992 116.794 39.7817
1278 1466 1238 0.27206 0.405936 115.929 39.6439
1279 160569 160568 0.381368 0.453289 116.777 40.4322
1280 59149 59150 0.0221888 0.0623939 116.434 39.8526
1281 153710 153668 0.143039 0.36344 116.978 40.297
1282 7354 7354 0 0 116.116 39.654
1283 45915 46199 0.204039 0.0549835 116.325 39.8508
1284 140681 140681 0 0 116.956 40.1517
1285 83840 83842 0.0152554 0.121714 116.26 39.9313
1286 139896 139896 0 0 116.75 40.1022
1287 84597 84598 0.138291 0.0357574 116.317 39.9822
1288 139634 139634 0 0 116.751 40.1022
1289 92861 92864 0.366959 0.0632549 116.458 39.9798
1290 158843 158845 0.10521 0.197366 116.932 40.3783
1291 66179 66180 0.160431 0.0257391 116.601 39.8895
1292 92197 94933 0.0496543 0.0223819 116.382 39.978
1293 43468 43466 0.0269701 0.0547607 116.21 39.9041
1294 27690 30596 0.0854452 0.305072 116.359 39.7629
1295 13961 13961 0 0 116.005 39.7023
1296 15108 15342 0.10913 0.72965 116.177 39.7456
1297 24797 24797 0 0 116.112 39.7591
1298 167164 167164 0 0 117.273 40.1798
1299 102699 102699 0 0 116.733 39.9522
1300 53732 53731 0.205403 0.00868693 116.285 39.8366
1301 14101 14101 0 0 116.006 39.7023
1302 140356 140354 0.435278 0.0513664 116.987 40.1459
1303 159391 159795 0.122901 0.25793 116.021 40.4412
1304 42292 42292 0 0 116.238 39.8571
1305 141862 142627 0.0833126 0.141643 116.152 40.239
1306 30669 30669 0 0 116.287 39.7928
1307 157812 157812 0 0 116.758 40.3374
1308 125667 125667 0 0 116.618 40.0437
1309 121723 121723 0 0 116.418 40.0227
1310 2368 2368 0 0 115.987 39.6942
1311 25907 25907 0 0 116.168 39.7686
1312 8805 9614 0.217898 0.191662 116.325 39.6638
1313 62590 62589 0.0374866 0.048776 116.441 39.912
1314 103147 103147 0 0 116.658 39.9294
1315 7231 7227 0.2604 0.312912 116.081 39.6289
1316 3402 3305 0.270462 0.0440307 115.949 39.8226
1317 114913 114914 0.156918 0.0804787 116.324 40.0611
1318 3402 3407 0.245309 0.555319 115.953 39.824
1319 102201 102202 0.0483445 0.0146705 116.583 39.9795
1320 18605 18509 0.0772955 0.0295779 116.274 39.6906
1321 4521 4520 0.256998 0.761011 116.322 39.4892
1322 124214 124848 0.0881853 0.117405 116.554 40.0723
1323 13984 13984 0 0 116.007 39.7022
1324 39000 39063 0.345961 0.302663 116.648 39.8113
1325 102125 102126 0.41233 0.189514 116.543 39.9435
1326 120866 120866 0 0 116.472 40.0013
1327 94960 94905 0.138 0.239839 116.381 39.978
1328 75212 75210 0.166712 0.152556 116.238 39.9949
1329 103910 103407 0.0753262 0.0800952 116.733 39.9522
1330 14627 13940 0.359734 0.060097 116.124 39.7487
1331 165555 165441 0.604191 0.152032 117.165 40.1252
1332 136873 136873 0 0 116.652 40.1175
1333 65724 65724 0 0 116.573 39.915
1334 66216 66900 0.0323412 0.0845945 116.599 39.9096
1335 145311 144927 0.0846106 0.768509 116.463 40.2504
1336 1575 1575 0 0 115.903 39.5907
1337 72008 72014 0.233801 0.0541871 116.725 39.9162
1338 118243 118243 0 0 116.314 40.0774
1339 136361 136361 0 0 116.604 40.1048
1340 137848 136804 0.0174587 0.207003 116.727 40.1228
1341 156075 157944 0.00841496 0.0468767 116.834 40.3692
1342 56898 56848 0.150772 0.0410459 116.477 39.8411
1343 136847 136847 0 0 116.641 40.1219
1344 7504 7316 0.350416 0.102961 116.029 39.6011
1345 39900 39901 0.0133058 0.02281 116.845 39.7994
1346 65549 67841 0.107207 0.168794 116.521 39.8935
1347 21944 21944 0 0 116.703 39.7182
1348 145391 145893 0.547625 0.128301 116.415 40.2224
1349 69777 69778 0.100836 0.432164 116.702 39.8912
1350 14772 13638 0.25278 0.0766284 116.116 39.724
1351 65550 65564 0.315023 0.0828406 116.526 39.8943
1352 17774 18600 0.629784 0.220249 116.327 39.6811
1353 32143 35565 0.063116 0.0245711 116.446 39.7703
1354 6756 6526 0.00506375 0.0403773 116.393 39.5016
1355 38702 38104 0.288307 0.239135 116.551 39.7848
1356 26366 25336 0.568417 0.107903 116.224 39.7659
1357 145708 145708 0 0 116.498 40.1712
1358 14465 14704 0.501571 0.0210838 116.071 39.724
1359 156948 156948 0 0 116.82 40.3674
1360 1586 1587 0.132343 0.186017 115.98 39.6464
1361 156885 156885 0 0 116.788 40.3431
1362 157205 157093 0.128651 0.120531 116.854 40.363
1363 134137 133334 0.306953 0.13177 116.409 40.1341
1364 42413 42413 0 0 116.215 39.9029
1365 94933 92197 0.0128071 0.0592291 116.382 39.978
1366 42757 42757 0 0 116.201 39.8896
1367 80227 82413 0.0131069 0.0632563 116.281 39.9409
1368 27814 27814 0 0 116.328 39.8303
1369 36640 38833 0.521954 0.0223184 116.568 39.8069
1370 159175 159176 0.0509144 0.0197163 116.033 40.4794
1371 157849 157849 0 0 116.802 40.3572
1372 21732 21732 0 0 116.728 39.6816
1373 165268 165269 0.0274688 0.090471 117.071 40.1452
1374 130721 130721 0 0 116.288 40.1489
1375 71098 71091 0.0440724 0.101762 116.691 39.8714
1376 14322 7625 0.376258 0.0600093 116.092 39.6655
1377 149156 148531 0.0435628 0.168634 116.769 40.2386
1378 114464 114465 0.27922 0.118376 116.136 40.0623
1379 20049 20051 0.127573 0.0520419 116.568 39.7458
1380 170107 170108 0.118402 0.216903 116.569 40.694
1381 46830 46826 0.0437299 0.2092 116.274 39.8874
1382 72199 69696 0.0110248 0.0127608 116.722 39.8629
1383 15373 15372 0.132306 0.138962 116.196 39.7117
1384 7226 7226 0 0 116.08 39.6285
1385 43656 51294 0.0447757 0.0466746 116.251 39.8487
1386 65216 57881 0.0173365 0.0895587 116.446 39.8595
1387 165304 164082 0.00608267 0.0160093 117.124 40.1462
1388 115715 115715 0 0 116.334 40.0645
1389 130513 129374 0.692 0.03981 116.215 40.1225
1390 47465 47465 0 0 116.307 39.8667
1391 6182 6181 0.221292 0.0926425 116.324 39.5419
1392 27379 27379 0 0 116.36 39.8182
1393 102726 102725 0.401326 0.312657 116.687 39.9244
1394 158615 158560 0.111787 0.0432046 116.987 40.364
1395 141551 141552 0.0316796 0.300588 116.233 40.184
1396 7729 7729 0 0 116.07 39.6239
1397 65404 65403 0.0224131 0.0125003 116.459 39.8612
1398 903 901 0.0364056 0.380093 115.594 39.635
1399 51260 52966 0.0449469 0.062757 116.253 39.8589
1400 71902 71901 0.188216 0.0665641 116.661 39.8612
1401 85141 85141 0 0 116.366 39.947
1402 39907 39921 0.0183362 0.860159 116.801 39.7744
1403 20696 20722 0.0414223 0.068442 116.506 39.6761
1404 130039 130038 0.727109 0.0137353 116.154 40.1317
1405 47447 47447 0 0 116.364 39.8828
1406 2509 2508 0.0733047 0.108117 115.985 39.711
1407 42086 42086 0 0 116.202 39.8465
1408 121969 121968 0.0827241 0.0267879 116.45 40.0208
1409 36971 36970 0.0930972 0.0150588 116.507 39.8141
1410 111398 111399 0.0733618 0.129798 115.877 40.4876
1411 17621 18356 0.0464253 0.262014 116.345 39.7336
1412 2043 2042 0.108138 0.115721 115.991 39.7396
1413 159612 159612 0 0 116.001 40.4627
1414 1086 1080 0.3261 0.390007 115.844 39.5943
1415 51961 50243 0.0281424 0.0621772 116.332 39.8436
1416 34766 34766 0 0 116.454 39.8178
1417 20951 20954 0.0727957 0.395233 116.504 39.68
1418 165560 165442 0.798104 0.141919 117.165 40.125
1419 1920 1919 0.665385 0.137131 115.756 39.746
1420 147940 147620 0.0913115 0.986138 116.639 40.1686
1421 65633 67287 0.080866 0.0895918 116.51 39.8739
1422 30229 30229 0 0 116.376 39.8321
1423 135116 135116 0 0 116.559 40.0902
1424 39969 39969 0 0 116.781 39.825
1425 43370 42071 0.354276 0.0133918 116.243 39.8562
1426 3076 3116 0.038917 0.911968 115.862 39.8095
1427 58107 57978 0.153709 0.145938 116.44 39.8762
1428 170147 170146 0.0151996 0.229476 116.641 40.733
1429 55232 60295 0.0842832 0.080461 116.393 39.8839
1430 104156 102738 0.261609 0.0671257 116.65 39.986
1431 48735 48731 0.136746 0.0775265 116.298 39.8796
1432 50599 46831 0.221363 0.0183184 116.274 39.8868
1433 39850 39869 0.439798 0.382541 116.778 39.8124
1434 119666 119666 0 0 116.341 40.07
1435 32144 33095 0.0161843 0.00382203 116.446 39.7703
1436 80241 80241 0 0 116.258 39.9736
1437 127602 127597 0.334068 0.123817 116.654 40.0548
1438 36505 36509 0.0361595 0.0039729 116.563 39.7612
1439 54812 63551 0.0717321 0.0578381 116.461 39.8684
1440 163316 163315 0.138259 0.120988 116.878 40.6106
1441 63310 59208 0.0786634 0.0808189 116.473 39.8393
1442 44928 51698 0.0455595 0.452369 116.336 39.8894
1443 28635 28635 0 0 116.331 39.7755
1444 76562 76562 0 0 116.218 39.9939
1445 69233 65481 0.0164001 0.335162 116.604 39.9127
1446 89897 96501 0.0128219 0.103048 116.448 39.9867
1447 62753 62755 0.0991805 0.0443752 116.484 39.9008
1448 132100 132100 0 0 116.257 40.1465
1449 132842 132842 0 0 116.306 40.1122
1450 27418 27419 0.04981 0.0979883 116.328 39.832
1451 5758 5781 0.0281323 1.00632 116.326 39.5679
1452 134803 135502 0.0209458 0.175715 116.571 40.1191
1453 134041 134041 0 0 116.474 40.0878
1454 44290 43606 0.0803513 0.0854532 116.132 39.9155
1455 7340 7296 0.00888082 0.0523894 116.078 39.6549
1456 45976 47492 0.0292148 0.0490626 116.314 39.8577
1457 30598 30703 0.214765 0.0380451 116.338 39.8309
1458 6526 6756 0.0294869 0.0159541 116.394 39.5015
1459 63499 63495 0.0256738 0.120739 116.484 39.8775
1460 18606 18512 0.0562837 0.0318476 116.276 39.6914
1461 164702 164702 0 0 117.031 40.1438
1462 79397 79397 0 0 116.277 39.9532
1463 137081 137081 0 0 116.64 40.1643
1464 156885 156886 0.00162607 0.250407 116.788 40.3431
1465 114495 114071 0.231536 0.0921965 116.196 40.0404
1466 93952 90802 0.107734 0.22814 116.397 39.9306
1467 35367 32955 0.0726596 0.152846 116.468 39.8126
1468 24335 24334 0.252273 0.0995434 116.116 39.807
1469 3935 3928 0.112522 0.0280486 115.642 39.9442
1470 157953 157952 0.0612615 0.134567 116.833 40.368
1471 52207 52207 0 0 116.319 39.8637
1472 14835 14833 0.144315 0.0592959 116.107 39.6893
1473 35642 34624 0.0564391 0.019944 116.377 39.7639
1474 14040 14047 0.0388795 0.164931 116.005 39.7254
1475 151790 151493 0.16615 0.283706 116.647 40.3014
1476 23620 23620 0 0 116.883 39.7191
1477 116568 116579 0.114062 0.0189025 116.36 40.0619
1478 39561 71997 0.110013 0.111315 116.658 39.8348
1479 104141 104141 0 0 116.629 39.9789
1480 30137 30989 0.153435 0.0072636 116.322 39.7947
1481 130699 130680 0.0824639 0.011086 116.263 40.1394
1482 124325 126278 0.0163415 0.36959 116.527 40.0307
1483 27907 27902 0.218342 0.146754 116.368 39.7766
1484 1047 1012 1.26971 0.0122216 115.83 39.6093
1485 3646 3645 0.147524 0.689203 115.802 39.8747
1486 103216 104018 0.142784 0.0344138 116.688 39.931
1487 17631 16925 0.0963757 0.0483647 116.345 39.7421
1488 8092 7729 0.315418 0.0264658 116.07 39.6236
1489 66423 66422 0.0434801 0.212057 116.549 39.8876
1490 11073 11074 0.0481691 0.203801 116.653 39.6334
1491 22496 22497 0.192316 0.841303 116.78 39.6847
1492 146992 146998 0.325892 0.115611 116.555 40.2093
1493 143390 143389 0.0575822 0.0210003 116.228 40.2075
1494 140792 140792 0 0 116.879 40.1532
1495 139305 139305 0 0 116.807 40.1488
1496 36055 36050 0.0764978 0.210199 116.518 39.8269
1497 139927 139927 0 0 116.801 40.148
1498 26478 25588 0.0121766 0.0745717 116.184 39.7795
1499 19360 19361 0.0264802 0.0115842 116.409 39.7196