0 65115 65116 0.0116711 0.09448 116.46 39.9058
1 60724 60724 0 0 116.449 39.9075
2 91942 94016 0.00726826 0.127565 116.436 39.9372
3 115341 115343 0.182379 0.690307 116.318 40.0339
4 80128 80129 0.101532 0.0677774 116.367 39.9941
5 94263 91193 0.0552022 0.00358205 116.484 39.991
6 49172 49172 0 0 116.353 39.8823
7 57981 57981 0 0 116.45 39.9092
8 62723 62722 0.00828226 0.143116 116.48 39.9105
9 98391 98391 0 0 116.455 39.9197
10 92206 92206 0 0 116.388 39.9983
11 91931 91931 0 0 116.442 39.9214
12 78923 88067 0.0618078 0.100293 116.333 39.9294
13 62644 64075 0.0125455 0.0775901 116.459 39.906
14 58421 58415 0.0397276 0.0923258 116.471 39.9077
15 65268 65269 0.129415 0.00392837 116.466 39.895
16 71798 71794 0.0443714 0.0945795 116.671 39.9085
17 94045 91922 0.00849517 0.0546236 116.441 39.9231
18 88853 88853 0 0 116.454 39.9446
19 93275 88735 0.114629 0.0174036 116.451 39.9498
20 86753 86754 0.0621205 0.0747156 116.314 39.9828
21 80490 82287 0.108484 0.0571178 116.306 39.9787
22 93082 93082 0 0 116.49 39.9743
23 67842 67842 0 0 116.52 39.8926
24 93595 93595 0 0 116.451 39.9191
25 95331 99208 0.143703 0.0539998 116.454 39.9203
26 115663 119885 0.00122477 0.040301 116.307 40.0361
27 144678 144679 0.0955287 0.0425043 116.251 40.2217
28 47627 47627 0 0 116.301 39.9085
29 84741 84741 0 0 116.317 39.9557
30 132519 132519 0 0 116.29 40.0959
31 84647 84651 0.134897 0.114085 116.333 39.9831
32 88939 88940 0.0281229 0.0455208 116.403 39.9382
33 60188 65266 0.00163136 0.0258393 116.415 39.9097
34 60710 60711 0.00583353 0.0395698 116.495 39.8937
35 54977 54978 0.0349922 0.0618183 116.414 39.916
36 63637 63638 0.00285811 0.152862 116.452 39.913
37 81593 80076 0.0456442 0.0277625 116.323 39.9654
38 95616 95616 0 0 116.468 39.9479
39 99187 99198 0.212625 0.0100613 116.476 39.953
40 93215 93214 0.0409268 0.050575 116.445 39.9581
41 118061 118074 0.129505 0.029321 116.353 40.0001
42 55037 55037 0 0 116.39 39.8842
43 89074 90803 0.097861 0.126941 116.403 39.9339
44 81001 87859 0.021644 0.0792374 116.339 39.9937
45 47959 53506 0.305257 0.102005 116.336 39.9057
46 83595 80974 0.00874383 0.2403 116.316 39.9785
47 97956 97952 0.0872627 0.00959719 116.432 39.9775
48 92161 91905 0.043417 0.147194 116.436 39.9328
49 43008 43008 0 0 116.223 39.9057
50 118433 118439 0.0318654 0.0645453 116.334 40.0392
51 61190 61191 0.0341738 0.0560235 116.495 39.9142
52 60265 60266 0.0700772 0.0334547 116.442 39.9092
53 62645 62645 0 0 116.457 39.907
54 60626 60629 0.0688425 0.0820108 116.462 39.8964
55 85386 85387 0.0470436 0.0613254 116.352 39.9329
56 65266 60186 0.0195214 0.002281 116.415 39.9098
57 80159 81440 0.0927666 0.0217693 116.332 39.9953
58 91856 91856 0 0 116.437 39.9403
59 144074 144074 0 0 116.25 40.2135
60 126562 126563 0.0133518 0.0413886 116.592 40.0793
61 98594 98595 0.0836526 0.0772164 116.462 39.9677
62 62722 62720 0.00700881 0.103807 116.481 39.9104
63 120738 120739 0.0228832 0.00688305 116.467 40.0021
64 92922 92920 0.0919649 0.0274436 116.469 39.9929
65 99197 99196 0.00608267 0.00856433 116.476 39.9542
66 60125 60125 0 0 116.46 39.9139
67 97755 97755 0 0 116.439 39.9326
68 64076 62667 0.156227 0.0781092 116.46 39.8976
69 94870 94871 0.148222 0.00844453 116.381 39.9449
70 81088 81090 0.0279979 0.0109693 116.346 39.9776
71 117139 115903 0.0386067 0.0282152 116.303 40.0543
72 125741 125699 0.0104827 0.0116645 116.615 40.0559
73 58793 58793 0 0 116.418 39.8964
74 99123 88598 0.017477 0.149141 116.49 39.9853
75 58759 58760 0.127475 0.113368 116.43 39.9071
76 50514 50515 0.0106447 0.0621064 116.375 39.8941
77 121397 120648 0.0547661 0.106093 116.451 40.0076
78 83059 86781 0.122523 0.142373 116.337 39.9934
79 60728 60728 0 0 116.458 39.9064
80 124273 125791 0.0571407 0.0448133 116.548 40.067
81 81324 87308 0.0916622 0.0713243 116.35 39.9243
82 46118 46118 0 0 116.358 39.9079
83 37647 37647 0 0 116.503 39.811
84 85650 85651 0.0293859 0.0274324 116.308 39.9442
85 94143 93558 0.0772267 0.0248421 116.445 39.9264
86 82374 81971 0.0844167 0.00367805 116.289 39.9591
87 98931 98935 0.0665231 0.0399671 116.482 39.9908
88 57436 59826 0.0217456 0.00290558 116.428 39.9098
89 58429 58431 0.0574257 0.0921353 116.476 39.9073
90 80513 80465 0.00373535 0.0392565 116.316 39.9708
91 94208 94728 0.0587876 0.00291261 116.391 39.9392
92 62722 62722 0 0 116.481 39.9106
93 52471 52471 0 0 116.308 39.8506
94 85066 85078 0.0361462 0.0585861 116.35 39.9449
95 83641 83642 0.0470624 0.148062 116.334 39.9818
96 89743 94152 0.0233648 0.125843 116.463 39.9493
97 101128 101213 0.0939019 0.0633393 116.5 39.9864
98 119437 119437 0 0 116.299 40.0531
99 95253 95253 0 0 116.451 39.9189
100 90519 90532 0.0570369 0.368061 116.49 39.9799
101 69703 71804 0.0465558 0.112678 116.676 39.9077
102 94909 94909 0 0 116.377 39.923
103 96028 63890 0.0909007 0.0962576 116.47 39.9173
104 60495 58430 0.0550864 0.0938307 116.475 39.9074
105 95914 94170 0.138191 0.0450836 116.455 39.9199
106 63420 63421 0.057039 0.0540225 116.46 39.88
107 89777 89776 0.0135656 0.0598409 116.414 39.9485
108 89039 89054 0.002558 0.117091 116.444 39.9359
109 81089 81090 0.0121653 0.00291207 116.344 39.977
110 120431 120430 0.0592351 0.0374903 116.303 40.053
111 58012 58011 0.0327049 0.123772 116.493 39.9152
112 95914 95914 0 0 116.454 39.92
113 61436 61554 0.0634796 0.00375961 116.375 39.9113
114 60420 60420 0 0 116.446 39.9064
115 62722 62723 0.103303 0.0480952 116.481 39.9106
116 89242 89243 0.0116932 0.1155 116.417 39.9214
117 37869 38213 0.18679 0.108776 116.502 39.8011
118 118437 118437 0 0 116.334 40.0395
119 52830 46146 0.0473735 0.0416764 116.367 39.9096
120 81819 81819 0 0 116.324 39.9552
121 98916 98914 0.0885719 0.0723427 116.473 39.9918
122 66309 66309 0 0 116.535 39.9171
123 87009 87011 0.0210068 0.0494252 116.346 39.9862
124 59468 59468 0 0 116.465 39.907
125 65027 65027 0 0 116.379 39.865
126 68257 68256 0.0695326 0.0884206 116.506 39.9009
127 90518 90518 0 0 116.485 39.9763
128 89756 89755 0.0240892 0.0220515 116.398 39.9692
129 50735 50735 0 0 116.337 39.8877
130 118074 118061 0.029321 0.129505 116.353 40.0001
131 99178 99178 0 0 116.449 39.9464
132 88219 78438 0.21165 0.0207892 116.289 39.9985
133 86116 86115 0.042551 0.0711332 116.328 39.9647
134 17401 17398 0.0654411 0.104129 116.327 39.7374
135 110939 110940 0.0949157 0.0148714 115.972 40.4586
136 152778 152778 0 0 116.637 40.3126
137 64036 62439 0.115107 0.0478385 116.39 39.8805
138 125119 125118 0.200649 0.232364 116.597 40.0112
139 119622 119622 0 0 116.318 40.075
140 86617 86617 0 0 116.31 39.9844
141 64814 64813 0.0338819 0.0437002 116.435 39.9048
142 54011 52653 0.0399175 0.0205621 116.318 39.8838
143 58364 58366 0.0034215 0.00608267 116.458 39.9094
144 85133 85134 0.00724836 0.100782 116.36 39.9473
145 96955 96954 0.0176382 0.045422 116.388 39.9356
146 93349 93346 0.00797218 0.0259901 116.468 39.9596
147 92378 92375 0.0787559 0.0460253 116.418 39.9854
148 91878 90995 0.0996974 0.0134493 116.432 39.9415
149 88946 91751 0.199944 0.194117 116.392 39.9392
150 65201 65200 0.0217009 0.195246 116.427 39.8455
151 46344 46978 0.0746891 0.0128397 116.347 39.8903
152 59492 60027 0.0165963 0.063111 116.477 39.9066
153 122942 122942 0 0 116.401 40.0064
154 126423 126422 0.0451287 0.0930064 116.592 40.0754
155 93935 88952 0.00923226 0.0158791 116.393 39.939
156 88604 88604 0 0 116.495 39.9844
157 115098 115099 0.161819 0.408139 116.278 40.0118
158 65132 65132 0 0 116.481 39.9106
159 88050 88051 0.0382098 0.0877554 116.352 39.939
160 89171 89171 0 0 116.429 39.9273
161 60437 63887 0.04888 0.148529 116.455 39.9054
162 57982 57981 0.124772 0.0684135 116.45 39.9097
163 91626 96581 0.0311104 0.124518 116.47 39.995
164 54805 54805 0 0 116.462 39.8964
165 80945 86615 0.134445 0.0177554 116.313 39.9805
166 80193 80194 0.0097705 0.130922 116.332 39.9934
167 54321 52746 0.0163401 0.0268595 116.339 39.8858
168 57338 54943 0.0545044 0.077187 116.461 39.8928
169 91367 91371 0.0505756 0.124369 116.44 39.9578
170 85078 85066 0.0142407 0.0804916 116.35 39.9462
171 57369 57951 0.0468187 0.0262106 116.428 39.9075
172 91569 91570 0.20037 0.0079687 116.424 39.9946
173 96581 91626 0.124518 0.0311104 116.47 39.995
174 91932 91932 0 0 116.441 39.9195
175 95310 95437 0.0176455 0.0581655 116.478 39.918
176 97557 97556 0.0307539 0.0657 116.457 39.9944
177 80602 87691 0.0478104 0.0653044 116.307 39.9309
178 98937 98937 0 0 116.481 39.9861
179 95646 95651 0.0166705 0.0259571 116.47 39.9433
180 88762 88754 0.0661762 0.00596609 116.405 39.9485
181 96886 96885 0.0130608 0.138969 116.396 39.9394
182 64085 64087 0.0569365 0.00699818 116.476 39.9138
183 28709 28710 0.0219581 0.0395467 116.335 39.7964
184 94235 95656 0.163225 0.0475331 116.476 39.9378
185 135430 135431 0.101869 0.0549283 116.55 40.1092
186 83756 83756 0 0 116.359 39.9673
187 62722 62720 0.00349925 0.107316 116.481 39.9104
188 81064 81065 0.0711356 0.0716648 116.323 39.9756
189 79546 78535 0.0580894 0.176416 116.322 39.997
190 60158 60159 0.13632 0.047118 116.398 39.8992
191 95669 95673 0.0221302 0.0370708 116.482 39.9402
192 84951 84952 0.0179723 0.0426108 116.335 39.9535
193 157955 157939 0.064451 0.028064 116.833 40.37
194 81050 81131 0.0893577 0.0786801 116.332 39.976
195 90080 88611 0.0174811 0.0389223 116.49 39.9853
196 95876 95878 0.0452845 0.0776814 116.457 39.9368
197 57950 57953 0.0671582 0.251007 116.43 39.9071
198 89067 89067 0 0 116.422 39.9324
199 91373 91369 0.0797104 0.0464991 116.442 39.9591
200 88604 88605 0.00957532 0.210062 116.496 39.985
201 62645 62638 0.0144186 0.193651 116.458 39.9052
202 82237 80956 0.0834115 0.02134 116.296 39.9677
203 119029 116130 0.0462146 0.0536543 116.354 40.0017
204 96154 96153 0.00116498 0.107311 116.404 39.9945
205 95669 95673 0.0155549 0.0436461 116.482 39.9402
206 142068 142070 0.147908 0.132267 116.244 40.2179
207 62593 59261 0.0585695 0.0129043 116.449 39.9077
208 60123 58351 0.0630879 0.0367747 116.459 39.915
209 95550 95547 0.0540354 0.0753666 116.46 39.9556
210 45161 45162 0.127354 0.00613396 116.337 39.912
211 91672 90537 0.0121653 0.421235 116.49 39.9853
212 54581 54581 0 0 116.375 39.9007
213 86385 86382 0.006843 0.0658881 116.371 39.9605
214 94446 94445 0.0593656 0.028421 116.424 39.9869
215 97438 97436 0.00507765 0.092443 116.474 39.9857
216 69913 72773 0.108373 0.255593 116.662 39.9069
217 91989 91989 0 0 116.466 39.95
218 62721 65133 0.100466 0.12133 116.481 39.9119
219 83671 83671 0 0 116.367 39.998
220 93015 93017 0.0241968 0.0193829 116.464 39.9621
221 60158 60159 0.0391387 0.1443 116.4 39.8998
222 55952 55951 0.119046 0.161049 116.457 39.876
223 91102 91103 0.141481 0.360338 116.436 39.9384
224 97503 97504 0.0822483 0.0679617 116.493 39.9759
225 115703 117491 0.120121 0.121931 116.341 40.0791
226 91193 91193 0 0 116.484 39.9906
227 89022 89022 0 0 116.403 39.9352
228 48909 51057 0.0167948 0.0556603 116.362 39.9154
229 83637 83638 0.0131431 0.0575195 116.337 39.9891
230 88404 88404 0 0 116.456 39.936
231 124515 124504 0.0394952 0.0166099 116.577 40.0572
232 60522 60522 0 0 116.491 39.9136
233 59273 59272 0.0190366 0.0417884 116.443 39.9045
234 96286 96288 0.0544786 0.00266116 116.431 39.9806
235 89776 89776 0 0 116.413 39.9483
236 91919 94044 0.0974611 0.0357586 116.442 39.9221
237 64182 64180 0.0288352 0.10597 116.468 39.8839
238 81916 80692 0.00259547 0.202153 116.369 39.9521
239 88935 89893 0.129427 0.0471149 116.458 39.94
240 86323 86324 0.0352327 0.00362142 116.347 39.9591
241 90639 92077 0.0859577 0.0960978 116.461 39.9326
242 47987 47985 0.00325734 0.0650702 116.358 39.9109
243 58375 58376 0.0310636 0.165397 116.455 39.9054
244 90316 92339 0.0446166 0.0189673 116.425 39.9863
245 153871 153989 0.254043 0.0144044 116.009 40.3569
246 84463 84463 0 0 116.311 39.9182
247 93516 93519 0.0268178 0.0419949 116.454 39.9356
248 123089 123089 0 0 116.404 40.0029
249 89002 90422 0.00357959 0.461859 116.403 39.9379
250 96090 96091 0.0154538 0.127557 116.485 39.9181
251 125699 125741 0.0116645 0.0104827 116.615 40.0559
252 94289 97486 0.0959148 0.0446736 116.487 39.9605
253 59483 59485 0.0684735 0.00414112 116.477 39.9104
254 87424 87425 0.0696669 0.0412869 116.305 39.9889
255 144524 144256 0.0265989 0.182954 116.261 40.2219
256 81580 81581 0.0456089 0.0386602 116.321 39.9705
257 79350 79349 0.316609 0.0163226 116.325 39.9847
258 93520 93520 0 0 116.451 39.9326
259 95879 95879 0 0 116.454 39.9322
260 90892 90892 0 0 116.478 39.9896
261 82304 82304 0 0 116.315 39.9606
262 95914 94170 0.05597 0.127304 116.454 39.92
263 70263 70263 0 0 116.647 39.8918
264 94680 94682 0.0852705 0.0997352 116.456 39.9282
265 81526 81526 0 0 116.308 39.9667
266 93516 93519 0.044318 0.0244947 116.452 39.9352
267 116869 118646 0.0308081 0.0386806 116.352 40.0112
268 83213 83210 0.00494217 0.004562 116.365 39.9954
269 97582 97583 0.0951059 0.0306814 116.44 39.9622
270 86532 84761 0.0184125 0.0329262 116.321 39.9565
271 71473 70407 0.0186719 0.0576412 116.65 39.8763
272 87423 87424 0.0516694 0.0531378 116.305 39.9887
273 54007 53559 0.115271 0.322262 116.322 39.8888
274 92825 97399 0.0722694 0.0175496 116.434 39.96
275 58531 58530 0.085256 0.0701604 116.388 39.8565
276 97386 97386 0 0 116.434 39.9724
277 82731 87320 0.202248 0.0947829 116.361 39.959
278 124766 124763 0.0585457 0.0562647 116.521 40.0778
279 58003 58003 0 0 116.471 39.9123
280 87589 85520 0.0957956 0.0564974 116.289 39.9587
281 81486 81485 0.0244213 0.215595 116.309 39.9807
282 116706 116706 0 0 116.305 40.0467
283 54563 54563 0 0 116.367 39.908
284 96215 92286 0.33466 0.0903057 116.409 39.9975
285 41496 41493 0.0128366 0.0151829 116.111 39.9097
286 54097 54098 0.110712 0.0238403 116.374 39.8686
287 53506 47959 0.102005 0.305257 116.336 39.9058
288 94198 88941 0.0499507 0.088959 116.406 39.9407
289 120245 120245 0 0 116.339 40.082
290 62906 62906 0 0 116.464 39.8689
291 97196 97196 0 0 116.425 39.994
292 87475 87474 0.0393338 0.154786 116.328 39.9928
293 89682 98653 0.147291 0.00941731 116.396 39.9353
294 82631 82630 0.0134151 0.00472627 116.299 39.9246
295 88606 88606 0 0 116.494 39.9831
296 60487 60488 0.0291736 0.141327 116.476 39.9128
297 52889 52888 0.0780049 0.0326923 116.353 39.8836
298 60111 60111 0 0 116.446 39.8758
299 64788 57111 0.129839 0.0502496 116.41 39.9133
300 123249 123247 0.0361087 0.080506 116.474 40.012
301 48443 48444 0.0726355 0.0102645 116.278 39.9146
302 82749 82748 0.121895 0.52762 116.366 39.9577
303 98917 98924 0.136671 0.0304974 116.482 39.994
304 95564 95563 0.0233272 0.0233272 116.461 39.9504
305 93823 88871 0.146255 0.177491 116.403 39.9424
306 58394 62716 0.0919652 0.0564689 116.476 39.9104
307 60539 60540 0.00657352 0.141302 116.486 39.9095
308 54559 54559 0 0 116.365 39.9064
309 91525 98130 0.279938 0.361348 116.39 39.9799
310 98592 98590 0.149174 0.0977987 116.45 39.9637
311 96224 93195 0.392457 0.0185242 116.407 39.9916
312 97765 94649 0.025837 0.147553 116.44 39.9221
313 58274 58275 0.0203962 0.0130726 116.42 39.9162
314 58333 58332 0.0261159 0.0420635 116.451 39.9075
315 92289 92288 0.0595012 0.0735581 116.411 39.9986
316 86105 86104 0.066276 0.0532621 116.322 39.9735
317 87939 86262 0.0877127 0.0629562 116.349 39.9731
318 98228 98228 0 0 116.394 39.9337
319 84758 81827 0.0907717 0.0537966 116.322 39.9538
320 59396 59398 0.173023 0.538444 116.459 39.9054
321 84594 84595 0.0273574 0.103403 116.324 39.9809
322 35433 35436 0.034588 0.00418178 116.495 39.7996
323 65133 62721 0.216488 0.00530774 116.481 39.9117
324 62725 62724 0.13029 0.0102645 116.479 39.9101
325 84785 84785 0 0 116.325 39.9492
326 81700 81699 0.0896228 0.020529 116.293 39.9457
327 83905 81738 0.0769196 0.0150308 116.304 39.9458
328 98930 98935 0.042719 0.0219772 116.482 39.9909
329 87336 87336 0 0 116.371 39.9772
330 94260 94262 0.0320006 0.124204 116.484 39.9983
331 84585 84587 0.0805865 0.057164 116.315 39.9878
332 60683 64254 0.123779 0.0517158 116.488 39.8852
333 90312 90312 0 0 116.431 39.9838
334 58323 58323 0 0 116.452 39.909
335 84643 80167 0.0151893 0.0572393 116.334 39.9878
336 64224 63447 0.0566009 0.155916 116.482 39.8907
337 83320 83322 0.0335328 0.0896323 116.326 39.9678
338 93611 93609 0.00515835 0.0140275 116.456 39.9173
339 91910 91424 0.00740342 0.174346 116.44 39.9256
340 85066 85078 0.0804916 0.0142407 116.35 39.9462
341 85517 85518 0.0801444 0.0624494 116.29 39.9591
342 59621 59621 0 0 116.479 39.8902
343 63887 60437 0.037164 0.160245 116.455 39.9054
344 58005 58005 0 0 116.463 39.907
345 95254 95254 0 0 116.451 39.919
346 63483 63483 0 0 116.48 39.8787
347 86066 87919 0.148664 0.0296999 116.324 39.9683
348 91860 91859 0.0769798 0.113224 116.42 39.9485
349 60737 62808 0.0169138 0.002281 116.486 39.8996
350 59391 59387 0.0502317 0.063086 116.452 39.9044
351 65090 65091 0.0701686 0.00472696 116.455 39.9152
352 64091 64902 0.00470875 0.0859233 116.474 39.9116
353 89687 94056 0.0552364 0.0469488 116.439 39.9249
354 62698 62698 0 0 116.452 39.9147
355 83944 83945 0.021374 0.153462 116.319 39.9573
356 92247 92246 0.0744276 0.0792744 116.403 39.9986
357 94230 94229 0.0804537 0.0178147 116.431 39.9778
358 60437 63887 0.160245 0.037164 116.455 39.9054
359 81509 81511 0.088394 0.0300756 116.307 39.973
360 58756 58756 0 0 116.439 39.907
361 85519 85519 0 0 116.289 39.9583
362 89729 89729 0 0 116.425 39.9345
363 61387 61387 0 0 116.375 39.9082
364 118061 118074 0.144712 0.0141143 116.354 40.0001
365 90999 90999 0 0 116.431 39.9332
366 126422 126423 0.0930064 0.0451287 116.592 40.0754
367 94425 94426 0.020167 0.0661315 116.402 39.9922
368 159219 159218 0.00669126 0.539726 116.018 40.4192
369 46035 46035 0 0 116.359 39.9081
370 93096 94219 0.0418467 0.0261067 116.481 39.9768
371 54281 54278 0.0186647 0.054203 116.323 39.9052
372 99178 99179 0.0412217 0.0486705 116.449 39.9468
373 98839 98839 0 0 116.438 40.0014
374 96622 96622 0 0 116.478 39.9889
375 93193 91534 0.0377285 0.0544925 116.407 39.9933
376 51340 51341 0.066742 0.0186282 116.371 39.8344
377 80692 81916 0.194905 0.00984356 116.369 39.952
378 93245 93246 0.106351 0.015146 116.452 39.9587
379 101659 101660 0.0423709 0.0570122 116.502 39.9306
380 55595 60711 0.0301208 0.0166798 116.494 39.895
381 95553 95552 0.0240711 0.0352591 116.461 39.9579
382 98282 98285 0.0812201 0.0885819 116.446 39.9221
383 82298 82300 0.0760971 0.171986 116.313 39.9681
384 93242 93241 0.0432934 0.035847 116.446 39.9536
385 153989 153865 0.0491059 0.200829 116.009 40.3574
386 97504 97503 0.075046 0.0751641 116.493 39.9754
387 54830 65361 0.0621015 0.0548179 116.413 39.9157
388 96132 96133 0.0566618 0.0795447 116.377 39.9803
389 94003 91170 0.123294 0.120545 116.414 39.9257
390 94003 91170 0.11485 0.128989 116.415 39.9278
391 58393 58394 0.00583206 0.0527019 116.476 39.9112
392 91906 91900 0.0385476 0.0625255 116.436 39.9319
393 91204 91204 0 0 116.437 39.9182
394 84786 84785 0.0285979 0.0029053 116.325 39.951
395 58084 57893 0.0475352 0.493384 116.399 39.8609
396 63598 63594 0.006843 0.159294 116.422 39.8993
397 123090 121348 0.0186377 0.159743 116.402 40.0029
398 98546 98547 0.0508393 0.0711584 116.48 39.987
399 68656 67798 0.19376 0.249702 116.51 39.9109
400 60275 55457 0.0690603 0.163854 116.441 39.9054
401 94113 94590 0.116713 0.213762 116.382 39.9477
402 85306 85306 0 0 116.336 39.9257
403 28850 28848 0.0364152 0.100115 116.285 39.8223
404 123169 123170 0.111894 0.0820928 116.408 40.0059
405 90442 90441 0.0642587 0.0771825 116.41 39.9229
406 33964 33966 0.136475 0.012039 116.499 39.7894
407 58394 58393 0.0228257 0.0357083 116.477 39.911
408 58390 58389 0.0508593 0.104115 116.469 39.9133
409 90252 90252 0 0 116.44 39.9587
410 89830 89745 0.192744 0.0847796 116.452 39.9329
411 118187 118188 0.0362301 0.0407756 116.302 40.0433
412 65131 65314 0.0804795 0.04083 116.473 39.9132
413 97211 98073 0.134156 0.0315764 116.412 39.9892
414 48444 53875 0.031175 0.0295971 116.276 39.9151
415 51438 51438 0 0 116.264 39.9134
416 93778 93776 0.0515113 0.0145176 116.394 39.9424
417 87070 87072 0.0306971 0.0304234 116.317 39.9734
418 26900 26906 0.0452398 0.0502643 116.156 39.8057
419 92622 92619 0.0137078 0.292804 116.413 39.9704
420 91758 93801 0.0909969 0.109047 116.407 39.9512
421 51572 51575 0.0282834 0.083145 116.277 39.8891
422 91706 91707 0.139312 0.0541234 116.481 39.9738
423 58694 60535 0.033475 0.0406942 116.484 39.909
424 95493 95494 0.0360695 0.0585197 116.447 39.9479
425 83059 86781 0.0796777 0.185218 116.337 39.9915
426 58376 59924 0.0981138 0.009124 116.455 39.9052
427 52888 52889 0.0326923 0.0780049 116.353 39.8836
428 84518 51057 0.0453752 0.0455226 116.362 39.9173
429 80830 80830 0 0 116.356 39.9502
430 88939 88940 0.0479766 0.0256671 116.403 39.9388
431 59400 59400 0 0 116.461 39.905
432 91359 91358 0.0711375 0.0746108 116.434 39.96
433 62825 62825 0 0 116.477 39.9121
434 61911 61913 0.081103 0.0361912 116.436 39.8656
435 94439 94439 0 0 116.424 39.9896
436 92020 92021 0.0595758 0.0560807 116.465 39.9458
437 80959 87455 0.0179664 0.149582 116.301 39.9689
438 80950 80926 0.017496 0.0932451 116.312 39.9845
439 90807 90808 0.0362017 0.0333404 116.404 39.94
440 47550 47551 0.077677 0.07577 116.258 39.9078
441 122594 94785 0.0772236 0.0505622 116.381 40.0009
442 58429 58431 0.0830003 0.0665606 116.476 39.9076
443 95264 95264 0 0 116.412 39.9182
444 121846 121845 0.101566 0.154776 116.467 40.0043
445 47080 47079 0.114692 0.0238346 116.357 39.8891
446 60632 65142 0.143807 0.0442432 116.472 39.8968
447 64789 64790 0.0443604 0.0901568 116.419 39.915
448 98526 92880 0.0081546 0.0266241 116.467 39.9977
449 86060 83596 0.00769212 0.155669 116.317 39.9734
450 63446 63446 0 0 116.47 39.8937
451 88944 88943 0.170148 0.019392 116.386 39.9403
452 60253 55072 0.0243307 0.143295 116.437 39.9127
453 114706 120179 0.444086 0.0980739 116.34 40.0037
454 93516 94664 0.0229035 0.0473005 116.454 39.9365
455 89219 89215 0.0803271 0.0199689 116.423 39.9239
456 60210 60210 0 0 116.422 39.9075
457 119083 119084 0.118392 0.0654703 116.312 40.0276
458 57982 57982 0 0 116.451 39.9106
459 65306 65308 0.0271548 0.102102 116.472 39.9094
460 100824 100822 0.0300332 0.203788 116.514 39.9333
461 97147 97149 0.0112312 0.057264 116.405 39.994
462 97681 97680 0.113912 0.0217052 116.458 39.9566
463 92436 92440 0.0786945 0.075309 116.436 39.9902
464 67819 67820 0.107864 0.0928742 116.521 39.9088
465 58370 58370 0 0 116.453 39.9089
466 88581 88582 0.231847 0.0233126 116.405 39.9939
467 93849 93850 0.0365175 0.0359174 116.423 39.9508
468 83157 83157 0 0 116.354 40.0001
469 93954 93955 0.062731 0.0466524 116.396 39.9392
470 61740 61740 0 0 116.414 39.9015
471 65070 65071 0.040383 0.18207 116.396 39.8858
472 142066 142066 0 0 116.244 40.2178
473 78493 83358 0.136765 0.08994 116.341 39.9644
474 94170 95914 0.123883 0.0593915 116.454 39.92
475 98383 98385 0.112954 0.0125303 116.455 39.9172
476 57741 57741 0 0 116.45 39.9092
477 79425 79078 0.126479 0.0266324 116.371 39.9675
478 97430 97431 0.01357 0.136738 116.483 39.9896
479 62242 62243 0.02519 0.0643294 116.412 39.8528
480 89208 90801 0.0492489 0.178857 116.403 39.9242
481 96557 96558 0.002281 0.129836 116.465 39.9924
482 93516 89551 0.086345 0.143337 116.453 39.9345
483 91963 91963 0 0 116.462 39.9528
484 42349 42349 0 0 116.193 39.9077
485 115935 115936 0.0516196 0.0543929 116.321 40.0759
486 83320 83322 0.011292 0.111873 116.326 39.9678
487 79579 80891 0.186547 0.0105471 116.325 39.9929
488 61331 61328 0.0870086 0.00380167 116.376 39.9092
489 96752 94219 0.0322612 0.0458419 116.483 39.9766
490 88998 89002 0.188398 0.0595606 116.403 39.9373
491 48845 48846 0.0373552 0.0475864 116.345 39.9122
492 61754 61754 0 0 116.43 39.907
493 89511 89511 0 0 116.417 39.9252
494 91422 91422 0 0 116.442 39.9223
495 77188 77189 0.0526367 0.207889 116.201 39.9235
496 90801 89208 0.176494 0.051612 116.403 39.9247
497 94039 94041 0.00874383 0.0572888 116.435 39.9282
498 27674 27923 0.119844 0.126808 116.291 39.8239
499 90604 90604 0 0 116.47 39.9861
500 81099 81099 0 0 116.342 39.9669
501 87863 87864 0.131514 0.0732745 116.337 39.9852
502 123835 121479 0.0395821 0.116458 116.411 40.0547
503 80927 80462 0.0220804 0.0829554 116.309 39.98
504 48989 49097 0.125607 0.0563058 116.333 39.8968
505 53558 51803 0.0116723 0.0852827 116.366 39.8999
506 98009 94407 0.0133952 0.114839 116.387 39.9839
507 142042 142042 0 0 116.243 40.2235
508 62804 62800 0.00139252 0.0142312 116.486 39.8989
509 63928 56701 0.00821772 0.00611753 116.398 39.8982
510 93249 93250 0.118516 0.0604549 116.452 39.9587
511 60151 60152 0.057912 0.0864318 116.41 39.9091
512 163955 164018 0.31414 0.165139 117.101 40.1422
513 62901 62902 0.0188929 0.0681352 116.468 39.8675
514 98558 98555 0.0498018 0.152167 116.495 39.9858
515 57111 55350 0.0836133 0.0186618 116.409 39.9134
516 83059 86781 0.116395 0.148501 116.337 39.9934
517 86097 86160 0.0204041 0.00869219 116.325 39.9758
518 55411 54990 0.0372746 0.101547 116.406 39.91
519 91023 91025 0.103983 0.309554 116.386 39.9873
520 88779 88826 0.0867262 0.0676297 116.403 39.946
521 58677 63830 0.0692445 0.184236 116.493 39.8956
522 91956 98198 0.122839 0.153759 116.461 39.9577
523 89529 96282 0.149648 0.0586229 116.422 39.9797
524 54997 55199 0.0756353 0.0935131 116.382 39.906
525 65327 65327 0 0 116.461 39.8956
526 95548 95547 0.011989 0.0583404 116.46 39.9571
527 88952 93935 0.0126219 0.0124894 116.394 39.9386
528 94871 94871 0 0 116.381 39.9447
529 89551 93516 0.190098 0.0395845 116.455 39.9351
530 62646 60436 0.00708059 0.129534 116.458 39.9061
531 91964 92164 0.0466569 0.00566998 116.464 39.9518
532 62720 62722 0.107316 0.00349906 116.481 39.9104
533 84475 86911 0.0105036 0.0280143 116.261 39.9173
534 55009 55009 0 0 116.44 39.8949
535 57996 57996 0 0 116.459 39.8987
536 118074 118061 0.0323623 0.126464 116.354 40.0005
537 88598 88606 0.203444 0.0133123 116.495 39.9844
538 59582 59582 0 0 116.465 39.8841
539 60433 60433 0 0 116.443 39.909
540 90807 90808 0.0334547 0.0360874 116.404 39.94
541 94208 94728 0.0601796 0.00152067 116.391 39.9392
542 65133 62721 0.0699412 0.151855 116.48 39.9114
543 95641 95641 0 0 116.459 39.9532
544 60449 58003 0.117857 0.0769031 116.47 39.9127
545 116864 115519 0.114697 0.0321513 116.354 40.0158
546 85429 85427 0.0843319 0.0167273 116.353 39.922
547 57571 57571 0 0 116.444 39.8656
548 80150 80150 0 0 116.337 39.9921
549 55446 55445 0.143484 0.0618254 116.43 39.9069
550 50648 50647 0.0156337 0.0186144 116.323 39.8978
551 58393 58394 0.0376248 0.0209092 116.477 39.911
552 84597 84596 0.0102645 0.116674 116.315 39.9827
553 118040 118053 0.082794 0.0384712 116.352 40.0006
554 55224 55224 0 0 116.421 39.8866
555 124327 126426 0.515313 0.649124 116.542 40.0629
556 94045 91922 0.0278145 0.0353042 116.44 39.9221
557 58359 58357 0.028004 0.243506 116.459 39.91
558 118038 118037 0.0818371 0.242731 116.352 40.0021
559 58401 64072 0.0803531 0.0373311 116.463 39.9056
560 51614 51615 0.0642807 0.0254979 116.303 39.9158
561 50712 54527 0.0261719 0.0258391 116.341 39.889
562 89302 96988 0.063118 0.1062 116.413 39.9182
563 65316 65315 0.00583184 0.0606512 116.47 39.9142
564 81559 81558 0.0957245 0.0157963 116.334 39.9873
565 97877 97877 0 0 116.455 39.9965
566 97464 93105 0.0332093 0.0541222 116.477 39.9666
567 97443 97444 0.0315232 0.0206987 116.47 39.9823
568 157199 157988 0.0453404 0.0174436 116.843 40.3748
569 51773 48864 0.0128539 0.139987 116.346 39.9067
570 91670 91669 0.0161709 0.0316293 116.476 39.9818
571 48040 52660 0.0367965 0.0101836 116.32 39.8896
572 92864 92861 0.32157 0.108643 116.458 39.9838
573 60479 60479 0 0 116.477 39.916
574 82655 85917 0.057205 0.0293983 116.303 39.9284
575 84593 81556 0.0656849 0.10198 116.325 39.9827
576 82188 82188 0 0 116.258 39.9743
577 44244 44239 0.00641839 0.015189 116.24 39.9041
578 80826 80826 0 0 116.373 39.9676
579 97956 97952 0.0886541 0.00820579 116.432 39.9776
580 58890 58892 0.146154 0.0395373 116.44 39.8884
581 79903 79901 0.0395779 0.0450779 116.307 39.9763
582 57469 57469 0 0 116.418 39.8982
583 95843 95842 0.0268854 0.0417053 116.453 39.9345
584 63596 63597 0.0543105 0.0110155 116.42 39.8983
585 63946 63946 0 0 116.412 39.909
586 114881 114882 0.00463162 0.142863 116.312 40.0305
587 59398 59396 0.538444 0.173023 116.459 39.9054
588 93594 93595 0.0618536 0.020996 116.452 39.9194
589 90292 90294 0.156785 0.121438 116.407 39.9656
590 99068 99068 0 0 116.394 39.9651
591 121101 123901 0.186535 0.0896994 116.431 40.0695
592 99067 99068 0.134696 0.0771892 116.394 39.9651
593 97632 97632 0 0 116.458 39.9161
594 93516 89551 0.0395845 0.190098 116.453 39.9347
595 90849 90849 0 0 116.441 39.9232
596 50672 50673 0.0867154 0.00808553 116.353 39.9089
597 59454 62606 0.0851425 0.0443477 116.458 39.9174
598 96162 96163 0.0582725 0.0800811 116.402 39.9933
599 62780 62783 0.0466838 0.102999 116.491 39.9134
600 81617 87345 0.144609 0.0871157 116.371 39.9686
601 51802 51802 0 0 116.368 39.9001
602 60190 60190 0 0 116.413 39.909
603 118051 118005 0.0757178 0.0640734 116.34 40.0014
604 153871 153989 0.201906 0.0665414 116.012 40.3558
605 89002 88998 0.13054 0.117419 116.403 39.9378
606 62781 62781 0 0 116.491 39.9132
607 52156 52156 0 0 116.368 39.8397
608 47946 47946 0 0 116.344 39.9081
609 48753 48752 0.0333903 0.0832407 116.317 39.8881
610 47893 47891 0.0817019 0.0366453 116.32 39.9103
611 90081 90082 0.0658101 0.134599 116.49 39.9845
612 58429 58431 0.0766501 0.0729109 116.475 39.9074
613 51811 51811 0 0 116.375 39.9036
614 81816 81244 0.0604112 0.0965716 116.322 39.9567
615 96763 97464 0.00796872 0.0234266 116.478 39.9675
616 48164 48164 0 0 116.354 39.8888
617 121308 122422 0.215323 0.147005 116.479 40.0005
618 87742 87742 0 0 116.352 39.9582
619 91570 91569 0.151298 0.057041 116.423 39.9953
620 125701 125741 0.554531 0.122898 116.615 40.0559
621 62756 62758 0.0546193 0.00494217 116.478 39.8979
622 62591 62592 0.190305 0.00745994 116.442 39.9076
623 98383 98385 0.0838313 0.0416526 116.453 39.917
624 88317 79913 0.052037 0.026781 116.311 39.9462
625 88611 88611 0 0 116.49 39.9865
626 93580 93580 0 0 116.443 39.9275
627 83707 83708 0.0725311 0.00351727 116.323 39.9612
628 86697 86698 0.0248204 0.0778271 116.316 39.9991
629 93274 93291 0.199902 0.0796818 116.455 39.9502
630 63858 63858 0 0 116.471 39.914
631 89521 93991 0.0702882 0.131056 116.416 39.9374
632 121322 121322 0 0 116.414 40.0326
633 89778 89779 0.0229644 0.0146467 116.415 39.9483
634 79954 79903 0.0438603 0.0254712 116.306 39.9767
635 60734 60734 0 0 116.48 39.9086
636 95646 95649 0.0441054 0.03496 116.47 39.9433
637 91925 91925 0 0 116.442 39.9229
638 94062 97013 0.0560271 0.0571566 116.432 39.9226
639 118482 118483 0.0338554 0.10028 116.322 40.0067
640 98064 98064 0 0 116.42 39.9984
641 94918 95174 0.00933979 0.108408 116.379 39.945
642 94691 94692 0.0419796 0.066568 116.451 39.9252
643 58335 58337 0.0707075 0.0475365 116.456 39.909
644 65110 65110 0 0 116.459 39.9076
645 55339 55365 0.0167273 0.124852 116.412 39.9135
646 83333 83331 0.125039 0.0399675 116.319 39.9636
647 97644 97643 0.0477959 0.0665078 116.446 39.9565
648 93954 93955 0.0743967 0.0349867 116.396 39.9394
649 91103 91102 0.224776 0.277042 116.436 39.9365
650 90808 94199 0.0361464 0.0163306 116.405 39.9408
651 121859 121856 0.097993 0.0192885 116.467 40.0069
652 45950 46627 0.504717 0.0396871 116.361 39.9
653 79903 79901 0.0167679 0.0678879 116.307 39.9761
654 88937 88943 0.0991645 0.0709587 116.389 39.9391
655 91806 91805 0.156223 0.00325726 116.411 39.9235
656 96938 89642 0.0807716 0.156163 116.435 39.94
657 52478 51753 0.350272 0.0270308 116.368 39.8899
658 55583 55583 0 0 116.4 39.8954
659 88901 90400 0.193782 0.13175 116.409 39.9427
660 80164 87491 0.122502 0.113685 116.335 39.9905
661 95638 93681 0.0425952 0.145067 116.474 39.944
662 81019 81020 0.0280623 0.101225 116.336 39.9989
663 47612 47611 0.095106 0.0935529 116.293 39.9124
664 64857 64857 0 0 116.443 39.9091
665 123325 123325 0 0 116.375 40.0048
666 81811 81810 0.0385763 0.189677 116.311 39.9263
667 78429 78429 0 0 116.312 39.9512
668 87859 81001 0.0468132 0.0540681 116.339 39.9932
669 118245 120124 0.00685893 0.0639121 116.322 40.0675
670 62686 64112 0.0714224 0.015635 116.468 39.9001
671 94056 94057 0.1124 0.104945 116.439 39.924
672 81592 84560 0.0258 0.0289865 116.329 39.9688
673 59841 59841 0 0 116.429 39.8932
674 97685 97685 0 0 116.462 39.9384
675 80478 80478 0 0 116.311 39.9776
676 57863 57432 0.0380902 0.107478 116.461 39.8669
677 95669 95673 0.00819686 0.0510042 116.482 39.9402
678 60250 60248 0.0129257 0.091697 116.43 39.909
679 90808 90807 0.0360874 0.0334547 116.404 39.94
680 93780 93779 0.175675 0.0648508 116.396 39.9421
681 82102 82101 0.0768995 0.181495 116.301 39.9942
682 61896 61897 0.00842966 0.128634 116.422 39.8641
683 90110 90110 0 0 116.441 39.9361
684 60181 64785 0.0600174 0.0836039 116.415 39.9098
685 94032 94032 0 0 116.436 39.9306
686 125457 126273 0.117927 0.18052 116.506 40.0356
687 59259 55432 0.0594883 0.2905 116.453 39.9089
688 65252 65253 0.0795649 0.032947 116.443 39.852
689 30361 28676 0.00963621 0.0174633 116.285 39.8261
690 64316 60949 0.0361158 0.0802491 116.389 39.8405
691 88937 88943 0.155327 0.0147965 116.387 39.9403
692 80161 80160 0.168793 0.00806808 116.334 39.9834
693 96704 91608 0.0876263 0.0376224 116.443 39.9602
694 65302 64097 0.0629451 0.0913932 116.479 39.9101
695 88952 93934 0.103825 0.0258099 116.394 39.9385
696 85445 85444 0.132869 0.0912203 116.363 39.9324
697 88908 88909 0.0558184 0.148249 116.406 39.9411
698 81838 84785 0.144111 0.0178097 116.325 39.9503
699 62732 62735 0.049138 0.0128506 116.481 39.9104
700 95363 95363 0 0 116.421 39.9589
701 83628 83628 0 0 116.344 39.9975
702 89893 88935 0.10658 0.0699624 116.455 39.9399
703 81125 81994 0.0317022 0.0233849 116.335 39.9925
704 91427 91427 0 0 116.438 39.9274
705 117562 115990 0.0496314 0.0851377 116.333 40.0576
706 120858 123365 0.0431061 0.066398 116.416 40.0033
707 95254 95255 0.0326652 0.00936133 116.452 39.9175
708 98449 98451 0.148208 0.0994518 116.432 39.9839
709 99164 99164 0 0 116.432 39.933
710 91922 91918 0.0380345 0.117689 116.44 39.9236
711 120270 114536 0.277051 0.0050472 116.333 40.0305
712 58270 58268 0.0552901 0.0301378 116.423 39.9097
713 48018 50523 0.0866654 0.00349898 116.365 39.9158
714 95912 95913 0.0040111 0.0189556 116.456 39.9197
715 119156 119157 0.0326614 0.0506061 116.352 40.0052
716 57234 60147 0.335534 0.0185469 116.407 39.9089
717 79967 82232 0.178881 0.269761 116.295 39.9738
718 96674 96673 0.0799008 0.143837 116.497 39.9875
719 58672 58672 0 0 116.459 39.9131
720 81586 81584 0.116891 0.0428962 116.334 39.971
721 95880 95881 0.0427063 0.0490713 116.454 39.9319
722 69920 69918 0.0223769 0.0562548 116.664 39.9126
723 97467 96748 0.020358 0.0343022 116.479 39.977
724 68377 68378 0.103785 0.257402 116.53 39.8956
725 89074 90803 0.0685071 0.156295 116.403 39.9338
726 92694 92693 0.0629661 0.0143747 116.42 39.9686
727 93811 91778 0.0256271 0.060168 116.399 39.9513
728 58359 58357 0.0254712 0.246039 116.459 39.9097
729 91528 97156 0.0182065 0.0414551 116.402 39.9922
730 83261 83262 0.119484 0.0613648 116.364 39.9982
731 137582 137581 0.053236 0.0155741 116.661 40.1084
732 95875 95875 0 0 116.456 39.9357
733 122670 120657 0.0475351 0.237744 116.416 40.0256
734 92075 92075 0 0 116.456 39.9329
735 63938 63938 0 0 116.455 39.9054
736 86042 86043 0.0529523 0.194849 116.315 39.9785
737 80257 79012 0.0688187 0.0793381 116.363 39.9224
738 93292 90715 0.0215747 0.102534 116.453 39.9457
739 61436 61554 0.0647064 0.00253282 116.374 39.9121
740 89368 89368 0 0 116.421 39.924
741 92252 94425 0.0274101 0.0369572 116.403 39.9917
742 78925 78924 0.0827169 0.223194 116.344 39.9287
743 97419 92923 0.0301853 0.0369174 116.475 39.9982
744 90937 93351 0.0185129 0.122947 116.469 39.9538
745 65293 65293 0 0 116.493 39.9151
746 60489 60488 0.0625386 0.0254942 116.477 39.9133
747 44014 44017 0.100574 0.067656 116.204 39.908
748 60181 64785 0.062471 0.0811502 116.415 39.9098
749 60529 65148 0.148324 0.00934018 116.493 39.9115
750 15157 15157 0 0 116.14 39.7358
751 47921 47923 0.0203404 0.0209768 116.334 39.8988
752 83775 83775 0 0 116.37 39.9616
753 97306 90149 0.143369 0.00582039 116.383 39.9631
754 58429 58431 0.0799433 0.0696177 116.475 39.9074
755 96146 96146 0 0 116.387 39.9842
756 93779 93780 0.142562 0.0979636 116.396 39.9428
757 51797 51797 0 0 116.373 39.9108
758 98451 98449 0.0994518 0.148208 116.432 39.9838
759 121343 121343 0 0 116.415 40.0401
760 120247 120247 0 0 116.342 40.0831
761 58278 58279 0.0583009 0.0175985 116.426 39.9159
762 87583 87584 0.171027 0.0889619 116.28 39.9582
763 118615 118614 0.0376365 0.125622 116.352 40.0197
764 60123 58351 0.0583609 0.0415017 116.459 39.9151
765 58429 58431 0.0818598 0.0677011 116.475 39.9074
766 62902 62901 0.0681352 0.0188929 116.468 39.8675
767 97757 94668 0.0316946 0.0118351 116.448 39.9275
768 64072 58401 0.0625601 0.0551242 116.462 39.9052
769 110939 110940 0.095674 0.0141131 115.972 40.4586
770 123324 123417 0.0315357 0.205054 116.381 40.0091
771 15168 15168 0 0 116.132 39.7423
772 88880 89376 0.0940747 0.130736 116.416 39.944
773 81593 81596 0.0690154 0.0186632 116.323 39.966
774 62714 60450 0.0498173 0.0517423 116.473 39.9093
775 80321 80320 0.0221396 0.0256767 116.332 39.9908
776 81001 87859 0.0540681 0.0468132 116.338 39.9934
777 95255 95254 0.00936133 0.0326652 116.451 39.9191
778 96144 96144 0 0 116.39 39.9835
779 91529 92252 0.0266761 0.0152299 116.403 39.9918
780 62821 62822 0.0700431 0.101032 116.491 39.8998
781 94952 94953 0.1856 0.079869 116.377 39.9243
782 48102 48107 0.0260776 0.176824 116.346 39.8902
783 93654 93654 0 0 116.461 39.929
784 115519 116864 0.103559 0.0432889 116.354 40.0161
785 97800 97800 0 0 116.485 39.9329
786 92003 92010 0.0576512 0.0263661 116.463 39.946
787 53109 52198 0.158982 0.0563735 116.322 39.8684
788 61197 54829 0.0144463 0.0193885 116.412 39.9162
789 99118 99119 0.0655786 0.0142351 116.482 39.9866
790 63887 60437 0.168255 0.0291533 116.455 39.9057
791 16859 16856 0.0496559 0.147538 116.332 39.7329
792 79602 79602 0 0 116.321 39.9698
793 78765 81881 0.0374662 0.0291824 116.361 39.9526
794 89021 89022 0.359419 0.0116567 116.403 39.9369
795 64091 64902 0.00544864 0.0851834 116.474 39.9116
796 90938 90939 0.107357 0.0134906 116.451 39.9238
797 58375 58376 0.032695 0.163765 116.455 39.9054
798 88799 88799 0 0 116.412 39.9456
799 95558 95557 0.0329168 0.0534597 116.47 39.9554
800 84599 80617 0.148199 0.13882 116.314 39.9796
801 74691 74691 0 0 116.105 39.9444
802 81384 81333 0.0953519 0.00789487 116.353 39.9219
803 80974 83595 0.222735 0.0263088 116.316 39.9784
804 87101 87101 0 0 116.338 39.9757
805 57742 57742 0 0 116.45 39.9093
806 46756 46756 0 0 116.375 39.9093
807 91814 91815 0.0954089 0.0696341 116.412 39.9182
808 65361 54830 0.0548179 0.0621015 116.413 39.9157
809 55998 55997 0.00436435 0.101817 116.424 39.8661
810 93665 93661 0.111988 0.0274167 116.469 39.9286
811 84761 86532 0.0329262 0.0184125 116.321 39.9563
812 150712 150701 0.0580573 0.0027733 116.59 40.309
813 98026 94420 0.025091 0.0258646 116.402 39.9953
814 81703 81704 0.00536912 0.15548 116.3 39.9463
815 49193 47335 0.166379 0.0336092 116.374 39.8873
816 69313 69310 0.0292342 0.137698 116.507 39.8988
817 58375 58376 0.171398 0.0250622 116.453 39.9054
818 58666 58666 0 0 116.461 39.9051
819 88945 88946 0.0181882 0.0178123 116.393 39.9393
820 93516 94664 0.030887 0.039317 116.453 39.936
821 81830 87698 0.0542757 0.108738 116.323 39.9469
822 88974 90421 0.0431892 0.415194 116.404 39.9392
823 64075 62644 0.0775901 0.0125455 116.458 39.9063
824 88944 88943 0.154871 0.0346685 116.387 39.9403
825 78585 78585 0 0 116.369 39.984
826 81486 81486 0 0 116.309 39.9804
827 91815 91814 0.0934481 0.0715948 116.412 39.9191
828 94682 94682 0 0 116.456 39.9277
829 98988 96930 0.12093 0.00608267 116.433 39.9379
830 120738 120739 0.0204325 0.00933371 116.467 40.0021
831 93596 93596 0 0 116.451 39.919
832 91818 91820 0.111335 0.011405 116.411 39.9261
833 97090 97090 0 0 116.388 39.9981
834 96752 96752 0 0 116.483 39.9765
835 87034 87032 0.0625993 0.007783 116.373 39.9879
836 78759 78758 0.0480494 0.0574566 116.321 39.951
837 60266 60265 0.0334547 0.0700773 116.442 39.9092
838 98337 98123 0.0209875 0.039179 116.385 39.9765
839 87541 83944 0.237137 0.156168 116.319 39.9573
840 83984 83980 0.00700467 0.0657632 116.352 39.9515
841 124725 124726 0.107745 0.0485308 116.595 40.0487
842 93011 93012 0.0667472 0.0249179 116.458 39.9601
843 92342 92341 0.023642 0.0060201 116.418 39.9954
844 50514 50514 0 0 116.375 39.8962
845 142067 142067 0 0 116.244 40.2179
846 14762 14762 0 0 116.124 39.7282
847 52783 52779 0.033524 0.00646283 116.333 39.8988
848 53854 53855 0.0315538 0.095873 116.333 39.9083
849 90710 90710 0 0 116.449 39.9554
850 48024 48025 0.117013 0.0270924 116.374 39.9095
851 79726 85288 0.0336007 0.0832535 116.345 39.9371
852 94672 94672 0 0 116.451 39.9313
853 82730 78724 0.0565276 0.0205621 116.357 39.9582
854 88826 88779 0.070711 0.083645 116.403 39.946
855 55758 55224 0.189982 0.0184828 116.421 39.8868
856 86474 83562 0.14945 0.0335085 116.308 39.9889
857 86194 86197 0.0474512 0.0994785 116.34 39.9746
858 86781 83059 0.245343 0.0195532 116.337 39.992
859 81804 81805 0.0345952 0.0181633 116.311 39.9292
860 98558 98558 0 0 116.497 39.9847
861 93252 93253 0.0665986 0.0188198 116.457 39.9573
862 96759 96761 0.109591 0.0649993 116.483 39.976
863 121337 121337 0 0 116.418 40.0331
864 81613 81614 0.0894085 0.0691694 116.369 39.9775
865 89634 90840 0.0871951 0.0757912 116.436 39.9404
866 87464 87464 0 0 116.314 39.9953
867 70142 70143 0.0459598 0.331011 116.636 39.9084
868 90813 90813 0 0 116.49 39.9875
869 94447 94448 0.043117 0.0317679 116.423 39.9807
870 99216 99215 0.182734 0.117815 116.498 39.9233
871 94407 98009 0.104684 0.0235505 116.387 39.9842
872 90753 90754 0.111939 0.0632627 116.436 39.9343
873 86042 86043 0.0491207 0.198681 116.316 39.9781
874 34393 33327 0.0794049 0.219292 116.494 39.7939
875 88998 89002 0.224633 0.0233263 116.403 39.9362
876 63946 63947 0.0358655 0.00759253 116.412 39.9094
877 43237 43237 0 0 116.234 39.9036
878 88385 98830 0.0437469 0.075113 116.394 39.9406
879 59399 59400 0.0350007 0.00963363 116.46 39.9051
880 64607 64607 0 0 116.445 39.8679
881 48167 48168 0.0437161 0.00700079 116.354 39.8888
882 95843 95842 0.0499308 0.0186599 116.454 39.9345
883 94609 94609 0 0 116.414 39.9406
884 53136 53136 0 0 116.352 39.8757
885 89173 91495 0.0685194 0.243723 116.432 39.9274
886 81995 81559 0.0331538 0.0893827 116.334 39.9886
887 72404 72404 0 0 116.636 39.8918
888 81597 81594 0.0447745 0.0636801 116.324 39.9666
889 47554 47554 0 0 116.263 39.9069
890 58394 62716 0.104108 0.0443261 116.475 39.9092
891 58011 58012 0.123772 0.0327049 116.493 39.9151
892 124913 124910 0.0489478 0.1976 116.547 40.0626
893 80695 84566 0.0106447 0.0682653 116.37 39.9617
894 94118 94119 0.00802528 0.0324455 116.414 39.9483
895 58756 58753 0.00796472 0.0174451 116.439 39.9077
896 122614 121264 0.04673 0.0549935 116.404 40.0036
897 87556 87556 0 0 116.35 39.9768
898 88849 88850 0.0525983 0.194789 116.396 39.944
899 98752 93533 0.0606514 0.0455464 116.447 39.9345
900 50666 50666 0 0 116.364 39.9165
901 54170 54170 0 0 116.36 39.9124
902 52825 52825 0 0 116.364 39.9124
903 96583 96584 0.0509571 0.116983 116.474 39.9997
904 91934 91933 0.099999 0.133918 116.422 39.9248
905 151701 151701 0 0 116.633 40.325
906 64993 64993 0 0 116.406 39.9151
907 95847 95847 0 0 116.451 39.9321
908 91420 98679 0.0312112 0.021368 116.438 39.9227
909 98869 98869 0 0 116.41 39.9672
910 126564 126565 0.11744 0.0485479 116.592 40.0793
911 97211 98073 0.150613 0.0151195 116.413 39.9891
912 84740 84742 0.0338036 0.0231486 116.317 39.9573
913 84235 86761 0.0697669 0.00871489 116.339 39.9994
914 88611 90080 0.0167848 0.0396186 116.49 39.9865
915 89062 89047 0.113235 0.0189548 116.392 39.934
916 80458 80458 0 0 116.308 39.9832
917 93344 94153 0.00190083 0.0350529 116.469 39.9578
918 153846 153870 0.4974 0.019204 116.012 40.3558
919 90704 91935 0.021226 0.0992878 116.43 39.9247
920 93808 93810 0.0180137 0.0678409 116.398 39.9503
921 94631 89037 0.0536878 0.263774 116.4 39.9364
922 90446 90446 0 0 116.416 39.9404
923 61721 61721 0 0 116.415 39.9161
924 93829 93829 0 0 116.41 39.9454
925 93811 91778 0.00300815 0.082787 116.4 39.9512
926 58394 58394 0 0 116.477 39.911
927 94170 95914 0.00694167 0.176333 116.455 39.9198
928 61555 61556 0.110293 0.00505458 116.378 39.9081
929 88877 90397 0.367283 0.113119 116.412 39.9439
930 91924 97767 0.0520959 0.0532361 116.442 39.9227
931 79901 79901 0 0 116.307 39.9774
932 124269 125508 0.354982 0.445771 116.525 40.0748
933 90537 91672 0.421235 0.0121653 116.49 39.9853
934 89893 88935 0.0226214 0.153921 116.455 39.9407
935 119103 119105 0.179066 0.102992 116.337 40.0347
936 59479 59479 0 0 116.478 39.9119
937 88610 88610 0 0 116.49 39.9853
938 97396 98493 0.15723 0.0118426 116.431 39.962
939 96589 96591 0.0598854 0.105632 116.469 39.9928
940 91349 91349 0 0 116.415 39.9485
941 61727 61731 0.0771224 0.00908193 116.418 39.9115
942 93782 89519 0.0548583 0.0290095 116.396 39.9414
943 118966 118967 0.00687171 0.0556301 116.31 40.0372
944 57996 59439 0.0565774 0.122056 116.459 39.8987
945 94154 94154 0 0 116.469 39.9546
946 88974 88974 0 0 116.403 39.9391
947 55471 55470 0.0289878 0.0364527 116.39 39.9047
948 88225 88225 0 0 116.315 39.9828
949 83157 84695 0.0244895 0.010491 116.353 40.0001
950 84619 84618 0.0291429 0.0424534 116.336 39.9969
951 80940 79228 0.139266 0.0879421 116.307 39.984
952 51387 84518 0.0361846 0.0193617 116.361 39.917
953 98842 91643 0.0176174 0.0166293 116.47 39.9858
954 63937 63937 0 0 116.455 39.9054
955 93558 93558 0 0 116.443 39.9272
956 81525 81524 0.0609402 0.0627011 116.308 39.9672
957 58393 58394 0.00743903 0.0510949 116.475 39.911
958 91545 91546 0.0176741 0.0180724 116.404 39.9896
959 88528 93522 0.0494217 0.0512797 116.448 39.9363
960 63940 63940 0 0 116.455 39.9054
961 57363 57720 0.0501955 0.117494 116.428 39.9071
962 58375 58376 0.039457 0.157003 116.455 39.9054
963 98344 98344 0 0 116.433 39.96
964 88474 93292 0.0177495 0.222045 116.454 39.9463
965 79228 80940 0.168949 0.0582593 116.305 39.9838
966 120987 123571 0.0402989 0.0744807 116.426 40.0413
967 93514 93514 0 0 116.455 39.9375
968 124465 124396 0.344483 0.0419841 116.589 40.0706
969 88943 88944 0.019392 0.170148 116.387 39.9403
970 88989 88989 0 0 116.455 39.9396
971 92041 92040 0.016537 0.0295544 116.473 39.9469
972 83373 83733 0.0372563 0.102652 116.345 39.974
973 94118 89778 0.0420104 0.0548552 116.415 39.9485
974 86142 86120 0.0661396 0.165418 116.322 39.9608
975 87460 81532 0.0216576 0.0353861 116.311 39.9625
976 80314 80965 0.129037 0.00274726 116.301 39.96
977 59340 59343 0.0710102 0.111654 116.456 39.8767
978 63887 60437 0.114525 0.0828838 116.455 39.9054
979 99003 99004 0.0402022 0.183958 116.459 39.9497
980 138425 138425 0 0 116.658 40.1365
981 69163 69164 0.0304334 0.245762 116.502 39.8672
982 52548 48500 0.0279949 0.057469 116.295 39.9084
983 89208 89207 0.0544489 0.054809 116.403 39.9247
984 65312 65310 0.0177985 0.0388579 116.47 39.9112
985 80913 80912 0.0487664 0.0058203 116.316 39.9909
986 48908 48908 0 0 116.359 39.9136
987 85397 85395 0.0620093 0.0486862 116.347 39.9255
988 61721 61723 0.0220805 0.0207548 116.416 39.915
989 63887 60437 0.0657979 0.131611 116.455 39.9054
990 48426 48426 0 0 116.265 39.9012
991 119439 119440 0.0520567 0.0281938 116.301 40.0551
992 65137 65137 0 0 116.471 39.9
993 58357 58359 0.244647 0.0268635 116.459 39.9099
994 47827 47826 0.0281677 0.0287278 116.305 39.8941
995 59575 59575 0 0 116.465 39.8848
996 91895 91896 0.174766 0.101046 116.431 39.9328
997 33172 33172 0 0 116.455 39.8096
998 94829 94828 0.0304448 0.0403145 116.499 39.9717
999 93513 88990 0.0228842 0.0761124 116.455 39.937
1000 82039 82039 0 0 116.33 39.9932
1001 95306 61197 0.0164919 0.0117852 116.412 39.9174
1002 59634 59634 0 0 116.479 39.8891
1003 64867 64867 0 0 116.452 39.9072
1004 78732 78730 0.205302 0.00466256 116.311 39.9571
1005 61342 61421 0.0141985 0.0527844 116.376 39.8961
1006 81102 83407 0.0347051 0.100709 116.359 39.9747
1007 83618 80148 0.0410745 0.0228397 116.335 39.9924
1008 89365 88459 0.230859 0.0268182 116.455 39.9402
1009 91094 95824 0.0871693 0.0449646 116.442 39.9321
1010 91794 91794 0 0 116.412 39.9414
1011 60148 58250 0.00760333 0.0448815 116.409 39.9073
1012 65062 64815 0.0268693 0.0464413 116.43 39.9096
1013 98752 93533 0.0754553 0.0307425 116.447 39.9345
1014 93955 93955 0 0 116.396 39.9392
1015 72773 69913 0.138761 0.225205 116.663 39.9061
1016 63860 64905 0.106854 0.0396563 116.474 39.9116
1017 90801 89203 0.0984143 0.0598449 116.4 39.9255
1018 64790 64789 0.00978624 0.124731 116.419 39.9162
1019 51671 49078 0.0894156 0.0817582 116.325 39.8813
1020 55056 58806 0.0239789 0.19211 116.384 39.8835
1021 92678 92677 0.13403 0.012819 116.424 39.9732
1022 96967 96967 0 0 116.402 39.9237
1023 98558 98555 0.0574906 0.144478 116.494 39.9849
1024 138613 137546 0.0560645 0.0954908 116.651 40.1145
1025 79783 79784 0.0607329 0.168164 116.353 39.9745
1026 89002 88998 0.0595605 0.188398 116.403 39.9376
1027 89298 89295 0.0514063 0.0105232 116.391 39.9206
1028 82105 83551 0.0377372 0.077032 116.304 39.9945
1029 83321 83698 0.0175478 0.0758402 116.326 39.9667
1030 65026 63918 0.0884315 0.00537396 116.377 39.8656
1031 52136 53297 0.0327539 0.0285553 116.365 39.8441
1032 80338 88310 0.00602432 0.515105 116.305 39.9437
1033 93936 93935 0.040443 0.0615132 116.394 39.9377
1034 58365 58374 0.0585457 0.0529212 116.459 39.91
1035 60711 55595 0.006843 0.0399575 116.494 39.8935
1036 58366 58364 0.00608267 0.0034215 116.458 39.9094
1037 88411 94333 0.00602539 0.214673 116.485 39.9316
1038 48149 48149 0 0 116.329 39.8839
1039 91814 91815 0.0755932 0.0894497 116.411 39.9195
1040 64112 62686 0.015635 0.0714224 116.468 39.9
1041 61554 61436 0.00375961 0.0634796 116.375 39.9113
1042 60459 60461 0.0308111 0.0385658 116.46 39.9109
1043 56126 57859 0.0289868 0.0777321 116.448 39.8535
1044 90557 89968 0.0372904 0.114264 116.434 39.9898
1045 89353 89354 0.0273251 0.144792 116.396 39.9332
1046 93011 93012 0.0717559 0.0199092 116.459 39.9599
1047 64975 55718 0.0326718 0.0781775 116.488 39.8904
1048 54597 54599 0.083712 0.22648 116.342 39.9062
1049 120640 122854 0.116572 0.045185 116.417 40.0614
1050 88943 88944 0.0170294 0.17251 116.387 39.94
1051 88939 88942 0.193646 0.0397674 116.402 39.9385
1052 89054 89039 0.117091 0.002558 116.444 39.9359
1053 51447 51448 0.0466199 0.193776 116.265 39.9056
1054 101737 101738 0.0267048 0.0316035 116.522 39.9209
1055 62724 62725 0.0102645 0.13029 116.479 39.9101
1056 88611 90080 0.0389223 0.0174811 116.49 39.9853
1057 95613 95614 0.070122 0.0500492 116.471 39.9516
1058 93093 88657 0.128087 0.0321883 116.482 39.9737
1059 44014 44017 0.104412 0.063818 116.204 39.908
1060 48234 49635 0.411371 0.433766 116.294 39.8671
1061 89062 89062 0 0 116.395 39.9332
1062 87051 87052 0.033915 0.0365146 116.32 39.9771
1063 46773 46773 0 0 116.375 39.9094
1064 64091 59463 0.108476 0.012853 116.47 39.9112
1065 96670 96670 0 0 116.491 39.9784
1066 84748 84746 0.196832 0.0232252 116.317 39.9479
1067 93522 93523 0.151958 0.00587918 116.445 39.9366
1068 95914 95870 0.0163472 0.0829037 116.454 39.92
1069 58758 60277 0.0979468 0.0670528 116.442 39.9063
1070 58357 58359 0.190516 0.0809943 116.458 39.9094
1071 93610 93606 0.00898649 0.00988555 116.457 39.9183
1072 96764 96763 0.044345 0.0760529 116.478 39.9677
1073 70743 70749 0.00958384 0.0136579 116.667 39.8842
1074 52837 52836 0.00988739 0.0115887 116.368 39.9005
1075 60357 56437 0.0034215 0.146613 116.424 39.8855
1076 91103 91102 0.431453 0.0703654 116.436 39.9391
1077 89893 88989 0.0106802 0.152737 116.455 39.9404
1078 65264 62684 0.282149 0.0305587 116.468 39.9
1079 59484 59483 0.0105856 0.00763252 116.477 39.911
1080 58445 58444 0.0582741 0.09015 116.459 39.893
1081 95613 95796 0.063129 0.148423 116.472 39.9505
1082 58376 59924 0.0570558 0.050182 116.455 39.9054
1083 54529 54529 0 0 116.335 39.8934
1084 82885 82884 0.00936321 0.0822193 116.359 39.9358
1085 83727 86170 0.207031 0.0433716 116.338 39.9787
1086 91778 93811 0.0827869 0.00300814 116.4 39.9512
1087 95001 95001 0 0 116.38 39.927
1088 123817 123818 0.239921 0.0555531 116.41 40.065
1089 79078 79078 0 0 116.371 39.9675
1090 84622 82039 0.107191 0.0151437 116.33 39.9932
1091 95669 95669 0 0 116.482 39.9401
1092 46766 46766 0 0 116.375 39.9034
1093 58444 58445 0.126253 0.0221712 116.458 39.8929
1094 85520 85519 0.0105574 0.0380891 116.288 39.9583
1095 61421 51077 0.0408498 0.0291695 116.375 39.8962
1096 115635 118925 0.0584014 0.0175329 116.311 40.0256
1097 55568 62490 0.00908391 0.162887 116.418 39.8945
1098 99200 99199 0.243854 0.336232 116.476 39.9487
1099 78563 78563 0 0 116.324 39.9922
1100 92492 92492 0 0 116.385 39.9745
1101 61733 61733 0 0 116.409 39.9021
1102 152454 152755 0.00380167 0.0362244 116.645 40.3289
1103 91030 91030 0 0 116.422 39.9714
1104 121669 121667 0.0174724 0.263768 116.409 40.0048
1105 90697 90883 0.00927918 0.123869 116.473 39.9962
1106 58429 58431 0.0841668 0.0653942 116.475 39.9074
1107 84780 87153 0.011663 0.0500571 116.325 39.9535
1108 95332 99009 0.0991545 0.0244954 116.451 39.9163
1109 92609 92609 0 0 116.407 39.9648
1110 100001 100002 0.190117 0.0905989 116.52 39.9239
1111 96964 89344 0.0969351 0.127131 116.403 39.9357
1112 56649 56638 0.172447 0.147605 116.46 39.9097
1113 82819 82819 0 0 116.322 39.932
1114 90801 89208 0.116617 0.111489 116.402 39.9238
1115 98608 98609 0.0669443 0.124489 116.378 39.9544
1116 58848 58848 0 0 116.419 39.8965
1117 91706 91707 0.135359 0.0580763 116.479 39.9746
1118 55171 64257 0.0737616 0.147517 116.495 39.8937
1119 96932 96932 0 0 116.431 39.937
1120 90115 90113 0.134069 0.143539 116.438 39.9469
1121 81518 81516 0.0162989 0.0123543 116.311 39.9795
1122 89242 89242 0 0 116.417 39.922
1123 81131 81050 0.0786801 0.0893577 116.332 39.9759
1124 59454 65094 0.0116899 0.0081431 116.459 39.9161
1125 70454 70453 0.227229 0.0261757 116.666 39.8808
1126 81020 81020 0 0 116.336 39.9986
1127 52430 52431 0.0105712 0.0587336 116.295 39.8345
1128 126245 124998 0.0011405 0.0769503 116.589 40.0451
1129 80150 81125 0.0163501 0.202973 116.337 39.9921
1130 48909 48910 0.00556909 0.1081 116.363 39.9151
1131 83899 82485 0.00859755 0.0479812 116.307 39.9505
1132 80627 80628 0.042612 0.0347232 116.348 39.996
1133 80619 86987 0.0257761 0.17855 116.327 39.9834
1134 60253 60256 0.189971 0.182078 116.438 39.9103
1135 63939 63939 0 0 116.455 39.9054
1136 65065 65063 0.136882 0.0363572 116.435 39.9047
1137 56559 56558 0.00978636 0.0034215 116.434 39.9017
1138 92932 92927 0.0479599 0.0351907 116.482 39.9893
1139 97431 97430 0.136738 0.01357 116.483 39.9896
1140 97788 94725 0.0326652 0.066481 116.463 39.9205
1141 91926 97767 0.0699783 0.0781366 116.442 39.9223
1142 95260 61234 0.00191643 0.0113872 116.451 39.916
1143 43066 43067 0.110971 0.0508783 116.222 39.9015
1144 92005 92007 0.0156555 0.118743 116.463 39.9449
1145 124380 124921 0.00739028 0.0936588 116.591 40.069
1146 89551 93516 0.206825 0.0228572 116.455 39.9357
1147 95888 95889 0.210887 0.0773875 116.457 39.9283
1148 151397 151738 0.0448597 0.0350174 116.638 40.3161
1149 91068 91069 0.105635 0.00722946 116.451 39.9331
1150 126501 124073 0.0652108 0.0191374 116.572 40.0422
1151 130766 131388 0.39683 0.283898 116.301 40.0873
1152 88604 92977 0.0384524 0.0489429 116.496 39.9854
1153 80744 80744 0 0 116.298 39.9643
1154 93779 93780 0.0108806 0.229645 116.396 39.9419
1155 84566 80694 0.0076639 0.0724158 116.37 39.962
1156 96673 96674 0.0859255 0.137812 116.496 39.9861
1157 88998 89002 0.216462 0.031497 116.403 39.9379
1158 60728 60729 0.0609296 0.03383 116.457 39.9075
1159 64779 51011 0.0466593 0.048993 116.376 39.9061
1160 50673 50672 0.0130981 0.0817029 116.353 39.9086
1161 90878 90867 0.242088 0.204788 116.469 39.9952
1162 82137 82137 0 0 116.31 39.9919
1163 95254 95255 0.0315268 0.0104998 116.451 39.9189
1164 91529 91530 0.0467605 0.0195324 116.401 39.9919
1165 90151 90151 0 0 116.401 39.9707
1166 90108 94680 0.0354583 0.0217127 116.456 39.9279
1167 79838 80483 0.268328 0.5863 116.307 39.9848
1168 99055 99054 0.108083 0.0458549 116.431 39.9873
1169 86645 80311 0.0201746 0.123067 116.297 39.9665
1170 124273 124273 0 0 116.548 40.067
1171 90840 89634 0.0757923 0.087194 116.436 39.9404
1172 92689 92689 0 0 116.418 39.965
1173 86023 86023 0 0 116.36 39.9814
1174 93755 93754 0.047334 0.0408812 116.387 39.9548
1175 92627 92628 0.0402467 0.0283202 116.411 39.9706
1176 60449 58003 0.126442 0.0683182 116.471 39.9122
1177 90269 90269 0 0 116.413 39.9699
1178 88989 89893 0.115428 0.0479901 116.455 39.9405
1179 120868 120868 0 0 116.467 40.0021
1180 60188 65266 0.00757827 0.0198924 116.415 39.9098
1181 57947 61242 0.0610764 0.0593785 116.434 39.9153
1182 82454 82453 0.124761 0.0819161 116.308 39.9581
1183 81989 81960 0.031205 0.0624973 116.358 39.9206
1184 93675 93676 0.0176973 0.0102208 116.474 39.9492
1185 58753 58755 0.0123115 0.071932 116.439 39.9071
1186 83364 83364 0 0 116.348 39.9798
1187 94015 94013 0.0527692 0.0884761 116.431 39.9369
1188 88657 93093 0.0321883 0.128087 116.481 39.9734
1189 53231 53232 0.0921727 0.0309232 116.321 39.8408
1190 97955 95429 0.00467665 0.153373 116.433 39.9775
1191 83700 83700 0 0 116.326 39.9678
1192 86024 86025 0.0257677 0.055856 116.36 39.9814
1193 87851 80993 0.0621652 0.196305 116.323 39.9927
1194 80694 80694 0 0 116.371 39.9628
1195 88598 88598 0 0 116.494 39.9852
1196 97006 98235 0.0038143 0.103174 116.435 39.9343
1197 93594 93595 0.0408473 0.0420024 116.451 39.9191
1198 99039 98836 0.184652 0.00736526 116.455 39.963
1199 94118 98350 0.103837 0.222847 116.414 39.9483
1200 115903 117139 0.0282152 0.0386067 116.303 40.0543
1201 88404 93513 0.0279858 0.0804599 116.455 39.9362
1202 92481 92480 0.00701676 0.0510966 116.383 39.987
1203 81015 81015 0 0 116.341 39.9878
1204 93336 93336 0 0 116.465 39.9594
1205 81871 81864 0.0571752 0.0396266 116.355 39.9548
1206 92537 92538 0.0496697 0.0824877 116.387 39.9661
1207 96979 93983 0.0690214 0.0510103 116.41 39.9212
1208 60263 60262 0.0643702 0.00704478 116.441 39.9102
1209 90580 90580 0 0 116.406 39.9407
1210 93292 88474 0.222045 0.0177495 116.454 39.9463
1211 95260 61234 0.0033087 0.00999493 116.451 39.916
1212 89022 89021 0.00816189 0.362914 116.403 39.9369
1213 89551 93516 0.120527 0.109155 116.455 39.9347
1214 62644 62644 0 0 116.458 39.9057
1215 123830 123831 0.365422 0.0967726 116.415 40.0601
1216 91672 91672 0 0 116.49 39.9853
1217 55756 55757 0.0396781 0.0131954 116.39 39.8884
1218 80890 80890 0 0 116.325 39.9665
1219 90851 90851 0 0 116.457 39.9957
1220 120731 120732 0.00489035 0.0228815 116.467 40.0103
1221 57364 57364 0 0 116.428 39.9059
1222 99196 99197 0.00398711 0.0106599 116.476 39.9542
1223 116148 116147 0.0354658 0.0172939 116.312 40.0311
1224 94091 97025 0.0555485 0.0112764 116.44 39.934
1225 88581 88582 0.103395 0.151764 116.405 39.9938
1226 58322 58322 0 0 116.444 39.9092
1227 60488 60487 0.143889 0.0266117 116.476 39.9133
1228 97653 95503 0.0610229 0.0282376 116.451 39.9483
1229 99232 99231 0.0589783 0.0656356 116.403 39.9487
1230 89022 90424 0.0233321 0.444393 116.403 39.9368
1231 65142 60632 0.0236023 0.164448 116.472 39.8968
1232 62924 62926 0.0246966 0.0233414 116.458 39.8718
1233 63969 61734 0.0505663 0.201387 116.409 39.9021
1234 95859 95859 0 0 116.442 39.9221
1235 55417 55417 0 0 116.412 39.9104
1236 94699 94698 0.0132311 0.0407793 116.46 39.9221
1237 86752 86752 0 0 116.311 39.9827
1238 91639 91639 0 0 116.47 39.9861
1239 60437 63887 0.102173 0.0952362 116.455 39.9052
1240 86064 79602 0.019044 0.10387 116.322 39.9698
1241 100568 100003 0.0747621 0.204583 116.519 39.9242
1242 75145 75144 0.0594386 0.0223696 116.103 39.952
1243 119158 119158 0 0 116.35 40.0003
1244 69897 72532 0.0723677 0.292074 116.663 39.9007
1245 86455 86455 0 0 116.306 39.982
1246 141691 141691 0 0 116.242 40.2204
1247 123345 123642 0.198214 0.0500947 116.41 40.0057
1248 79243 79242 0.0641273 0.0688195 116.312 39.9994
1249 122594 122594 0 0 116.383 40.0016
1250 62777 62782 0.0616998 0.0453475 116.491 39.9146
1251 93105 97464 0.0783403 0.0089912 116.478 39.9677
1252 121347 121263 0.166171 0.0128132 116.404 40.0036
1253 84785 81839 0.0167302 0.0034215 116.325 39.9488
1254 79901 79902 0.0186653 0.430506 116.307 39.9773
1255 93954 88946 0.0525406 0.0960119 116.395 39.9393
1256 98555 98558 0.152167 0.0498018 116.495 39.9858
1257 91061 91061 0 0 116.49 39.9875
1258 93345 93346 0.209245 0.0349145 116.468 39.9591
1259 89002 90422 0.00707751 0.458361 116.403 39.9379
1260 144679 144678 0.049074 0.088959 116.251 40.2216
1261 95561 95561 0 0 116.467 39.9475
1262 122116 121820 0.0867501 0.101011 116.422 40.0396
1263 88998 89002 0.211798 0.0361608 116.403 39.9364
1264 54217 54218 0.0455216 0.0198645 116.352 39.9019
1265 55339 55339 0 0 116.412 39.9141
1266 37926 37926 0 0 116.507 39.7957
1267 89037 90425 0.408304 0.0594852 116.406 39.9358
1268 100576 100576 0 0 116.518 39.924
1269 59489 59491 0.0570369 0.0144439 116.477 39.9112
1270 81062 80084 0.0443225 0.0664607 116.322 39.9755
1271 93516 89551 0.0631549 0.166527 116.454 39.9345
1272 78818 78819 0.282694 0.342125 116.339 39.9425
1273 123345 123642 0.0598314 0.188477 116.408 40.0066
1274 83599 83599 0 0 116.308 39.97
1275 38328 38328 0 0 116.538 39.7703
1276 81783 81785 0.0129257 0.0666088 116.303 39.9283
1277 103725 103726 0.0423825 0.00583152 116.674 39.9176
1278 88900 89520 0.00261007 0.223753 116.4 39.941
1279 98274 95847 0.0354747 0.0011405 116.453 39.9332
1280 125030 125029 0.0644338 0.124112 116.602 40.0454
1281 56586 56587 0.111228 0.0032575 116.434 39.8834
1282 92102 93619 0.0416122 0.201247 116.459 39.9197
1283 62732 62735 0.0532791 0.0087095 116.481 39.9104
1284 81261 80681 0.0437401 0.0679802 116.344 39.949
1285 87702 87707 0.0274988 0.0389115 116.322 39.9459
1286 93342 93343 0.0902985 0.0510348 116.466 39.958
1287 96387 96387 0 0 116.407 39.9742
1288 94871 94870 0.116772 0.0398938 116.382 39.9462
1289 67881 67881 0 0 116.56 39.9042
1290 90424 90424 0 0 116.408 39.9373
1291 57752 57752 0 0 116.459 39.9141
1292 17567 17565 0.0188166 0.0256168 116.328 39.729
1293 62609 62610 0.0479706 0.0849343 116.459 39.915
1294 64892 62667 0.0622687 0.0476762 116.459 39.8969
1295 94170 95914 0.134147 0.049127 116.454 39.9203
1296 94449 94448 0.0209774 0.0421972 116.424 39.9807
1297 93290 93289 0.0431347 0.0781082 116.457 39.95
1298 92998 93001 0.0335302 0.0146361 116.447 39.9638
1299 94903 94908 0.267922 0.0625527 116.378 39.9228
1300 61554 61431 0.00190083 0.0271613 116.374 39.9121
1301 89002 90422 0.0199257 0.445513 116.403 39.938
1302 45220 45220 0 0 116.345 39.9056
1303 83609 84631 0.0754381 0.0239985 116.333 39.9937
1304 58327 59262 0.0266973 0.0879569 116.449 39.9076
1305 98302 97791 0.00191638 0.0352637 116.463 39.9217
1306 125741 125701 0.122898 0.554531 116.615 40.0559
1307 51011 51011 0 0 116.375 39.9083
1308 60487 60488 0.164068 0.00643265 116.477 39.9128
1309 93954 88946 0.114281 0.0342717 116.394 39.9394
1310 43947 43947 0 0 116.194 39.9069
1311 57057 57110 0.219188 0.136603 116.417 39.8993
1312 101460 101460 0 0 116.502 39.9337
1313 80714 80716 0.0418183 0.029311 116.325 39.9929
1314 87859 81001 0.0792373 0.021644 116.339 39.9935
1315 100822 100824 0.140625 0.0931965 116.516 39.9345
1316 87788 87518 0.0194894 0.0548857 116.366 39.9805
1317 63422 59589 0.00481909 0.105342 116.461 39.8827
1318 87586 87587 0.0926129 0.0579009 116.276 39.9413
1319 81811 81810 0.181813 0.0464407 116.312 39.9244
1320 92154 92154 0 0 116.458 39.9331
1321 48053 48303 0.0241446 0.0326878 116.326 39.8939
1322 89554 89554 0 0 116.455 39.9329
1323 61190 61190 0 0 116.495 39.9143
1324 91814 91815 0.0703681 0.0946748 116.411 39.9199
1325 47944 52506 0.0929522 0.0288692 116.348 39.9137
1326 47624 47631 0.00940358 0.0946982 116.301 39.9085
1327 88531 90110 0.0864354 0.00626025 116.441 39.936
1328 37157 37503 0.0255472 0.0170315 116.545 39.7536
1329 94118 98350 0.0443397 0.282345 116.414 39.9483
1330 89642 96938 0.0978512 0.139083 116.436 39.9403
1331 82731 87320 0.228177 0.068854 116.362 39.959
1332 88302 88303 0.0852413 0.0712104 116.359 39.9175
1333 94205 94206 0.045475 0.0749697 116.388 39.936
1334 93347 97821 0.016794 0.0097348 116.466 39.9591
1335 80326 80417 0.0198231 0.127033 116.369 39.9826
1336 97908 93596 0.0307102 0.0840168 116.451 39.919
1337 122500 122500 0 0 116.469 40.0021
1338 91933 91933 0 0 116.422 39.9243
1339 64862 64862 0 0 116.45 39.9098
1340 88946 88952 0.00945933 0.00546467 116.393 39.9388
1341 91710 90509 0.0285865 0.076017 116.481 39.9769
1342 89203 90801 0.109925 0.0483341 116.4 39.924
1343 81614 81613 0.0691694 0.0894085 116.369 39.9775
1344 64091 64902 0.00616121 0.0844709 116.474 39.9116
1345 90080 90080 0 0 116.49 39.9853
1346 58291 58286 0.0599874 0.0206877 116.434 39.913
1347 101066 68102 0.0619795 0.0666439 116.554 39.9173
1348 93641 93640 0.0431666 0.0848489 116.463 39.9342
1349 88606 92972 0.0337984 0.129361 116.494 39.9851
1350 54662 54662 0 0 116.342 39.8889
1351 102317 101668 0.0167008 0.0385463 116.513 39.9349
1352 93250 93251 0.0498137 0.0163472 116.452 39.9588
1353 115519 116864 0.138455 0.00839299 116.352 40.0171
1354 64289 61967 0.17388 0.0280396 116.427 39.8588
1355 62609 62609 0 0 116.457 39.9168
1356 98102 92339 0.00355584 0.099146 116.425 39.9855
1357 88582 88581 0.151764 0.103395 116.405 39.9938
1358 142785 142034 0.0180181 0.0518299 116.229 40.2239
1359 64793 64793 0 0 116.416 39.9108
1360 97430 97430 0 0 116.483 39.9896
1361 98382 98386 0.0847845 0.0586461 116.453 39.9169
1362 79790 79790 0 0 116.353 39.9773
1363 87411 87411 0 0 116.283 39.9174
1364 81930 85241 0.180553 0.0518359 116.332 39.9374
1365 94671 89746 0.0110863 0.266445 116.451 39.9313
1366 90097 89511 0.00351916 0.0326347 116.417 39.9253
1367 65319 65319 0 0 116.452 39.9162
1368 93936 93935 0.0571602 0.044796 116.394 39.9387
1369 64988 60229 0.131798 0.0280253 116.418 39.8985
1370 58429 58431 0.0714919 0.0780691 116.475 39.9074
1371 58335 58337 0.0630079 0.0552361 116.457 39.9081
1372 58759 58760 0.137722 0.103121 116.43 39.9069
1373 47658 47674 0.0070102 0.173259 116.312 39.8977
1374 58331 58333 0.0584048 0.0346936 116.453 39.9089
1375 91236 96309 0.151972 0.0254978 116.382 39.974
1376 58357 58357 0 0 116.459 39.91
1377 88996 88998 0.00547436 0.044673 116.4 39.9364
1378 81261 80681 0.0318808 0.0798396 116.345 39.9491
1379 97951 97955 0.094414 0.0331824 116.432 39.9776
1380 81485 81486 0.212854 0.0271628 116.309 39.9809
1381 88444 88444 0 0 116.494 39.9618
1382 84246 84246 0 0 116.352 40.0001
1383 91735 91736 0.0791361 0.036208 116.491 39.9745
1384 87254 87255 0.00466417 0.0780471 116.325 39.9335
1385 47563 51444 0.0734867 0.0187086 116.265 39.909
1386 50529 50528 0.0632669 0.0482891 116.293 39.8372
1387 90398 88902 0.156235 0.166775 116.411 39.9438
1388 87140 87140 0 0 116.352 39.9732
1389 87130 86539 0.0836607 0.0446644 116.349 39.9761
1390 89310 90431 0.275284 0.199403 116.406 39.936
1391 88998 89002 0.205919 0.0420401 116.403 39.9365
1392 79495 79495 0 0 116.275 39.9382
1393 87750 87750 0 0 116.348 39.9425
1394 81125 80150 0.199445 0.0198783 116.337 39.9922
1395 55339 55365 0.0650648 0.076514 116.412 39.9141
1396 143122 142785 0.0509895 0.0610453 116.228 40.2243
1397 121884 122172 0.0722753 0.0408471 116.469 40.0141
1398 94056 94057 0.135052 0.0822918 116.438 39.9239
1399 42340 42340 0 0 116.228 39.9058
1400 91670 94270 0.072992 0.0179854 116.476 39.9796
1401 93355 93356 0.051797 0.038633 116.463 39.9567
1402 62814 62814 0 0 116.471 39.9112
1403 87498 86770 0.177951 0.0335882 116.338 39.9931
1404 55718 64975 0.0781775 0.0326718 116.488 39.8904
1405 62989 62990 0.116161 0.0413074 116.47 39.8676
1406 62705 62706 0.0522443 0.0273071 116.473 39.9122
1407 63937 63939 0.183333 0.0304351 116.455 39.9047
1408 71238 71238 0 0 116.663 39.8719
1409 81923 81924 0.0829764 0.0350559 116.327 39.9381
1410 60185 58260 0.00470876 0.0281935 116.416 39.9097
1411 96309 96309 0 0 116.382 39.9732
1412 64136 64120 0.0350164 0.0451979 116.491 39.8997
1413 93955 93954 0.0466524 0.062731 116.396 39.9392
1414 101366 94841 0.111946 0.0712259 116.502 39.9275
1415 57111 55350 0.0526214 0.0496537 116.41 39.9142
1416 86771 86771 0 0 116.339 39.9924
1417 81001 87859 0.0289968 0.0718845 116.339 39.9937
1418 52606 51598 0.0978711 0.0217893 116.268 39.8813
1419 85259 87735 0.00933598 0.0373067 116.337 39.9332
1420 58605 58606 0.0790489 0.0258616 116.467 39.8684
1421 96581 92914 0.0813167 0.262716 116.469 39.9952
1422 91350 91351 0.148648 0.123468 116.416 39.9503
1423 93517 93518 0.0886154 0.02216 116.455 39.9366
1424 89678 89148 0.0477011 0.146911 116.417 39.9274
1425 95287 95287 0 0 116.422 39.9186
1426 59489 59491 0.0558967 0.0155842 116.477 39.9112
1427 90651 99264 0.0322433 0.161175 116.384 39.9871
1428 57309 57299 0.00701087 0.0117191 116.429 39.8917
1429 57155 57155 0 0 116.428 39.9075
1430 93516 93518 0.0419757 0.0268178 116.455 39.9351
1431 151738 151736 0.0974547 0.121616 116.638 40.3148
1432 85068 88047 0.074251 0.0331568 116.347 39.9499
1433 94058 94058 0 0 116.433 39.9239
1434 92162 91981 0.00594664 0.0749877 116.46 39.9483
1435 47335 49193 0.00995297 0.190035 116.373 39.8878
1436 142393 142042 0.184567 0.230645 116.243 40.2235
1437 80778 80780 0.0380265 0.415624 116.306 39.9194
1438 91904 94028 0.0667729 0.0233489 116.436 39.9327
1439 92978 97460 0.033824 0.0454545 116.5 39.9848
1440 91425 91425 0 0 116.441 39.9264
1441 86970 86968 0.140972 0.0959923 116.309 39.936
1442 65312 65310 0.0191908 0.0374656 116.47 39.9112
1443 119156 119157 0.0303317 0.0529357 116.352 40.0051
1444 89532 89532 0 0 116.406 39.9349
1445 58672 64066 0.00588121 0.0722805 116.458 39.914
1446 59399 59400 0.0386156 0.00601874 116.459 39.9052
1447 90532 90519 0.368061 0.0570369 116.49 39.9799
1448 59453 59458 0.0481478 0.0199186 116.46 39.9158
1449 59272 59273 0.0417884 0.0190366 116.443 39.9053
1450 89803 90151 0.0688496 0.0430165 116.401 39.9704
1451 60180 60189 0.0181579 0.00489136 116.413 39.9096
1452 122606 122606 0 0 116.407 40.0059
1453 99055 99054 0.11176 0.0421781 116.432 39.9857
1454 80160 80161 0.0339822 0.142879 116.334 39.984
1455 117625 117625 0 0 116.288 40.0076
1456 57440 60131 0.548355 0.0012267 116.392 39.915
1457 95948 95949 0.00909894 0.0206747 116.477 39.9307
1458 85045 85044 0.199516 0.106708 116.357 39.9527
1459 45212 46817 0.0657792 0.0691903 116.336 39.9057
1460 91022 91021 0.00616019 0.232256 116.387 39.9917
1461 89678 89148 0.0268209 0.167791 116.416 39.9279
1462 65097 65097 0 0 116.459 39.9163
1463 88990 93513 0.0761124 0.0228842 116.455 39.9369
1464 58375 58376 0.152874 0.0435867 116.455 39.9054
1465 61722 61723 0.0239789 0.0124471 116.416 39.9151
1466 81824 84760 0.0235114 0.0315865 116.319 39.9532
1467 93776 93778 0.0616875 0.00434131 116.395 39.9415
1468 99178 99179 0.0181984 0.0716939 116.449 39.9468
1469 85210 82798 0.049532 0.0665864 116.328 39.9369
1470 48049 48049 0 0 116.326 39.8939
1471 63421 63420 0.0540225 0.057039 116.46 39.88
1472 24822 24764 0.0165539 0.0445535 116.065 39.7857
1473 89965 92338 0.056522 0.0402572 116.423 39.9894
1474 55185 60614 0.138751 0.180842 116.454 39.8766
1475 35032 35031 0.0202386 0.0365902 116.499 39.7912
1476 93939 93939 0 0 116.394 39.9378
1477 123467 123468 0.0845836 0.221358 116.412 40.0059
1478 46908 46908 0 0 116.365 39.8897
1479 55843 55843 0 0 116.421 39.886
1480 91098 91098 0 0 116.451 39.9312
1481 96592 96592 0 0 116.47 39.9913
1482 88922 88922 0 0 116.399 39.9407
1483 76864 76863 0.011405 0.0335023 116.191 39.9886
1484 59262 59263 0.12664 0.039653 116.451 39.9074
1485 88846 88844 0.187811 0.0897872 116.403 39.9439
1486 90112 88894 0.0210096 0.12494 116.449 39.9409
1487 88828 89380 0.0642952 0.120959 116.417 39.9456
1488 58758 60277 0.0818949 0.0831048 116.442 39.9067
1489 58334 58370 0.0766654 0.0724664 116.451 39.909
1490 99123 99123 0 0 116.49 39.9853
1491 80127 80127 0 0 116.344 39.9926
1492 47996 47996 0 0 116.36 39.9058
1493 79603 86065 0.0057025 0.0528548 116.322 39.9699
1494 48884 48884 0 0 116.34 39.8982
1495 98914 98916 0.0697813 0.0911332 116.473 39.9918
1496 81089 81089 0 0 116.345 39.9772
1497 58003 60449 0.0727213 0.122039 116.47 39.9128
1498 62722 62723 0.0368762 0.114522 116.481 39.9106
1499 60262 62589 0.0440757 0.057973 116.44 39.9108
