0 34682 34682 0 0
1 116915 116913 0.0303383 0.0280684
2 28943 30609 0.129668 0.0782607
3 28643 28643 0 0
4 116154 116153 0.0478634 0.0122099
5 95642 95438 0.00467826 0.0365308
6 86885 86886 0.0765105 0.174063
7 99957 99957 0 0
8 35366 35366 0 0
9 86367 86367 0 0
10 31371 31370 0.175906 0.418251
11 27733 31370 0.145396 0.659572
12 49211 49183 0.0292636 0.0164975
13 31956 31407 0.0656805 0.515219
14 167930 167931 0.0776321 0.957088
15 56556 56554 0.0240015 0.0215216
16 163997 163998 0.365795 0.0788655
17 93501 96070 0.011405 0.020661
18 56877 56877 0 0
19 58892 58890 0.168053 0.0176386
20 47974 47973 0.0623052 0.0513793
21 61870 60999 0.0560378 0.278722
22 90206 93741 0.0555767 0.0351804
23 35077 35643 0.127424 0.144913
24 85420 85425 0.0687195 0.0584993
25 41402 41403 0.0384986 0.0870761
26 29352 29352 0 0
27 2680 2680 0 0
28 35144 35144 0 0
29 115250 115250 0 0
30 132002 132004 0.205582 0.149807
31 27745 27724 0.203992 0.00694206
32 54046 50737 0.149573 0.0917514
33 3195 3136 0.256597 0.235357
34 58546 57063 0.121404 0.216582
35 31914 33388 0.00802822 0.0987282
36 35763 35790 0.527991 0.211687
37 55445 55445 0 0
38 131597 131599 0.0137354 0.294189
39 113858 114331 0.212943 0.274519
40 115076 115075 0.0149241 0.0365465
41 94376 88418 0.021001 0.0572094
42 45033 45710 0.485574 0.00361528
43 131073 131074 0.0117705 0.0614502
44 14596 14595 0.017094 0.119954
45 51782 51778 0.0239364 0.00256194
46 117940 117958 0.0302358 0.00608267
47 52733 52745 0.00700078 0.0876524
48 81177 81177 0 0
49 168284 168286 0.142783 0.162985
50 47438 47438 0 0
51 72781 72780 0.145103 0.229914
52 49908 49909 0.132534 0.00945956
53 88652 88649 0.0478216 0.0920627
54 65440 65298 0.0116722 0.208189
55 27132 27124 0.0690499 0.562649
56 163774 163880 0.379668 0.0525229
57 68609 68602 0.0929183 0.0178084
58 37667 37667 0 0
59 29356 29356 0 0
60 126366 126365 0.144538 0.131583
61 91704 91703 0.0887179 0.0368459
62 64318 64318 0 0
63 63786 63788 0.0122494 0.155831
64 86218 86219 0.0309588 0.0797532
65 27736 27737 0.159732 0.641895
66 42080 42080 0 0
67 90849 90849 0 0
68 66806 66810 0.235372 0.0434532
69 158348 158350 0.186237 0.0394492
70 84596 84597 0.119357 0.00758149
71 54073 54073 0 0
72 43640 43640 0 0
73 143262 143262 0 0
74 67990 67990 0 0
75 93532 93533 0.00584244 0.00699607
76 94153 93349 0.0165126 0.0645578
77 37650 37667 0.36656 0.0521318
78 36236 36236 0 0
79 72780 72781 0.271794 0.103223
80 95994 95996 0.0290159 0.01517
81 58770 58769 0.101794 0.0791166
82 17106 18248 0.133784 0.200846
83 98900 98901 0.0566927 0.0327151
84 33706 33704 0.0637298 0.407306
85 27532 27532 0 0
86 116487 116486 0.0587231 0.140065
87 157524 156614 0.0634893 0.0940198
88 79838 80483 0.767027 0.0876023
89 31049 27408 0.093126 0.505976
90 120739 120738 0.0128489 0.0169173
91 50415 50413 0.124143 0.145143
92 68613 68609 0.0115794 0.0895458
93 36937 34504 0.617233 0.372247
94 65668 65669 0.069254 0.0749314
95 62415 62470 0.0315901 0.00468279
96 69656 71782 0.099223 0.0747321
97 60988 60986 0.206942 0.0223024
98 86172 87548 0.149757 0.0517641
99 96356 92574 0.0182783 0.0979992
100 65837 65837 0 0
101 68104 68213 0.282405 0.0685319
102 99817 99995 0.376482 0.0456349
103 117282 117638 0.395598 0.031934
104 93055 93056 0.066758 0.101317
105 89379 88864 0.0530222 0.0895445
106 31371 31370 0.158338 0.435818
107 60777 59867 0.266342 0.11068
108 146007 146007 0 0
109 27904 27905 0.0445141 0.731535
110 82852 82851 0.0245318 0.0297634
111 66433 66432 0.0473963 0.155242
112 92942 92943 0.00152067 0.11407
113 136581 136581 0 0
114 67324 67323 0.0726601 0.127778
115 59481 59481 0 0
116 50925 50927 0.0517027 0.0214626
117 70835 70835 0 0
118 57949 57949 0 0
119 34605 34683 0.124345 0.235678
120 25452 25267 0.184623 0.135823
121 68940 68940 0 0
122 136696 136697 0.0380344 1.09606
123 65440 65298 0.0419959 0.177865
124 97147 97149 0.0171667 0.0513285
125 31215 31214 0.0944201 0.0542053
126 142043 142794 0.0483987 0.372166
127 77310 77309 0.364721 0.0513413
128 126375 124679 0.130267 0.0117375
129 89140 89139 0.0668493 0.113695
130 125969 125969 0 0
131 54283 54282 0.223886 0.0520959
132 97994 97991 0.0124091 0.0925409
133 66441 66440 0.134485 0.082056
134 27340 27339 0.272384 0.0646309
135 74560 74565 0.123646 0.129167
136 124215 124215 0 0
137 137668 137668 0 0
138 71867 71867 0 0
139 89010 89010 0 0
140 83561 83559 0.00928319 0.0284065
141 140387 140353 0.02109 0.0831149
142 58419 58420 0.184479 0.327015
143 142336 142895 0.0641316 0.202516
144 69213 69210 0.148688 0.117118
145 6563 6562 0.0856623 0.105396
146 33000 32998 0.0614717 0.0373212
147 47823 48739 0.026052 0.0169665
148 85226 85223 0.0811405 0.0117291
149 83035 83035 0 0
150 142416 142417 0.169578 0.0860397
151 32176 32177 0.0569569 0.271366
152 36937 34504 0.754862 0.234617
153 33333 33334 0.439932 0.145113
154 167040 167040 0 0
155 58291 58286 0.0599874 0.0206877
156 31571 31917 0.16937 0.00467269
157 30571 29765 0.259946 0.00179148
158 15250 15250 0 0
159 31370 31371 0.310464 0.283693
160 53026 53027 0.102477 0.116886
161 43113 43111 0.15623 0.0620465
162 72122 72120 0.00935637 0.104521
163 60935 62163 0.198468 0.059286
164 30128 27366 0.148105 0.213921
165 119011 119010 0.0511162 0.104104
166 46814 46990 0.0070955 0.123662
167 121070 121070 0 0
168 77297 77297 0 0
169 57720 57363 0.0444948 0.123195
170 76579 76576 0.0591117 0.182472
171 124666 124215 0.29679 0.100155
172 66351 66351 0 0
173 159188 159867 0.143337 0.597276
174 52070 52070 0 0
175 15738 15280 0.242182 0.328789
176 16672 16671 0.0937387 0.260489
177 62675 62679 0.0685575 0.00401201
178 113004 112939 0.401532 0.0566261
179 63788 63786 0.126696 0.0413844
180 52381 52381 0 0
181 61455 64781 0.173663 0.0258774
182 35058 35058 0 0
183 33378 33377 0.0864853 0.125015
184 83374 83373 0.0408396 0.190152
185 124742 126059 0.0890566 0.107232
186 1866 1867 0.565912 0.0561212
187 110982 110981 0.106191 0.0157576
188 75428 76899 0.42982 0.258047
189 165347 165347 0 0
190 155038 155038 0 0
191 63179 63177 0.105228 0.00934039
192 68609 68602 0.0123726 0.0983541
193 36576 36566 0.0334779 0.0427337
194 28554 28554 0 0
195 31383 31382 0.723475 0.0951589
196 97292 97293 0.0139866 0.1182
197 98748 98748 0 0
198 18279 16725 0.0713236 0.226254
199 66405 66404 0.306616 0.139097
200 121202 121204 0.0441268 0.132733
201 28288 28288 0 0
202 141803 142487 0.0254466 0.0378113
203 46766 46766 0 0
204 13792 13792 0 0
205 193 286 0.163215 0.179411
206 50775 49154 0.0368848 0.0642338
207 69512 69518 0.0584188 0.0221883
208 50672 50673 0.0817029 0.013098
209 91895 91896 0.149577 0.126234
210 23958 23752 0.120627 0.200989
211 28564 27787 0.116801 0.0292224
212 96619 96619 0 0
213 123592 123591 0.378416 0.0481572
214 120436 120348 0.0622609 0.101109
215 132442 130704 0.206781 0.210743
216 156912 157886 0.203471 0.0598598
217 14762 13784 0.0806286 0.064677
218 131517 131278 0.0462377 0.0191555
219 63536 62192 0.171983 0.0876456
220 81739 82429 0.0730379 0.0757973
221 16308 16309 0.0352793 0.110292
222 60832 60832 0 0
223 120738 120739 0.0228832 0.00688305
224 63337 63340 0.175004 0.145644
225 55072 60253 0.00978626 0.157839
226 93595 95869 0.0403145 0.120455
227 65833 65833 0 0
228 57063 58546 0.24907 0.0889163
229 34384 34383 0.0894365 0.0322611
230 164902 164404 0.0422145 0.0449135
231 62825 62825 0 0
232 27738 27736 0.270386 0.0435924
233 70106 69911 0.12357 0.0411671
234 114841 119946 0.00802404 0.390371
235 93964 89084 0.0464129 0.121325
236 139630 139628 0.14628 0.122325
237 59003 59002 0.0264533 0.0668998
238 124284 124285 0.244973 0.0114639
239 14069 14070 0.150003 0.578541
240 31102 29555 0.0170907 0.0311122
241 103515 102947 0.0459524 0.083325
242 33631 32323 0.0194237 0.0179973
243 27334 27514 0.467651 0.0470276
244 64030 64030 0 0
245 156733 157604 0.0210371 0.0088202
246 151452 151453 0.0221219 0.0197992
247 64401 64399 0.0563121 0.159527
248 26918 26922 0.0768224 0.117
249 81804 81805 0.0300332 0.0227253
250 44049 44047 0.0129257 0.0662183
251 79944 79943 0.0602433 0.00656703
252 57275 56024 0.146624 0.0200752
253 140968 140490 0.061861 0.167694
254 67155 67155 0 0
255 31370 31371 0.435819 0.158338
256 60449 58003 0.12318 0.0715808
257 35712 35711 0.736391 0.113888
258 45151 45151 0 0
259 36189 35802 0.320434 0.161763
260 15716 15717 0.099245 0.114777
261 153604 153604 0 0
262 32309 35210 0.411696 0.391806
263 65312 65310 0.0177985 0.0388579
264 78617 86168 0.00953708 0.289353
265 55565 55566 0.141394 0.0326692
266 83407 83414 0.123567 0.0472351
267 27904 27905 0.113643 0.662406
268 36838 36838 0 0
269 27365 31239 0.0188044 0.19882
270 28282 29561 0.0677888 0.102661
271 114539 114539 0 0
272 20816 20816 0 0
273 55219 55174 0.166701 0.0624118
274 66448 68317 0.0130033 0.256634
275 38590 38591 0.114217 0.0239789
276 134813 134804 0.0581743 0.0920962
277 144256 144256 0 0
278 58122 58123 0.0605923 0.26707
279 94952 94952 0 0
280 16801 17811 0.532307 0.588824
281 35077 35078 0.349735 0.00585191
282 82454 82454 0 0
283 164875 164875 0 0
284 35589 35287 0.0825469 0.134083
285 33798 33796 0.180809 0.13738
286 27339 27340 0.0646309 0.272384
287 13709 13607 0.187426 0.0503155
288 95646 95651 0.0208523 0.0217753
289 75762 75762 0 0
290 49694 53041 0.00537526 0.135206
291 2376 2614 0.0869397 0.12713
292 49967 54073 0.0612068 0.156179
293 81923 81924 0.0829764 0.0350559
294 68468 66366 0.1751 0.0174877
295 93583 90109 0.0220497 0.0201698
296 60765 60763 0.0210131 0.0490358
297 66006 69372 0.241651 0.0284528
298 99615 100254 0.0787482 0.0409007
299 69333 69332 0.027371 0.0932671
300 35465 35465 0 0
301 102550 102321 0.199179 0.0122211
302 138408 137770 0.173852 0.035997
303 27904 27905 0.111285 0.664764
304 48842 47028 0.0664987 0.0263633
305 42908 42031 0.180426 0.433631
306 7361 7361 0 0
307 124215 124216 0.0730698 0.222836
308 84538 84538 0 0
309 20160 20160 0 0
310 102938 102938 0 0
311 45190 45189 0.0323352 0.160849
312 98701 98701 0 0
313 27515 28521 0.493781 0.105681
314 143355 143355 0 0
315 93286 93286 0 0
316 68252 68252 0 0
317 43127 43129 0.423154 0.0359582
318 119183 119182 0.121897 0.0927912
319 136736 136736 0 0
320 94604 90402 0.0606476 0.0828003
321 51893 51893 0 0
322 29430 29426 0.00397721 0.129078
323 118007 84234 0.00818965 0.0356653
324 39210 39527 0.176789 0.0940838
325 161965 161730 0.151692 0.0583007
326 63271 63271 0 0
327 126938 126940 0.050054 0.136313
328 14118 13984 0.199673 0.0334394
329 49694 53041 0.0119039 0.128678
330 142891 142891 0 0
331 58259 60185 0.0264183 0.03028
332 104199 104199 0 0
333 36123 36124 0.0304157 0.0190713
334 151712 151711 0.0981446 0.0602455
335 33424 33425 0.15558 0.113577
336 88397 89300 0.0455614 0.0939846
337 78259 78259 0 0
338 86826 86826 0 0
339 27333 27332 0.174033 0.248689
340 83059 86783 0.0376221 0.0797201
341 78411 78411 0 0
342 87548 86172 0.0517641 0.149757
343 141847 141845 0.0253236 0.170518
344 55072 58748 0.00651464 0.109689
345 85312 80672 0.0072387 0.00519265
346 93845 93844 0.038777 0.0476112
347 84596 84598 0.135294 0.0887179
348 121461 121460 0.102908 0.310724
349 36796 36800 0.0179207 0.0949971
350 64689 64689 0 0
351 36730 35763 0.0635047 0.144088
352 67424 67424 0 0
353 49740 49718 0.0535258 0.0704498
354 118904 118903 0.106901 0.130597
355 28446 31267 0.0144935 0.171263
356 100189 100188 0.0958715 0.0365146
357 30232 28524 0.0598376 0.0658803
358 33825 33824 0.228002 0.404775
359 68269 68269 0 0
360 75223 75222 0.00640426 0.0252302
361 116577 119817 0.0117937 0.0292584
362 54467 51815 0.234156 0.110159
363 81130 87056 0.0898215 0.111982
364 154918 154917 0.11612 0.0892657
365 30591 30591 0 0
366 70389 70389 0 0
367 34620 34620 0 0
368 89363 93541 0.0363422 0.169355
369 58426 58427 0.0577813 0.0190952
370 33370 19198 0.060039 0.223673
371 89247 89247 0 0
372 71634 71635 0.0332366 0.114153
373 95171 95172 0.0221707 0.318731
374 135512 135521 0.00586587 0.196947
375 163254 163244 0.547463 0.0773424
376 30097 29771 0.0175456 0.00352638
377 69318 69317 0.166916 0.0887424
378 42062 42062 0 0
379 170853 170886 0.0621221 0.137718
380 59086 59086 0 0
381 84538 87313 0.0291604 0.0826035
382 124290 124350 0.129189 0.0200746
383 77358 77359 0.0413062 0.119496
384 47971 47971 0 0
385 156584 156586 0.0185702 0.0156415
386 53041 49694 0.135206 0.00537525
387 46313 46159 0.0515578 0.229439
388 59391 59392 0.22464 0.0238798
389 15600 15419 0.820513 0.0142889
390 166988 166988 0 0
391 90383 90383 0 0
392 132639 132639 0 0
393 29354 27797 0.0714841 0.0118347
394 58544 58543 0.0307069 0.225328
395 75103 74505 0.437697 0.478694
396 68996 68996 0 0
397 143242 143242 0 0
398 38855 38854 0.0189713 0.510796
399 70470 70503 0.116107 0.273898
400 120502 120497 0.0471427 0.100106
401 154945 154946 0.111345 0.0974248
402 63594 63598 0.0684698 0.097667
403 120398 120393 0.0201508 0.136774
404 53620 53618 0.301743 0.300868
405 27340 27340 0 0
406 29771 29772 0.0270191 0.219355
407 27360 27360 0 0
408 27902 27907 0.239464 0.125632
409 68577 68578 0.361281 0.0700383
410 57063 58546 0.233366 0.104621
411 17811 16801 0.00117014 1.11996
412 58546 57063 0.0912513 0.246735
413 82639 82637 0.0264074 0.00541728
414 82894 78445 0.0746714 0.0303667
415 137548 137548 0 0
416 73428 73080 0.0827441 0.0449848
417 59568 65337 0.12719 0.0093646
418 10938 11101 0.420565 0.193854
419 31370 31371 0.183994 0.410163
420 30620 30620 0 0
421 78088 76652 0.0489353 0.108327
422 78580 78580 0 0
423 137829 138275 0.251335 0.00620918
424 27904 27905 0.193346 0.582703
425 9776 9644 0.0775299 0.0257979
426 52626 52626 0 0
427 81048 81047 0.0405229 0.0631311
428 27904 27904 0 0
429 131591 131591 0 0
430 18428 18428 0 0
431 120245 120247 0.109526 0.126007
432 59866 59865 0.0114646 0.133858
433 68001 68001 0 0
434 111642 111644 0.082597 0.0755125
435 54142 54142 0 0
436 82024 83580 0.0976046 0.0429945
437 164080 164080 0 0
438 59998 55301 0.0794795 0.108762
439 115679 115676 0.0599252 0.371874
440 26549 26551 0.139127 0.0190592
441 45973 47998 0.0162703 0.0859121
442 125877 125877 0 0
443 100612 100551 0.136145 0.0140662
444 3297 3298 0.0344859 0.0264964
445 63273 63271 0.0291085 0.0119308
446 9621 9627 0.374941 0.390499
447 27723 27724 0.726861 0.127292
448 97242 97241 0.0776026 0.0798435
449 66836 69223 0.148124 0.168108
450 116921 115351 0.109909 0.038117
451 159188 159119 0.134085 1.06612
452 27936 27936 0 0
453 13495 13495 0 0
454 129565 129791 0.0279989 0.18995
455 89230 97798 0.0118661 0.0167273
456 86650 86651 0.0504163 0.103571
457 56434 57674 0.185603 0.254379
458 93007 91690 0.01725 0.140081
459 31264 31262 0.0175306 0.0721109
460 55147 55148 0.0912001 0.0506
461 25470 25471 0.00790539 0.22416
462 35071 33374 0.0809843 0.00614095
463 79410 82172 0.0900686 0.0076593
464 50001 53128 0.139513 0.116618
465 74276 75125 0.0768718 0.0192116
466 70640 70640 0 0
467 63325 63325 0 0
468 134940 134945 0.00471312 0.400254
469 60443 60446 0.0439406 0.0247108
470 61579 61698 0.0738353 0.174291
471 80434 80434 0 0
472 30691 30693 0.13686 0.027372
473 87070 87072 0.0306971 0.0304234
474 123090 121348 0.127068 0.0513122
475 78569 78570 0.0304356 0.179171
476 66448 68317 0.0267607 0.242877
477 16005 16006 0.189035 0.781799
478 74192 74189 0.0144463 0.235151
479 84706 88121 0.378927 0.0102166
480 34148 34474 0.183898 0.0131352
481 98092 98091 0.0270275 0.062837
482 68769 65677 0.126678 0.169723
483 117665 117666 0.128101 0.0454098
484 155023 155024 0.253133 0.151004
485 155906 155906 0 0
486 85619 82454 0.0571397 0.0620449
487 65046 65047 0.00122672 0.0488388
488 25762 25249 0.0245304 0.135555
489 145032 145032 0 0
490 74526 74528 0.751493 0.0589301
491 50271 50273 0.0529272 0.114979
492 165817 165816 0.0526158 0.0798408
493 90135 91753 0.212909 0.00760333
494 29772 29771 0.219186 0.0271877
495 58546 57063 0.113517 0.22447
496 82850 82851 0.0210022 0.0244974
497 50165 50166 0.148568 0.019859
498 27582 29399 0.611861 0.173238
499 134944 134944 0 0
500 28298 28298 0 0
501 76690 76691 0.0596194 0.0510548
502 94093 94092 0.0839687 0.0186574
503 31963 31965 0.0119093 0.40333
504 29837 29798 0.261276 0.0483175
505 117250 117248 0.152586 0.0756355
506 92193 92194 0.0235926 0.00445956
507 117811 117811 0 0
508 93895 93897 0.379178 0.00469974
509 35763 35790 0.50113 0.238549
510 83035 81002 0.0141661 0.0924464
511 65381 65382 0.0111662 0.0139326
512 88199 82970 0.230618 0.0480261
513 163976 163977 0.0213388 0.0146393
514 118186 118186 0 0
515 59482 59481 0.052463 0.02281
516 74146 74149 0.112275 0.0163887
517 61816 60910 0.0130714 0.061135
518 63594 63595 0.069828 0.116823
519 135493 135492 0.0833059 0.262857
520 76779 76776 0.155966 0.0175934
521 68609 68602 0.0057897 0.104937
522 75140 75140 0 0
523 68602 68602 0 0
524 31371 31370 0.32585 0.268307
525 164436 164436 0 0
526 30008 30006 0.201029 0.0867926
527 63346 57823 0.0346572 0.207907
528 81002 83035 0.0900886 0.0165239
529 42718 42076 0.430758 0.30122
530 116185 115766 0.0350527 0.0993939
531 83264 83674 0.019028 0.0746188
532 121961 121961 0 0
533 81618 81618 0 0
534 32308 32307 0.353382 0.0871318
535 86339 86340 0.0466681 0.0418266
536 80825 84197 0.158913 0.00612939
537 67751 68796 0.539133 0.294292
538 29751 31027 0.107911 0.127632
539 67809 67809 0 0
540 45230 45241 0.0675547 0.248784
541 79943 79943 0 0
542 167270 167272 0.0138986 0.0128838
543 29779 27339 0.307963 0.419087
544 165596 165597 0.0756211 0.137354
545 67193 66639 0.206978 0.348906
546 47572 47572 0 0
547 121519 123769 0.0839938 0.133513
548 8 112 0.111552 0.158147
549 25085 25085 0 0
550 86931 86932 0.0161621 0.119894
551 81618 87345 0.0306938 0.0034215
552 65813 65814 0.0922483 0.0734442
553 25336 25335 0.049445 0.283886
554 49832 54463 0.0642218 0.106362
555 103459 104386 0.680842 0.121273
556 68830 68827 0.031594 0.102066
557 92128 92128 0 0
558 158417 158418 0.179119 0.0775651
559 113202 113272 0.420379 0.0282324
560 58546 57063 0.0937069 0.24428
561 35242 32779 0.107419 0.0249559
562 39349 39347 0.0905769 0.0583898
563 31261 31261 0 0
564 69057 68423 0.13495 0.338653
565 170154 170137 0.083143 0.0343006
566 94325 94324 0.0544047 0.0491686
567 115948 115948 0 0
568 35228 33546 0.0624459 0.0304326
569 93347 97821 0.016794 0.0097348
570 83279 79839 0.0740338 0.0356705
571 89245 89247 0.10114 0.0475351
572 52179 52178 0.100384 0.0945427
573 96322 97026 0.0520488 0.0768958
574 42081 42082 0.0275952 0.126429
575 124216 124215 0.251562 0.0443443
576 60728 60729 0.0585966 0.036163
577 27904 27905 0.023423 0.752626
578 89047 89024 0.227032 0.0120659
579 58926 64671 0.0949903 0.0480386
580 62418 62417 0.0441464 0.106802
581 157886 156912 0.010917 0.252414
582 84404 84412 0.147261 0.10785
583 30006 30008 0.0293102 0.258512
584 59509 59509 0 0
585 62028 59040 0.0405248 0.0560346
586 27602 27602 0 0
587 31371 31370 0.539097 0.0550594
588 51813 45053 0.0258006 0.0486776
589 68260 68261 0.0525197 0.00583436
590 90771 90772 0.0242306 0.0492388
591 154867 154867 0 0
592 45465 45465 0 0
593 114649 114649 0 0
594 117540 117540 0 0
595 155548 155548 0 0
596 80483 86455 0.0407978 0.0431542
597 52390 52390 0 0
598 27904 27905 0.194511 0.581538
599 126508 126507 0.15537 0.0774412
600 58444 58444 0 0
601 15373 15372 0.254676 0.0165922
602 66433 68929 0.207061 0.279417
603 29589 27598 0.0572175 0.0601118
604 143343 130509 0.0340525 0.0919107
605 94150 94149 0.0450005 0.0564288
606 49310 49310 0 0
607 45142 45084 0.111071 0.132702
608 59865 59866 0.133858 0.0114646
609 62098 62099 0.0474701 0.016202
610 50427 52101 0.0204015 0.0743839
611 27408 27408 0 0
612 31371 31370 0.283693 0.310464
613 65090 65091 0.0451354 0.0297601
614 123240 123238 0.0495961 0.0338845
615 79586 80381 0.0524596 0.00245212
616 60433 64856 0.0476266 0.0472565
617 18383 18382 0.183895 0.355169
618 134695 134694 0.0228034 0.010999
619 125436 125483 0.0690457 0.0293129
620 36507 36508 0.0558806 0.288595
621 130199 130512 0.602335 0.069128
622 102938 103912 0.0226205 0.471475
623 115985 116622 0.079761 0.113781
624 150457 150455 0.37232 0.0192733
625 137303 137305 0.0110248 0.006843
626 66036 66035 0.073639 0.0701065
627 62096 62098 0.0201529 0.0222322
628 68603 67540 0.0947903 0.166287
629 66408 68793 0.0119675 0.255535
630 59739 59741 0.0513499 0.00864455
631 3225 3225 0 0
632 126371 124679 0.0798067 0.00812934
633 33824 33825 0.295065 0.337712
634 29997 29999 0.0479745 0.0240718
635 4140 4139 0.157636 0.485389
636 163141 163142 0.0929448 0.442653
637 57478 55885 0.0443828 0.0759614
638 29646 29647 0.0688983 0.0902973
639 42469 42089 0.101289 0.00941995
640 26966 26546 0.0372438 0.197744
641 116416 116416 0 0
642 72300 72304 0.0182408 0.0361003
643 45354 49165 0.0292212 0.0289942
644 31289 31364 0.0778999 0.0237457
645 58366 58364 0.00608267 0.0034215
646 31370 31371 0.418251 0.175906
647 78059 77950 0.0481691 0.0502789
648 140506 140506 0 0
649 58444 58445 0.0441148 0.104309
650 8039 7683 0.0316907 0.470846
651 37643 37643 0 0
652 86340 86339 0.0360002 0.0524945
653 120869 120869 0 0
654 34339 33763 0.366926 0.613586
655 118970 118970 0 0
656 137472 137472 0 0
657 45204 48823 0.362783 0.015167
658 159235 159491 0.159336 0.171514
659 51269 51268 0.00494217 0.0229398
660 114553 114548 0.25948 0.0517516
661 91956 98198 0.197504 0.079094
662 84923 87202 0.0334343 0.216597
663 60777 59867 0.281427 0.0955955
664 46311 46272 0.0987572 0.0534433
665 11326 11322 0.216334 0.00212548
666 99333 99333 0 0
667 81299 81299 0 0
668 27904 27905 0.0960763 0.679972
669 82927 78354 0.0352807 0.0925672
670 88485 88484 0.305898 0.0194804
671 34683 34605 0.142527 0.217496
672 35459 35458 0.0679938 0.0468992
673 78816 78817 0.108885 0.006843
674 66315 66316 0.0976428 0.38751
675 92943 92942 0.11407 0.00152066
676 36758 36756 0.0441358 0.0543082
677 161267 161267 0 0
678 91872 91872 0 0
679 76425 77632 0.0380855 0.133137
680 53129 52232 0.263944 0.0186282
681 124510 124510 0 0
682 89211 96968 0.0740326 0.038261
683 52297 52297 0 0
684 45378 45378 0 0
685 151100 151099 0.116094 0.102053
686 55127 56188 0.0110502 0.659845
687 127921 127921 0 0
688 60365 60365 0 0
689 43962 43962 0 0
690 96822 96836 0.116648 0.0353923
691 58003 60449 0.0715808 0.12318
692 164282 164955 0.159295 0.00698408
693 45509 45509 0 0
694 65829 65821 0.00122708 0.157888
695 65301 65298 0.0499152 0.14242
696 132094 132093 0.101863 0.0320299
697 58760 58759 0.113368 0.127475
698 37625 37842 0.0308241 0.14872
699 94467 94466 0.0201858 0.13257
700 65501 65502 0.026691 0.0384351
701 62780 62783 0.0713533 0.0783294
702 79703 79705 0.0438485 0.0067596
703 90422 90422 0 0
704 19655 19653 0.0678717 0.160281
705 96723 96720 0.00919813 0.0298472
706 159119 159188 1.06612 0.134085
707 45137 45138 0.0595061 0.0410426
708 136274 135400 0.052469 0.0828672
709 13493 13493 0 0
710 124378 124378 0 0
711 3221 3221 0 0
712 72684 72685 0.267816 0.313386
713 60780 60779 0.0413789 0.0105465
714 87168 87166 0.0242044 0.0920101
715 50103 50100 0.0637813 0.123072
716 151434 151599 0.0959165 0.408874
717 98661 91446 0.106927 0.0839852
718 28318 29806 0.447905 0.00301286
719 89192 89192 0 0
720 92207 92207 0 0
721 131281 131281 0 0
722 55024 55808 0.00836367 0.140289
723 28448 28448 0 0
724 66486 66487 0.336117 0.00393355
725 135492 135493 0.262857 0.0833059
726 457 483 0.278557 0.0956734
727 68622 68621 0.0223781 0.19743
728 80766 83822 0.0501955 0.0483041
729 77728 77728 0 0
730 92943 92942 0.106917 0.0086733
731 78311 78311 0 0
732 35045 35044 0.251215 0.0516585
733 169853 169854 0.128613 0.13291
734 2569 2406 0.116649 0.0722796
735 56556 56554 0.0327454 0.0127778
736 37487 37488 0.0395418 0.137039
737 142917 143216 0.101112 0.143238
738 26111 26105 0.0327131 0.0942019
739 33716 33171 0.0933098 0.151077
740 33000 33000 0 0
741 114320 114321 0.0661802 0.00381763
742 33635 33633 0.0459763 0.0512779
743 37268 37267 0.381665 0.225466
744 92856 91648 0.133658 0.113921
745 58546 57063 0.109532 0.228455
746 96442 96305 0.0303355 0.0894097
747 89891 89891 0 0
748 51974 51974 0 0
749 82998 82999 0.14161 0.0446152
750 124319 126373 0.0734455 0.0433903
751 32391 32391 0 0
752 59867 60777 0.0955955 0.281427
753 16856 16859 0.092522 0.104672
754 33013 33013 0 0
755 28319 29805 0.333727 0.111343
756 70461 70462 0.0429427 0.0650707
757 152596 151882 0.0146313 0.397409
758 37197 37198 0.0479265 0.053832
759 90698 90698 0 0
760 29805 28319 0.271838 0.173232
761 91690 93007 0.140081 0.01725
762 82740 82739 0.0483588 0.00317657
763 54977 55341 0.050586 0.096627
764 166515 166127 0.451794 0.0992934
765 157836 156105 0.00576144 0.261086
766 54925 56486 0.106923 0.0896514
767 92942 92943 0.0086733 0.106917
768 45555 45571 0.0787396 0.169435
769 112004 110887 0.239117 0.0879406
770 85828 85833 0.037585 0.036879
771 63792 65185 0.0501529 0.00139205
772 135912 135912 0 0
773 32070 32073 0.43908 0.439311
774 17210 17211 0.0771671 0.229768
775 85286 85285 0.030192 0.0372246
776 91996 91995 0.0533926 0.0677322
777 35249 35246 0.00116888 0.210624
778 95646 95651 0.0227531 0.0198745
779 159188 159867 0.0715354 0.669078
780 151665 151665 0 0
781 79062 78391 0.100252 0.146032
782 13326 12052 0.050677 0.310282
783 124172 124211 0.128275 0.0152618
784 51819 51293 0.0451436 0.16796
785 32725 32725 0 0
786 115694 115686 0.0861166 0.0327504
787 85427 85429 0.057785 0.0432742
788 146687 146686 0.101953 0.0460248
789 31263 31264 0.0638056 0.0118477
790 114561 114561 0 0
791 40068 40067 0.219867 0.080239
792 69107 67530 0.258153 0.16561
793 32288 32287 0.131253 0.0510291
794 28456 28456 0 0
795 31371 31370 0.410163 0.183994
796 21927 21928 0.135708 0.17954
797 168955 168871 0.973146 0.0440995
798 62286 59912 0.0473833 0.352191
799 60974 62268 0.059431 0.00190083
800 64868 58332 0.006843 0.0293389
801 158741 158741 0 0
802 142837 142836 0.145539 0.0252175
803 93160 93159 0.0932328 0.0373403
804 82850 82849 0.0622374 0.0467065
805 42266 42205 0.181722 0.151406
806 95562 95560 0.0188991 0.111399
807 63946 63947 0.0265297 0.0169283
808 136169 136169 0 0
809 35155 35156 0.0675504 0.198411
810 118078 118079 0.0256377 0.0852131
811 154333 154334 0.150086 0.0840092
812 63271 58650 0.0151797 0.0397472
813 27408 30807 0.254784 0.0319526
814 80008 80595 0.0913582 0.091951
815 41400 41401 0.0141579 0.0191603
816 35069 35069 0 0
817 17044 16725 0.0768452 0.161763
818 55649 55667 0.0827051 0.0147253
819 147168 147169 0.656475 0.479793
820 38683 38404 0.58957 0.0417458
821 79803 81570 0.00439285 0.187578
822 65539 65540 0.0947312 0.104279
823 61754 61755 0.0559957 0.0618241
824 119730 114614 0.0651234 0.0204929
825 94092 94093 0.0322953 0.0703308
826 16725 18279 0.226254 0.0713236
827 67378 67379 0.0854296 0.16541
828 134940 134940 0 0
829 52442 52443 0.0249531 0.0389738
830 55781 55781 0 0
831 38197 38197 0 0
832 66811 66883 0.0971997 0.216022
833 137770 138227 0.0782425 0.224641
834 75987 76709 0.0534273 0.149576
835 96751 96749 0.0132435 0.0184152
836 61170 61169 0.227503 0.212883
837 47893 47891 0.0817019 0.0366453
838 35725 35726 0.0676132 0.750743
839 92549 92549 0 0
840 27339 28300 0.173706 0.204385
841 126985 126985 0 0
842 80922 80923 0.0469388 0.0451719
843 29771 29772 0.139994 0.10638
844 88377 88377 0 0
845 114841 114841 0 0
846 91690 93007 0.149362 0.00796897
847 143214 143214 0 0
848 43871 42057 0.243124 0.0117298
849 33399 33400 0.0316402 0.443772
850 49954 49956 0.0780018 0.154295
851 31370 31371 0.224961 0.369195
852 33467 33469 0.0613236 0.0307543
853 150706 150804 0.127335 0.285612
854 57029 58098 0.190166 0.022167
855 112769 112770 0.249601 0.0175913
856 29957 29957 0 0
857 79277 79278 0.0847852 0.292134
858 27730 27731 0.0386585 0.673542
859 81518 81516 0.0109317 0.0177215
860 94045 94045 0 0
861 86892 86890 0.0831642 0.0699929
862 86211 86210 0.0799115 0.0704267
863 28691 28692 0.00687203 0.0087144
864 126370 126372 0.0222305 0.171351
865 142810 143033 0.07115 0.0290938
866 27729 27904 0.723977 0.146445
867 94246 91272 0.0597373 0.210168
868 27399 27365 0.1985 0.0195233
869 45772 45773 0.0517238 0.0180906
870 46650 46649 0.00967908 0.0430771
871 93007 93008 0.0278853 0.0445605
872 117463 117463 0 0
873 55459 55459 0 0
874 117636 115609 0.0047082 0.134169
875 49719 53079 0.0625834 0.0578469
876 164438 164440 0.255757 0.029144
877 92069 92069 0 0
878 119191 119191 0 0
879 93184 93184 0 0
880 63946 63947 0.0246132 0.0188448
881 55938 62430 0.0770557 0.0385773
882 124679 124679 0 0
883 126443 126444 0.0498449 0.071406
884 115102 120175 0.107598 0.240432
885 85213 85213 0 0
886 112086 112086 0 0
887 65321 65321 0 0
888 74561 74560 0.0997152 0.0200371
889 59002 59003 0.0668998 0.0264533
890 49694 49694 0 0
891 66022 66021 0.0200805 0.0768753
892 121358 121357 0.0256277 0.181729
893 137721 137721 0 0
894 156727 156727 0 0
895 137242 137241 0.237892 0.0446972
896 42089 42469 0.00941994 0.101289
897 45771 46667 0.00290582 0.133039
898 18442 19223 0.235354 0.0503859
899 124458 124215 0.105634 0.0392413
900 60644 64188 0.0177046 0.0245544
901 115437 117051 0.0972897 0.0254584
902 60927 62169 0.00884117 0.0308697
903 108652 108599 0.751245 0.156695
904 131595 131595 0 0
905 27339 28300 0.246575 0.131516
906 87862 87863 0.171928 0.0191147
907 67540 67540 0 0
908 83631 83084 0.0177669 0.0621367
909 62673 62676 0.0057025 0.0871592
910 92112 95905 0.108525 0.0854298
911 115811 115810 0.13951 0.0307704
912 49130 49129 0.0373673 0.0139133
913 66350 66351 0.117285 0.0556951
914 31208 31207 0.0152233 0.12135
915 62636 59468 0.0253079 0.0606605
916 81551 81552 0.02722 0.114314
917 4153 4152 0.0415208 0.520279
918 69946 69944 0.0292522 0.189438
919 94091 97025 0.0520196 0.0148053
920 134930 134930 0 0
921 27904 27905 0.261254 0.514795
922 28521 28521 0 0
923 92313 98438 0.0892538 0.111577
924 79260 79943 0.106001 0.00653528
925 63932 62645 0.16956 0.081364
926 55761 61351 0.0513391 0.00466719
927 14913 14912 0.128857 0.0504382
928 82849 82850 0.106348 0.00259592
929 53113 53119 0.309101 0.196152
930 30452 30980 0.0354274 0.156748
931 83302 83302 0 0
932 89336 94432 0.00397847 0.140859
933 72054 71005 0.113126 0.234606
934 36237 36237 0 0
935 115785 117581 0.0372766 0.0583529
936 141554 141973 0.241379 0.00277576
937 36047 37649 0.442768 0.248268
938 58546 57063 0.0889163 0.24907
939 20437 20434 0.198132 0.12877
940 30819 30818 0.0170117 0.100853
941 29779 27339 0.669572 0.0574778
942 59867 60777 0.11068 0.266342
943 37667 37650 0.0401579 0.378533
944 34381 31999 0.21948 0.197069
945 129453 129457 0.467559 0.0271171
946 57063 58546 0.218215 0.119772
947 135836 135836 0 0
948 2759 2760 0.187714 0.659805
949 94791 92297 0.00984434 0.036496
950 53560 49036 0.148912 0.151114
951 51277 51104 0.0577118 0.103664
952 60777 59867 0.265202 0.111821
953 65403 65404 0.0125003 0.0224131
954 87518 87522 0.0349903 0.106659
955 60768 60769 0.176949 0.077633
956 29221 29204 0.0144935 0.014259
957 164564 164564 0 0
958 47826 47827 0.0287278 0.0281677
959 55824 55858 0.229606 0.00416489
960 127428 127429 0.0268443 0.0593591
961 68605 67534 0.0727671 0.109613
962 27602 27601 0.106939 0.336575
963 27340 27339 0.108874 0.22814
964 65862 68121 0.0620775 0.0878839
965 47439 47523 0.0888062 0.169592
966 81039 82061 0.00954597 0.00979556
967 27156 29832 0.0373295 0.172174
968 19113 19117 0.342685 0.0719372
969 56366 56365 0.0152052 0.103968
970 85066 85078 0.0638875 0.0308447
971 16668 16666 0.204139 0.546933
972 45334 45334 0 0
973 31267 28446 0.165575 0.020182
974 80266 80266 0 0
975 27904 27905 0.110119 0.66593
976 69147 69062 0.457651 0.0058345
977 88197 82971 0.211111 0.0225288
978 142965 142966 0.0291269 0.0487844
979 28068 28066 0.00641882 0.126229
980 66173 65644 0.0274714 0.155634
981 91235 91235 0 0
982 131092 131092 0 0
983 121120 121534 0.161191 0.121678
984 44677 44500 0.0449274 0.0564615
985 151615 151558 0.137868 0.0535056
986 91293 91294 0.070711 0.0296068
987 83279 83279 0 0
988 110980 110980 0 0
989 126355 126355 0 0
990 126721 127359 0.0240254 0.428133
991 159329 153936 0.117484 0.0555045
992 129079 129077 0.0274514 0.0378605
993 37839 37840 0.146513 0.157605
994 83645 83648 0.0199411 0.0836364
995 171285 171283 0.254545 0.00347993
996 78548 78539 0.0597962 0.235431
997 60185 58259 0.0315068 0.0251915
998 37268 37267 0.24808 0.359051
999 77856 77856 0 0
1000 57234 60147 0.023332 0.330749
1001 63222 63221 0.0256876 0.135653
1002 124215 124666 0.100155 0.29679
1003 156612 156612 0 0
1004 96213 96213 0 0
1005 127933 127933 0 0
1006 124296 124297 0.038708 0.0109275
1007 134934 135773 0.0715706 0.301311
1008 155645 155645 0 0
1009 110119 110119 0 0
1010 121347 121263 0.0718441 0.10714
1011 133807 134377 0.0148265 0.124821
1012 37529 36555 0.0398914 0.283312
1013 36758 36839 0.0589182 0.012234
1014 22465 22466 0.0143279 0.103026
1015 69471 69471 0 0
1016 56322 56322 0 0
1017 133810 133811 0.0863292 0.081364
1018 82716 82717 0.0729904 0.0109323
1019 62427 58828 0.124083 0.018683
1020 115413 115414 0.139065 0.0433648
1021 60488 60487 0.0417068 0.128794
1022 67756 69283 0.011405 0.0353555
1023 64188 60645 0.128878 0.0641269
1024 85606 85605 0.0057025 0.0398707
1025 45477 54427 0.046746 0.0277506
1026 120165 120165 0 0
1027 57063 58546 0.246735 0.0912512
1028 45772 45773 0.0385299 0.0312845
1029 60265 60265 0 0
1030 57566 56135 0.237408 0.0326931
1031 53027 53026 0.116886 0.102477
1032 49686 49686 0 0
1033 124378 124458 0.0198509 0.670914
1034 137200 137201 0.0157594 0.00670057
1035 134849 134849 0 0
1036 9863 10288 0.0993584 0.149223
1037 31311 31209 0.0345595 0.0592833
1038 84991 84995 0.0096433 0.244288
1039 38344 38343 0.0113117 0.0224857
1040 88489 98145 0.121286 0.064572
1041 30083 29813 0.105236 0.0280676
1042 84598 84596 0.0887179 0.135294
1043 81271 81271 0 0
1044 47996 47995 0.00519366 0.0208883
1045 155090 155178 0.0398592 0.640604
1046 37314 37314 0 0
1047 44262 42764 0.0423503 0.236629
1048 167722 167723 0.114797 0.135755
1049 84519 84519 0 0
1050 65404 65403 0.0224131 0.0125003
1051 27366 30128 0.213921 0.148105
1052 101107 101107 0 0
1053 69129 69129 0 0
1054 69789 71449 0.316217 0.00350019
1055 88708 93886 0.196068 0.0366841
1056 31208 31207 0.0643321 0.0722407
1057 86575 86575 0 0
1058 31370 31371 0.268307 0.32585
1059 148101 148101 0 0
1060 67621 67621 0 0
1061 27904 27905 0.0597259 0.716323
1062 164003 164686 0.153103 0.830482
1063 65993 65994 0.202442 0.102574
1064 78725 81458 0.0734808 0.0623065
1065 24979 24933 0.183846 0.15256
1066 4122 4123 0.277059 0.169423
1067 37795 34513 0.515737 0.0362284
1068 33000 34938 0.0342139 0.136932
1069 27289 27288 0.0572586 0.0713684
1070 67563 67995 0.00892228 0.17067
1071 48825 48826 0.00191648 0.0398384
1072 31371 31370 0.0833253 0.510831
1073 34377 34376 0.0856261 0.0378035
1074 27570 27727 0.760049 0.198886
1075 28119 29854 0.194263 0.0039217
1076 122617 122616 0.116557 0.0105192
1077 60284 55582 0.119511 0.0464486
1078 165146 165147 0.152484 0.454351
1079 156251 156050 0.547674 0.0356257
1080 62737 62738 0.0551242 0.0619074
1081 98357 98357 0 0
1082 78563 78562 0.00769207 0.231246
1083 48431 48431 0 0
1084 29036 27765 0.109125 0.184035
1085 155068 155069 0.266499 0.0174877
1086 27942 27942 0 0
1087 96434 96432 0.0494133 0.0562569
1088 117590 117590 0 0
1089 76851 75215 0.0282525 0.0245237
1090 34504 36937 0.0849778 0.904502
1091 155959 155957 0.0606848 0.0184775
1092 114655 117073 0.0693635 0.0326348
1093 62988 58184 0.0476205 0.119175
1094 41745 41500 0.027025 0.0635833
1095 70812 71828 0.0688757 0.20281
1096 126346 126339 0.0128923 0.0866081
1097 42206 42206 0 0
1098 15077 15077 0 0
1099 55072 58748 0.0880277 0.0281759
1100 145123 145365 0.506361 0.0762289
1101 27904 27905 0.18985 0.586198
1102 81434 81434 0 0
1103 74633 74631 0.0079835 0.218087
1104 48739 47823 0.0169665 0.026052
1105 34374 34575 0.0555363 0.0965621
1106 119010 119011 0.0130851 0.142135
1107 59182 58653 0.15918 0.0201488
1108 72948 72949 0.0609408 0.12869
1109 60502 65293 0.0384932 0.059506
1110 89204 89201 0.0818089 0.0279231
1111 159491 159235 0.171514 0.159336
1112 125328 125328 0 0
1113 67540 68603 0.183071 0.078007
1114 28284 28285 0.116239 0.306369
1115 90741 99038 0.0164294 0.0360205
1116 122616 122617 0.0404471 0.0866292
1117 44965 48404 0.0787018 0.0960791
1118 70371 69942 0.0641737 0.0502227
1119 85078 85066 0.0308447 0.0638875
1120 21130 21133 0.0165983 0.100155
1121 28405 28444 0.0717573 0.189809
1122 45961 45972 0.0904528 0.459325
1123 92748 90326 0.195769 0.0466115
1124 126721 126722 0.112875 0.0290873
1125 88921 91175 0.0160642 0.11912
1126 124458 124458 0 0
1127 62783 62783 0 0
1128 60877 58525 0.00256224 0.0198675
1129 85382 85381 0.104192 0.0224523
1130 15372 15372 0 0
1131 47827 47826 0.0281677 0.0287278
1132 60449 58003 0.107974 0.0867869
1133 38591 38590 0.0239789 0.114217
1134 96844 97474 0.109193 0.027548
1135 66022 66016 0.0840302 0.118247
1136 66450 37582 0.143565 0.231618
1137 35720 35720 0 0
1138 80672 85312 0.00519265 0.0072387
1139 31801 31801 0 0
1140 64135 64134 0.107544 0.033977
1141 66016 67538 0.0467605 0.0900995
1142 48003 52842 0.00290564 0.0753426
1143 93406 93406 0 0
1144 115153 115118 0.332986 0.153751
1145 52265 52262 0.0651547 0.032758
1146 115425 115446 0.132732 0.00951992
1147 46499 46499 0 0
1148 115694 115693 0.0583506 0.14485
1149 32307 32308 0.0871318 0.353382
1150 143241 143241 0 0
1151 40324 40092 0.0702231 0.0684766
1152 33388 31914 0.0518847 0.0548717
1153 26413 26413 0 0
1154 38174 68819 0.0503745 0.0543026
1155 127606 127606 0 0
1156 70739 70739 0 0
1157 69670 69671 0.183329 0.103939
1158 16640 17115 0.123527 0.635591
1159 165541 165543 0.546797 0.133038
1160 68317 66448 0.252452 0.0171851
1161 98459 91239 0.209769 0.0401815
1162 156963 156963 0 0
1163 92128 88409 0.00816249 0.0478412
1164 124355 124355 0 0
1165 95641 95413 0.00259542 0.0212976
1166 42105 42104 0.141085 0.00836366
1167 27904 27905 0.134803 0.641246
1168 67155 68788 0.282087 0.0292675
1169 121732 121732 0 0
1170 135715 135714 0.0108987 0.156125
1171 139098 139109 0.0705792 0.173406
1172 29806 29806 0 0
1173 77074 76383 0.0141144 0.0785377
1174 85033 85034 0.0227096 0.0536863
1175 127121 127122 0.00235988 0.110932
1176 130651 130651 0 0
1177 93242 93241 0.0481066 0.0310338
1178 36801 36228 0.0225312 0.131732
1179 94698 94698 0 0
1180 59616 63502 0.0372393 0.0186418
1181 78164 78164 0 0
1182 60777 59867 0.274311 0.102711
1183 22443 23384 0.0269428 0.0822299
1184 33369 19333 0.0864169 0.203348
1185 124378 124458 0.388056 0.302708
1186 69724 71632 0.0976849 0.0846045
1187 91759 91756 0.101903 0.038777
1188 80191 83609 0.0070741 0.00844441
1189 47826 47827 0.0079835 0.048912
1190 74122 74122 0 0
1191 120419 117462 0.120506 0.368022
1192 82022 82021 0.0555532 0.0791091
1193 93943 93942 0.0561219 0.033953
1194 27733 31370 0.563713 0.241255
1195 58294 58296 0.0266117 0.0389569
1196 117282 117638 0.259215 0.168317
1197 124318 124318 0 0
1198 65061 65369 0.027372 0.0517228
1199 27479 27183 0.486371 0.0696617
1200 124304 125851 0.0304947 0.0140921
1201 62122 62122 0 0
1202 68577 68578 0.350617 0.0807025
1203 119010 119011 0.10672 0.0485001
1204 64188 60644 0.0245544 0.0177046
1205 151734 152331 0.167834 0.0175953
1206 145037 145032 0.0644341 0.491146
1207 83867 83867 0 0
1208 62623 62623 0 0
1209 55023 55808 0.0263351 0.0718134
1210 48306 48307 0.0242825 0.0511623
1211 28447 28447 0 0
1212 62773 62774 0.063212 0.1275
1213 28447 28448 0.125413 0.319848
1214 19068 19068 0 0
1215 62770 62775 0.155231 0.0463712
1216 55301 59998 0.108762 0.0794795
1217 85121 85119 0.118292 0.226294
1218 135044 136126 0.296418 0.157316
1219 53448 53448 0 0
1220 85037 85038 0.00816019 0.040679
1221 134928 135086 0.204675 0.187222
1222 51821 51821 0 0
1223 37667 37650 0.202463 0.216228
1224 16578 16586 0.0777409 0.0613859
1225 27904 27905 0.0866706 0.689378
1226 42666 42667 0.188095 0.14492
1227 82922 78969 0.085832 0.132508
1228 48268 47353 0.150709 0.0551732
1229 49979 49973 0.144492 0.0164498
1230 17398 17398 0 0
1231 52122 61411 0.0257398 0.0422152
1232 48329 51508 0.100392 0.0711306
1233 110402 110399 0.130656 0.107266
1234 66066 66066 0 0
1235 45413 45413 0 0
1236 96401 96402 0.18393 0.0536345
1237 168012 168010 0.435201 0.365623
1238 44335 44336 0.0222817 0.10869
1239 48984 48986 0.0118577 0.026791
1240 136746 136746 0 0
1241 57643 57643 0 0
1242 97049 97049 0 0
1243 68001 68011 0.020529 0.138654
1244 118003 118024 0.0874808 0.0117463
1245 77309 77310 0.166662 0.249401
1246 60471 60473 0.080164 0.100206
1247 163694 163693 0.0898061 0.0277178
1248 58258 60183 0.107056 0.195531
1249 35715 35714 0.066616 0.834977
1250 62358 62360 0.0344648 0.0175424
1251 135492 135493 0.267198 0.0789652
1252 126762 126762 0 0
1253 45457 45457 0 0
1254 151453 151457 0.00832149 0.0361743
1255 145979 145935 0.0809116 0.0619662
1256 93926 93925 0.0539837 0.0197687
1257 58546 57063 0.115149 0.222838
1258 88623 92957 0.033367 0.0152966
1259 93008 93007 0.0396034 0.0328423
1260 137009 137010 0.127998 0.203738
1261 13475 13465 0.229599 0.00520513
1262 96230 96230 0 0
1263 56456 56456 0 0
1264 16736 17742 0.109959 0.299126
1265 151518 151572 0.184427 0.0475555
1266 27456 27173 0.241019 0.103302
1267 133225 133595 0.072715 0.769743
1268 29805 28319 0.111343 0.333727
1269 151811 151812 0.0875616 0.129285
1270 80377 80378 0.0812475 0.0202407
1271 124677 124677 0 0
1272 66404 66405 0.139097 0.306616
1273 32179 32180 0.00532233 0.189842
1274 129456 130027 0.128344 0.10282
1275 38855 38854 0.0148286 0.514939
1276 162539 162539 0 0
1277 169599 169599 0 0
1278 66390 66408 0.235001 0.0567308
1279 94432 94431 0.0618207 0.288192
1280 3163 3388 0.244853 0.242528
1281 103602 103605 0.373917 0.242438
1282 142825 142826 0.0836211 0.121914
1283 76979 76978 0.0270865 0.0742373
1284 66901 66903 0.135452 0.0972141
1285 38340 35791 0.1749 0.0384837
1286 124403 124403 0 0
1287 99228 98938 0.134083 0.181219
1288 63183 63183 0 0
1289 68047 68047 0 0
1290 94054 95274 0.0483027 0.0697249
1291 97956 97956 0 0
1292 98091 98092 0.0422545 0.0476101
1293 91699 91699 0 0
1294 27735 27738 0.200608 0.278104
1295 121418 121418 0 0
1296 137002 138985 0.0809613 0.0155849
1297 57063 58546 0.250238 0.0877488
1298 62721 65133 0.175775 0.0460207
1299 78585 78590 0.0319948 0.122653
1300 135081 135064 0.0945456 0.0325752
1301 79380 79288 0.307353 0.0660269
1302 78430 78209 0.0967512 0.0384674
1303 64671 58926 0.0717895 0.0712394
1304 133165 133165 0 0
1305 32758 32758 0 0
1306 16727 17552 0.201239 0.111151
1307 33052 32777 0.324879 0.013127
1308 42823 44341 0.0011405 0.27499
1309 161827 161830 0.019489 0.0182793
1310 17272 17272 0 0
1311 59867 60777 0.111821 0.265202
1312 142829 143155 0.119092 0.0711676
1313 56135 57566 0.0326931 0.237408
1314 15738 15739 0.0135098 0.0221055
1315 114531 116829 0.00656813 0.196411
1316 31370 31371 0.0550594 0.539097
1317 157154 157154 0 0
1318 59867 60777 0.113738 0.263285
1319 63272 63272 0 0
1320 42404 26578 0.114315 0.119273
1321 60181 64785 0.0600174 0.0836039
1322 18179 18179 0 0
1323 137044 137043 0.0214517 0.308257
1324 69789 71449 0.239203 0.0805146
1325 58650 63271 0.0397472 0.0151797
1326 42842 42846 0.00349907 0.00466543
1327 44454 44454 0 0
1328 25398 25627 0.174232 0.160543
1329 57063 58546 0.18188 0.156107
1330 34504 34504 0 0
1331 57643 59882 0.00236551 0.115879
1332 86923 87360 0.0102645 0.0452679
1333 823 829 0.0247386 0.445902
1334 60781 59866 0.192066 0.0174505
1335 165742 165740 0.152018 0.103407
1336 103421 103421 0 0
1337 114867 115610 0.0783919 0.0570848
1338 63788 63786 0.128613 0.0394672
1339 63996 63997 0.0994668 0.0516622
1340 49490 49489 0.0349753 0.13398
1341 141621 141621 0 0
1342 64672 64671 0.0268475 0.0210111
1343 20056 20055 0.0522497 0.0400125
1344 96719 96718 0.029332 0.0413063
1345 156102 156281 0.0253076 0.0627529
1346 126377 126382 0.00235855 0.108753
1347 49101 46608 0.0608795 0.191824
1348 66321 67849 0.511814 0.0650504
1349 33660 33661 0.0790624 0.276515
1350 61563 55004 0.261767 0.0327085
1351 36249 36251 0.0662157 0.0897033
1352 155349 155315 0.0335088 0.0669021
1353 69358 69360 0.0362783 0.0187372
1354 157978 157977 0.0798147 0.0146585
1355 57950 57950 0 0
1356 78220 78220 0 0
1357 102794 102793 0.310417 0.0244677
1358 136868 136868 0 0
1359 63271 63273 0.0119308 0.0291085
1360 59473 59472 0.0353891 0.0121574
1361 6209 5750 0.141918 0.0316685
1362 45053 51813 0.0486776 0.0258006
1363 33749 33748 0.0217669 0.0716205
1364 88003 88003 0 0
1365 81094 88304 0.012614 0.645665
1366 157729 157730 0.0431173 0.00855182
1367 66813 66811 0.0729131 0.430591
1368 28068 28069 0.079025 0.0494773
1369 31370 27733 0.241255 0.563713
1370 97582 97583 0.105113 0.0206747
1371 81002 83035 0.0924464 0.0141661
1372 50142 50143 0.0463665 0.00694183
1373 96720 96721 0.0810581 0.094529
1374 81044 87927 0.0266307 0.113999
1375 135091 135091 0 0
1376 40576 39854 0.0196311 0.015533
1377 13534 13928 0.442629 0.425011
1378 88994 88973 0.0968407 0.148501
1379 27723 27724 0.510416 0.343737
1380 67323 67904 0.173878 0.107354
1381 81153 81154 0.0300529 0.0160067
1382 45692 45693 0.187806 0.0997622
1383 67300 67848 0.136598 0.11047
1384 127136 127136 0 0
1385 65862 68121 0.0913393 0.0586222
1386 68609 68609 0 0
1387 42705 42995 0.0186664 0.0315764
1388 78048 77497 0.163246 0.0474933
1389 126374 126374 0 0
1390 98781 89233 0.0855757 0.10084
1391 87280 88117 0.138013 0.0216695
1392 18709 18713 0.910408 0.298168
1393 58546 57063 0.124446 0.213541
1394 36533 36532 0.0610505 0.275523
1395 27904 27905 0.116011 0.660038
1396 160922 160825 0.133718 0.0482196
1397 164364 164364 0 0
1398 159867 159188 0.669078 0.0715353
1399 27348 31227 0.146269 0.241024
1400 71174 71175 0.0574287 0.0238211
1401 152597 152597 0 0
1402 83695 78659 0.0494672 0.0864367
1403 27339 27340 0.22814 0.108874
1404 77759 77759 0 0
1405 72685 72684 0.212214 0.368987
1406 43597 42401 0.152293 0.109047
1407 91769 91772 0.0652806 0.0955902
1408 72118 72363 0.0668301 0.0466527
1409 52745 52733 0.0876524 0.00700077
1410 57595 57595 0 0
1411 36495 36496 0.0287466 0.142255
1412 60245 60247 0.0999401 0.0129872
1413 81936 81935 0.135429 0.125657
1414 97783 97784 0.0736641 0.0773374
1415 52878 52880 0.0600325 0.0498158
1416 149910 149909 0.103114 0.181383
1417 85342 85343 0.00736533 0.115202
1418 59085 59085 0 0
1419 138259 136793 0.0562643 0.309428
1420 123836 123838 0.0798558 0.02002
1421 85386 85387 0.0430672 0.0653019
1422 35070 35070 0 0
1423 47526 48559 0.0274203 0.143022
1424 30956 30954 0.148167 0.0841015
1425 93527 93532 0.0863023 0.0315538
1426 57398 57398 0 0
1427 98091 98092 0.0340781 0.0557864
1428 27736 27737 0.429488 0.372139
1429 30416 27423 0.317637 0.273262
1430 75898 77755 0.557338 0.0996972
1431 27787 28562 0.00608267 0.0840312
1432 57533 62163 0.103952 0.459598
1433 66039 66039 0 0
1434 60833 60832 0.109574 0.101157
1435 159188 159119 0.10437 1.09584
1436 125633 125636 0.0483836 0.221646
1437 65989 65988 0.0552061 0.00116049
1438 36937 34504 0.661032 0.328448
1439 60253 55072 0.157839 0.00978626
1440 91239 98459 0.0296273 0.220323
1441 91995 91996 0.0677322 0.0533926
1442 17113 18481 0.194579 0.365893
1443 62587 62536 0.0550975 0.00838289
1444 98285 91916 0.0489946 0.0558323
1445 79122 79122 0 0
1446 96257 96256 0.160431 0.0761322
1447 156139 156139 0 0
1448 68618 68617 0.244496 0.0674589
1449 124215 124458 0.0179508 0.126924
1450 36462 36464 0.223911 0.00139427
1451 95282 95296 0.0141803 0.0270327
1452 67681 66002 0.0702679 0.0713722
1453 98459 91239 0.190932 0.0590181
1454 35249 35248 0.113445 0.116791
1455 32724 32724 0 0
1456 114851 114851 0 0
1457 51448 51447 0.201894 0.038502
1458 124666 124215 0.386615 0.0103303
1459 16404 15605 0.577406 0.388165
1460 121392 121610 0.173128 0.0177112
1461 31999 34381 0.19707 0.21948
1462 68770 66382 0.114634 0.809662
1463 58546 57063 0.119012 0.218975
1464 49893 49891 0.278146 0.102842
1465 94030 94030 0 0
1466 151640 151606 0.0336293 0.126628
1467 122224 122224 0 0
1468 134944 134943 0.316236 0.0528943
1469 42828 42828 0 0
1470 37365 36089 0.131202 0.21739
1471 61714 57842 0.244077 0.0706464
1472 82500 82500 0 0
1473 83323 81595 0.00829879 0.0432997
1474 16303 15687 0.00260195 0.165028
1475 158315 158315 0 0
1476 52443 52442 0.0389738 0.0249531
1477 45214 48862 0.0881987 0.034215
1478 64672 64672 0 0
1479 86345 86345 0 0
1480 102304 102354 0.21864 0.0229567
1481 80026 80027 0.0872658 0.0638719
1482 68617 68618 0.22314 0.0888155
1483 57565 63698 0.329774 0.0293818
1484 62870 59953 0.100203 0.0916474
1485 27904 27905 0.0901702 0.685879
1486 29854 28119 0.0201171 0.178068
1487 134757 134758 0.13048 0.323617
1488 135593 134916 0.327001 0.132513
1489 30367 29874 0.0560729 0.158671
1490 67708 66407 0.0744249 0.100803
1491 69288 66213 0.0735338 0.0257069
1492 155911 155910 0.0410558 0.0647955
1493 121204 120880 0.0338581 0.275208
1494 58094 58095 0.0748251 0.244201
1495 124350 124215 0.472274 0.00828729
1496 55299 55299 0 0
1497 124004 124004 0 0
1498 80619 79272 0.172475 0.0319552
1499 55302 55302 0 0
1500 62714 60450 0.0579762 0.0435834
1501 69957 69846 0.322617 0.0254712
1502 49105 49105 0 0
1503 27531 27531 0 0
1504 99748 99859 0.50033 0.0863014
1505 93170 93170 0 0
1506 60165 60167 0.00583292 0.0257595
1507 39168 39324 0.225693 0.171439
1508 71210 71209 0.0692812 0.253419
1509 121436 121436 0 0
1510 88706 88706 0 0
1511 103520 103520 0 0
1512 126456 126455 0.0152108 0.00668671
1513 29854 27493 0.0204858 0.49373
1514 56382 55468 0.069286 0.00558252
1515 167164 167264 0.0281959 0.0539821
1516 81682 84469 0.075273 0.244853
1517 43520 43520 0 0
1518 87639 87639 0 0
1519 20012 18775 0.986996 0.00822273
1520 31371 31370 0.288368 0.305789
1521 64891 64890 0.0749879 0.024996
1522 45687 45686 0.059899 0.0120933
1523 164562 164125 0.153657 0.00348653
1524 64438 64441 0.0235835 0.224209
1525 138622 138619 0.214942 0.200622
1526 34395 34395 0 0
1527 110848 111318 0.0410499 0.158562
1528 167723 167722 0.135755 0.114797
1529 137120 137118 0.141187 0.0362228
1530 19993 19639 0.157612 0.492569
1531 93349 94153 0.0616468 0.0194235
1532 92814 89847 0.174522 0.100812
1533 71726 71726 0 0
1534 78293 78293 0 0
1535 92656 92653 0.0557626 0.0209092
1536 57063 58546 0.228455 0.109532
1537 66901 66903 0.198687 0.0339791
1538 118933 118930 0.0546746 0.0510889
1539 136633 136634 0.212858 0.445385
1540 78995 78320 0.0464389 0.0418183
1541 45745 45746 0.125468 0.173457
1542 13638 14772 0.323438 0.00597012
1543 95555 95556 0.0565712 0.0289931
1544 166165 166171 0.00580875 0.00466252
1545 91427 91427 0 0
1546 155523 155041 0.0830084 0.0693531
1547 94009 94008 0.0318056 0.0191497
1548 60777 59867 0.276676 0.100346
1549 142419 142398 0.0820316 0.00713082
1550 28446 28446 0 0
1551 43955 43955 0 0
1552 2054 2053 0.105594 0.0659905
1553 135060 135836 0.243234 0.0057735
1554 35210 32309 0.517779 0.285724
1555 64103 60558 0.0209739 0.0543195
1556 66442 66443 0.127951 0.0381274
1557 69467 69467 0 0
1558 93944 93944 0 0
1559 28119 29854 0.172365 0.0258196
1560 44091 44091 0 0
1561 63352 61176 0.0614734 0.176413
1562 114874 114874 0 0
1563 91735 91736 0.0152254 0.100119
1564 82467 86861 0.0136424 0.125511
1565 156208 157644 0.0148586 0.186958
1566 55173 55072 0.0385073 0.327096
1567 99958 99944 0.149797 0.29082
1568 72126 71873 0.139314 0.0083103
1569 57823 63346 0.207907 0.0346572
1570 60769 60768 0.165992 0.0885896
1571 88489 88489 0 0
1572 137002 137002 0 0
1573 114643 114644 0.233658 0.029103
1574 94801 122400 0.131165 0.0283907
1575 70121 70123 0.0256895 0.0911094
1576 83358 78493 0.133718 0.092987
1577 34663 34663 0 0
1578 31556 31558 0.16972 0.00152066
1579 85192 85193 0.107796 0.0781731
1580 68603 67540 0.078007 0.183071
1581 70771 69783 0.258025 0.144839
1582 113626 113627 0.0182571 0.21837
1583 58650 63271 0.052947 0.00197997
1584 81474 79225 0.0291341 0.031518
1585 68788 67155 0.0292676 0.282087
1586 58419 58420 0.220332 0.291162
1587 152871 151362 0.901672 0.0910436
1588 58314 58314 0 0
1589 82265 82266 0.00413051 0.0992411
1590 79771 80850 0.0350474 0.112172
1591 70835 70833 0.0127607 0.0509462
1592 58546 57063 0.0877488 0.250238
1593 36751 37900 0.0924508 0.0506109
1594 82109 82104 0.032629 0.076988
1595 58546 57063 0.119772 0.218215
1596 71458 71458 0 0
1597 60780 60779 0.0308733 0.0210522
1598 24233 24542 0.272804 0.0787275
1599 35576 33329 0.185951 0.0107566
1600 90844 90844 0 0
1601 93007 93008 0.0266593 0.0457865
1602 52153 53304 0.0720646 0.0655136
1603 64700 63799 0.0145274 0.00190083
1604 66452 68576 0.201859 0.154333
1605 58758 57911 0.0412126 0.0256772
1606 27904 27905 0.169895 0.606153
1607 48011 48011 0 0
1608 63338 63337 0.167233 0.0239581
1609 159235 159235 0 0
1610 96034 96035 0.0611293 0.0110248
1611 68213 68104 0.133847 0.21709
1612 65522 65522 0 0
1613 130844 130843 0.342856 0.109148
1614 66446 66446 0 0
1615 27904 27905 0.104263 0.671785
1616 31370 27733 0.0632734 0.741695
1617 50242 50242 0 0
1618 80751 80750 0.0706777 0.0638699
1619 59559 59559 0 0
1620 35803 36945 0.110329 0.0442275
1621 98198 98198 0 0
1622 120881 120881 0 0
1623 63402 63404 0.0852236 0.146833
1624 99556 99557 0.0899854 0.107138
1625 94086 96994 0.0641035 0.0562892
1626 34211 34211 0 0
1627 1458 1459 0.263029 0.0934511
1628 9877 9876 0.791253 0.0145939
1629 63706 63151 0.0385223 0.0947426
1630 81153 81154 0.0270627 0.0189969
1631 60928 60929 0.0469968 0.0848933
1632 85037 85038 0.020643 0.0281962
1633 31371 31370 0.323517 0.270639
1634 159188 159876 0.136364 0.433574
1635 65678 65677 0.0821883 0.380615
1636 63273 63271 0.0168873 0.0241521
1637 2553 2553 0 0
1638 170107 170108 0.118402 0.216903
1639 83238 83238 0 0
1640 8848 8849 0.622084 0.207951
1641 57482 64011 0.172478 0.150547
1642 32176 32177 0.0116933 0.31663
1643 71589 71590 0.0281581 0.0388821
1644 36574 38631 0.466381 0.0113607
1645 136574 136573 0.276501 0.3982
1646 34000 34000 0 0
1647 30486 30486 0 0
1648 132391 131481 0.101091 0.0922222
1649 28547 28547 0 0
1650 50596 50594 0.300027 0.04562
1651 65312 65310 0.0227279 0.0339284
1652 125956 125975 0.27645 0.201115
1653 68573 68574 0.400465 0.0244643
1654 81503 81503 0 0
1655 124502 124502 0 0
1656 94059 94060 0.017123 0.109259
1657 159235 159491 0.0963755 0.234474
1658 60473 60471 0.100206 0.080164
1659 68603 68603 0 0
1660 67322 68902 0.133026 0.143541
1661 29806 29805 0.00223141 0.345129
1662 81246 81821 0.0106618 0.160879
1663 52071 52069 0.0146759 0.0483126
1664 64590 64174 0.0254391 0.075566
1665 81937 81938 0.0248415 0.196586
1666 57063 58546 0.259585 0.0784013
1667 71786 69655 0.0758847 0.0782307
1668 33580 33580 0 0
1669 49070 49070 0 0
1670 92021 92020 0.0560807 0.0595758
1671 155832 155806 0.0167199 0.0713024
1672 33003 33002 0.108703 0.201721
1673 55445 55446 0.0618255 0.143484
1674 78850 78847 0.083909 0.25483
1675 31264 31264 0 0
1676 28603 28604 0.00826291 0.0432837
1677 27736 27737 0.433245 0.368382
1678 137024 137024 0 0
1679 80835 80748 0.0916106 0.0530484
1680 136325 136325 0 0
1681 166038 166038 0 0
1682 145594 146731 0.132594 0.0354514
1683 2494 2107 0.0651445 0.190505
1684 46256 46257 0.0445535 0.020453
1685 61765 61766 0.0391875 0.0320771
1686 32176 32177 0.0166092 0.311714
1687 65507 65507 0 0
1688 58546 57063 0.156107 0.18188
1689 82170 84582 0.0336013 0.0794109
1690 88616 88617 0.00934218 0.0435016
1691 59236 59235 0.0379512 0.110439
1692 67540 66512 0.100905 0.0229146
1693 119000 118999 0.0356905 0.026482
1694 31371 31370 0.252031 0.342126
1695 55858 55824 0.00416488 0.229606
1696 15264 15265 0.115812 0.0684699
1697 56794 56795 0.00868317 0.0547023
1698 141802 142234 0.171931 0.0652086
1699 68443 68444 0.076765 0.0344552
1700 147514 147516 0.298099 0.109785
1701 126358 126358 0 0
1702 143155 142829 0.101665 0.0885943
1703 27167 29043 0.054707 0.102172
1704 137045 136939 0.202494 0.317809
1705 57566 63717 0.0356981 0.0448689
1706 37793 35018 0.00653213 0.0108481
1707 28285 28285 0 0
1708 20867 20868 0.113656 0.0120151
1709 117654 120146 0.0684635 0.0269116
1710 140816 140816 0 0
1711 25473 25473 0 0
1712 124350 124290 0.0200746 0.129189
1713 57982 57982 0 0
1714 27904 27905 0.0550391 0.72101
1715 70114 70119 0.15389 0.0765079
1716 122414 94790 0.0508298 0.0335411
1717 58546 57063 0.104621 0.233366
1718 31027 29751 0.127632 0.107911
1719 99527 99526 0.0497665 0.181522
1720 26364 26365 0.0805778 0.0461672
1721 92102 93619 0.0762112 0.166648
1722 35077 35078 0.0814033 0.274184
1723 100419 100420 0.130649 0.0558326
1724 30778 30779 0.216001 0.0734886
1725 78599 78580 0.138471 0.033095
1726 33633 33635 0.0512779 0.0459763
1727 135493 135493 0 0
1728 96355 96355 0 0
1729 63959 88397 0.142428 0.0152067
1730 163984 163985 0.299432 0.312725
1731 119250 119250 0 0
1732 133628 134230 0.0702782 0.31152
1733 81280 81281 0.0247033 0.0866361
1734 56270 56406 0.363701 0.0203535
1735 18396 18401 0.0600472 0.0752541
1736 90067 90067 0 0
1737 35155 35156 0.153203 0.112759
1738 67540 68603 0.0157638 0.245314
1739 86170 86171 0.104183 0.0321157
1740 27277 31298 0.128554 0.0397273
1741 67849 67849 0 0
1742 35321 32221 0.0408944 0.00350442
1743 45369 45378 0.204699 0.0116232
1744 58281 58283 0.00191645 0.0787428
1745 29805 29806 0.342223 0.00513795
1746 125017 125018 0.0871912 0.15802
1747 36419 36542 0.0384721 0.084827
1748 148421 148421 0 0
1749 25471 25470 0.22416 0.0079054
1750 158409 156038 0.0598477 0.152842
1751 136967 136967 0 0
1752 28343 28343 0 0
1753 58787 58787 0 0
1754 91898 91899 0.0842563 0.12348
1755 86735 86735 0 0
1756 124378 124458 0.297813 0.392951
1757 51090 51832 0.0309592 0.0694367
1758 27904 27905 0.0620813 0.713967
1759 100254 99615 0.0409007 0.0787482
1760 45033 45037 0.0449645 0.0560057
1761 65305 64091 0.0650085 0.0814495
1762 90193 90193 0 0
1763 78876 78876 0 0
1764 49102 49124 0.22804 0.0937733
1765 34297 34297 0 0
1766 17183 17188 0.0380883 0.108877
1767 163060 162982 0.137675 0.0762226
1768 144318 144571 0.00665454 0.0446047
1769 34376 31467 0.0851507 0.145337
1770 59208 63310 0.0914371 0.0680452
1771 50166 50165 0.019859 0.148568
1772 28319 28319 0 0
1773 88478 88480 0.152447 0.0269918
1774 164421 164421 0 0
1775 58926 64671 0.0712394 0.0717895
1776 53122 53122 0 0
1777 61387 61333 0.186285 0.00991082
1778 100374 100375 0.0247826 0.0899078
1779 86210 86212 0.0830495 0.146854
1780 16302 16302 0 0
1781 45191 45169 0.19194 0.00707781
1782 156218 156218 0 0
1783 76690 76691 0.100454 0.0102201
1784 58748 55072 0.0377514 0.0784522
1785 35446 35445 0.229808 0.0777093
1786 80926 80950 0.0793289 0.0314122
1787 94057 94056 0.0822918 0.135052
1788 31370 31371 0.291758 0.302399
1789 66351 68943 0.0512758 0.0737059
1790 93348 97821 0.0108198 0.0344779
1791 92102 93619 0.0798308 0.163028
1792 97847 97847 0 0
1793 63117 63119 0.0730335 0.109659
1794 62414 64029 0.00163164 0.0237024
1795 30593 30593 0 0
1796 134944 134943 0.237404 0.131726
1797 44612 44380 0.0806699 0.0847235
1798 139555 139555 0 0
1799 36049 37666 0.840884 0.0686556
1800 46539 46539 0 0
1801 27933 29490 0.169961 0.0623473
1802 27904 27905 0.180441 0.595608
1803 94039 94043 0.0128273 0.0803042
1804 116446 116449 0.140739 0.248682
1805 152447 152446 0.148192 0.0214308
1806 99607 99293 0.015809 0.0553317
1807 59132 59131 0.0127112 0.0214091
1808 52991 52990 0.113792 0.00677983
1809 65841 65842 0.0863491 0.0338387
1810 19606 19607 0.139412 0.331253
1811 36048 36049 0.0927842 0.551279
1812 60777 60779 0.0491854 0.01709
1813 64511 64511 0 0
1814 65310 65312 0.0410105 0.0156458
1815 27127 27126 0.0872355 0.0429918
1816 63728 65221 0.0439604 0.115537
1817 124680 124679 0.29978 0.021627
1818 36881 37391 0.024545 0.10983
1819 58862 60365 0.100079 0.0223294
1820 94045 91922 0.0168026 0.0463161
1821 159235 159491 0.126442 0.204408
1822 125874 125879 0.150534 0.0622354
1823 124215 124350 0.0747292 0.405832
1824 94340 94341 0.0336013 0.0723278
1825 77039 77041 0.0675875 0.0945073
1826 115249 115247 0.424391 0.105867
1827 13934 13934 0 0
1828 84592 81005 0.0960131 0.0308954
1829 86212 86210 0.143212 0.0866915
1830 77759 77758 0.0208383 0.155179
1831 67613 66068 0.239742 0.146825
1832 58427 58428 0.0263243 0.0706437
1833 89267 91916 0.0574515 0.102781
1834 28433 28528 0.0430662 0.522489
1835 46539 45412 0.0094187 0.296193
1836 34251 34250 0.0110248 0.123398
1837 98624 96890 0.0334547 0.170805
1838 18332 18332 0 0
1839 101221 101222 0.0815763 0.0734273
1840 72159 69548 0.20036 0.0270335
1841 94032 91408 0.0293465 0.0277917
1842 33113 33112 0.0756311 0.0158379
1843 55782 60328 0.144851 0.00507803
1844 32284 32288 0.0488603 0.119014
1845 119011 119010 0.142135 0.0130851
1846 86672 87837 0.114655 0.0538231
1847 47827 47826 0.0420408 0.0148547
1848 31371 31370 0.355128 0.239028
1849 50756 50752 0.0257583 0.086396
1850 79552 87991 0.0866207 0.086663
1851 27734 27736 0.419759 0.00546695
1852 19309 19309 0 0
1853 60736 62802 0.124449 0.287963
1854 124377 124378 0.0331987 0.0547599
1855 6294 6294 0 0
1856 104133 104035 0.0158605 0.118437
1857 82852 82851 0.0213677 0.0329275
1858 70372 70371 0.15644 0.0420418
1859 124377 124378 0.00370125 0.0842574
1860 156926 157849 0.268389 0.0342381
1861 35290 35076 0.0202151 0.288462
1862 63113 63114 0.302967 0.0959149
1863 136945 137047 0.0594042 0.47246
1864 32998 32998 0 0
1865 83620 78561 0.0163288 0.0889424
1866 32584 33582 0.101158 0.0409474
1867 51293 51819 0.16796 0.0451436
1868 30974 31297 0.0153403 0.153866
1869 27904 27905 0.0656052 0.710443
1870 90101 93947 0.0257519 0.0343525
1871 57321 55475 0.0367557 0.844663
1872 63974 63974 0 0
1873 17091 17091 0 0
1874 130332 130333 0.0164886 0.0793517
1875 30529 30529 0 0
1876 121602 121602 0 0
1877 109179 109179 0 0
1878 27904 27905 0.0984076 0.677641
1879 69204 69204 0 0
1880 65062 64815 0.0268693 0.0464413
1881 52965 52965 0 0
1882 58926 58927 0.0907653 0.108492
1883 85244 85243 0.0355264 0.144815
1884 64254 60683 0.171813 0.00368169
1885 19931 19931 0 0
1886 58110 58110 0 0
1887 141557 141556 0.0143466 0.130654
1888 60564 60563 0.0680598 0.0179813
1889 25812 25808 0.059622 0.0418316
1890 42013 42013 0 0
1891 135564 135562 0.0323168 0.160111
1892 95413 95412 0.00467829 0.0514914
1893 35903 36725 0.0673868 0.24312
1894 28250 28250 0 0
1895 60928 60929 0.0690375 0.0628526
1896 124679 126375 0.0234318 0.118573
1897 44179 43255 0.0549272 0.0558534
1898 111239 111240 0.134312 0.0836911
1899 36249 36251 0.0401989 0.11572
1900 31513 31512 0.379668 0.102922
1901 62593 59261 0.0562021 0.0152717
1902 34120 34120 0 0
1903 141750 141841 0.304826 0.525092
1904 2649 2648 0.0394792 0.030421
1905 27904 27905 0.118379 0.65767
1906 99790 99567 0.917291 0.149818
1907 140360 140360 0 0
1908 51779 47988 0.00453617 0.053786
1909 93082 93081 0.0408024 0.0151921
1910 137464 137471 0.0244885 0.13966
1911 29805 30095 0.0129456 0.21452
1912 79389 83637 0.339517 0.0423116
1913 28300 27339 0.204385 0.173706
1914 56024 56023 0.060708 0.018691
1915 82848 82848 0 0
1916 50435 52125 0.0674558 0.146286
1917 32247 32357 0.0665701 0.10537
1918 14594 14595 0.027093 0.0380167
1919 76313 76315 0.0612316 0.0136045
1920 60644 64188 0.0329165 0.00934255
1921 82673 82677 0.0244872 0.218419
1922 27855 27855 0 0
1923 102669 101206 0.676578 0.57069
1924 29355 29356 0.0765046 0.0749259
1925 60523 60524 0.10732 0.0163332
1926 91736 91735 0.100119 0.0152254
1927 53699 53707 0.0690805 0.0211482
1928 61068 61068 0 0
1929 61732 58258 0.0513257 0.0303271
1930 79350 79349 0.281129 0.0518022
1931 28149 28224 0.153259 0.0257472
1932 16759 16753 0.378821 0.006843
1933 58085 59871 0.0585982 0.0273363
1934 3905 3882 0.37174 0.435178
1935 30447 30448 0.440658 0.191984
1936 54615 54616 0.0537124 0.0432027
1937 137128 137131 0.0487254 0.0298741
1938 60779 60780 0.0505324 0.00139308
1939 27778 31201 0.0479854 0.349111
1940 53481 53482 0.0886862 0.0338929
1941 47669 47670 0.154837 0.00532234
1942 151747 151745 0.09835 0.0255101
1943 36672 36672 0 0
1944 142606 142604 0.076579 0.0159129
1945 31208 31208 0 0
1946 94033 94033 0 0
1947 125333 125333 0 0
1948 50938 46956 0.0949806 0.0572884
1949 91699 91700 0.0832326 0.0177124
1950 137518 137515 0.210043 0.0300332
1951 124215 124350 0.252176 0.228385
1952 117638 117282 0.168317 0.259215
1953 135913 135913 0 0
1954 27408 31049 0.586235 0.0128673
1955 43947 43947 0 0
1956 66163 66984 0.0958899 0.143771
1957 91784 91785 0.0292856 0.0822687
1958 89341 94453 0.0041738 0.188448
1959 126350 124316 0.0352119 0.146353
1960 124350 124215 0.157229 0.323332
1961 132677 132380 0.0449951 0.108951
1962 57957 57957 0 0
1963 78873 78876 0.100177 0.0268207
1964 67952 68621 0.0473175 0.110259
1965 64023 64024 0.389412 0.41135
1966 52779 52779 0 0
1967 80158 80158 0 0
1968 49149 49149 0 0
1969 66168 66224 0.0550872 0.152656
1970 85782 85783 0.0447662 0.0724673
1971 81027 81027 0 0
1972 60581 60581 0 0
1973 82467 86861 0.0578673 0.0812866
1974 17113 18481 0.291907 0.268566
1975 140786 140785 0.162603 0.190932
1976 154999 154999 0 0
1977 81347 81346 0.852006 0.108752
1978 40576 39854 0.0248744 0.0102896
1979 43642 42205 0.114292 0.585979
1980 66021 66031 0.0350532 0.0476497
1981 19628 19627 0.0708063 0.0876632
1982 28392 28392 0 0
1983 91895 91896 0.145596 0.130215
1984 31207 31208 0.0722407 0.0643321
1985 85424 85419 0.0209936 0.032659
1986 36937 34504 0.670156 0.319324
1987 43411 43412 0.106046 0.0621121
1988 136994 136993 0.25361 0.081415
1989 131670 131668 0.180596 0.172092
1990 136915 137021 0.00232641 0.908256
1991 166742 166743 0.136144 0.307199
1992 65665 66062 0.120716 0.075112
1993 156964 156964 0 0
1994 71209 71210 0.253419 0.0692812
1995 125018 125017 0.0718163 0.173395
1996 136101 136100 0.237185 0.061417
1997 70119 70114 0.180905 0.0494928
1998 115414 115413 0.0960115 0.0864188
1999 32284 32288 0.0603303 0.107543
2000 62213 62213 0 0
2001 56412 56410 0.109702 0.161066
2002 135505 135505 0 0
2003 36730 37840 0.143513 0.101966
2004 28319 29805 0.173232 0.271838
2005 27904 27905 0.15 0.626049
2006 27736 27737 0.425557 0.376069
2007 56366 57948 0.0373247 0.0151624
2008 38364 38340 0.112514 0.163771
2009 66600 66600 0 0
2010 124462 124841 0.28019 0.0714965
2011 124652 124651 0.120389 0.130138
2012 53248 53250 0.0182324 0.0136898
2013 101722 101723 0.0462648 0.0673054
2014 81295 81292 0.00442591 0.0311604
2015 150948 151275 0.100809 0.15241
2016 115210 115210 0 0
2017 66075 67472 0.244738 0.208899
2018 110887 112004 0.0879406 0.239117
2019 60928 60927 0.0401763 0.144433
2020 46744 46746 0.0888256 0.0299135
2021 57516 57516 0 0
2022 60253 60256 0.0190083 0.353041
2023 115070 115069 0.0269457 0.0422267
2024 133104 133053 0.0590291 0.10971
2025 72032 72032 0 0
2026 72937 72937 0 0
2027 31371 31370 0.385599 0.208558
2028 34381 35151 0.0807965 0.12529
2029 18915 18915 0 0
2030 100811 100812 0.00122636 0.1761
2031 27619 27359 0.0833508 0.427905
2032 13753 13752 0.156454 0.0992387
2033 124215 124458 0.0392413 0.105634
2034 98198 91956 0.256092 0.0205062
2035 125017 126356 0.0445228 0.0140949
2036 47651 47138 0.0162007 0.205613
2037 104476 104476 0 0
2038 43370 42071 0.0364559 0.331212
2039 147237 147237 0 0
2040 83035 81002 0.0540416 0.052571
2041 115608 118140 0.114561 0.199599
2042 91103 91102 0.224776 0.277042
2043 87060 87061 0.0871779 0.0985652
2044 67540 68603 0.166287 0.0947903
2045 78064 75739 0.284468 0.0391745
2046 47973 47974 0.0513793 0.0623052
2047 59324 59322 0.0243307 0.0568555
2048 32442 32440 0.0941354 0.293684
2049 157149 157149 0 0
2050 102600 102599 0.218818 0.0477513
2051 28576 28576 0 0
2052 27729 27904 0.77787 0.0925515
2053 134796 134796 0 0
2054 51449 51450 0.215699 0.0146334
2055 133823 133823 0 0
2056 15566 15568 0.244627 0.0878185
2057 64671 58926 0.0278657 0.115163
2058 36730 37840 0.0506448 0.194833
2059 452 448 0.0253075 0.425374
2060 159876 159188 0.433574 0.136364
2061 78723 81537 0.248911 0.011662
2062 155782 155782 0 0
2063 74136 74136 0 0
2064 27904 27905 0.185131 0.590918
2065 152596 152596 0 0
2066 121435 121436 0.0289161 0.0756557
2067 114548 114551 0.0663717 0.156361
2068 61344 61343 0.0163383 0.205469
2069 129548 129549 0.200221 0.0553463
2070 44335 44340 0.0417996 0.025307
2071 147089 147426 0.334071 0.0789857
2072 97211 98073 0.136547 0.0291857
2073 142825 142826 0.105596 0.0999398
2074 124216 124215 0.222836 0.0730698
2075 121808 121808 0 0
2076 168846 168846 0 0
2077 142314 142930 1.06885 0.00325601
2078 86209 86209 0 0
2079 35210 32309 0.391806 0.411696
2080 142416 142417 0.210622 0.0449961
2081 94178 94180 0.0236213 0.100137
2082 29772 29771 0.21956 0.0268142
2083 77658 77658 0 0
2084 65839 65839 0 0
2085 58438 58438 0 0
2086 35669 34052 0.416987 0.375391
2087 99198 99187 0.0899403 0.132746
2088 103770 102948 0.27883 0.137401
2089 135525 135525 0 0
2090 60075 60076 0.0408573 0.224539
2091 93881 88381 0.059761 0.0152302
2092 43482 43482 0 0
2093 58926 64671 0.118965 0.024064
2094 28646 28645 0.162343 0.0777799
2095 113747 113752 0.277477 0.163978
2096 70275 73001 0.0422166 0.0436843
2097 94246 91272 0.0594912 0.210414
2098 62077 62078 0.0997354 0.053721
2099 27346 27345 0.116193 0.0153853
2100 55975 55975 0 0
2101 170853 170886 0.0655911 0.134249
2102 97307 97308 0.0662838 0.038512
2103 35214 35215 0.121897 0.231365
2104 124216 124215 0.195365 0.100541
2105 59230 61300 0.167175 0.0941539
2106 27331 27330 0.178993 0.124961
2107 68962 68961 0.473137 0.442346
2108 152385 152386 0.112459 0.097631
2109 51750 51749 0.0646432 0.379924
2110 10083 9964 0.116188 0.152245
2111 67534 67952 0.232844 0.0460823
2112 115925 115925 0 0
2113 60066 59561 0.107516 0.0525641
2114 62781 62777 0.0749427 0.107396
2115 85484 86819 0.153104 0.0124278
2116 39324 39324 0 0
2117 62262 62264 0.0154159 0.0770572
2118 47943 47942 0.0182852 0.107572
2119 65641 65642 0.0247694 0.396159
2120 91669 91670 0.00578194 0.0420183
2121 17735 17732 0.130831 0.0990212
2122 81881 81879 0.0653163 0.052463
2123 64182 64180 0.0219039 0.112901
2124 31371 31370 0.349273 0.244884
2125 83334 83335 0.00821274 0.0166614
2126 143174 143174 0 0
2127 57063 58546 0.218975 0.119012
2128 27705 27704 0.00418183 0.00434213
2129 57063 58546 0.216582 0.121404
2130 91329 91337 0.0587589 0.104938
2131 120018 115526 0.103675 0.104476
2132 142895 142336 0.213541 0.0531068
2133 53037 53037 0 0
2134 90481 98677 0.0917081 0.0886803
2135 31370 31371 0.311693 0.282464
2136 98338 97372 0.169727 0.063219
2137 28298 28521 0.00957574 0.270793
2138 59492 60027 0.0165963 0.063111
2139 47264 49974 0.0736252 0.00885721
2140 86511 86510 0.0468236 0.0114858
2141 1260 1262 0.167792 0.148969
2142 91204 91204 0 0
2143 90517 91703 0.0162856 0.06213
2144 33631 32323 0.0186648 0.0187562
2145 56310 55299 0.174366 0.0131169
2146 58249 58702 0.0259361 0.00397664
2147 94153 93349 0.0172656 0.0638047
2148 31997 35091 0.0998521 0.249962
2149 62777 62781 0.109027 0.0733114
2150 121884 122172 0.0773868 0.0357357
2151 126495 124377 0.0238649 0.0845813
2152 58313 58879 0.151098 0.0190441
2153 158538 158538 0 0
2154 50518 50518 0 0
2155 88488 88489 0.0900236 0.0187937
2156 19224 19224 0 0
2157 31916 31910 0.011931 0.0580044
2158 117063 114527 0.130027 0.111237
2159 66725 67283 0.0438398 0.0391782
2160 85919 85925 0.0445443 0.0653208
2161 34883 34883 0 0
2162 93251 93250 0.0163472 0.0498137
2163 125618 125618 0 0
2164 134916 136608 0.0796813 0.167572
2165 81425 81425 0 0
2166 101505 101365 0.0340851 0.153432
2167 117299 117298 0.219918 0.0236858
2168 64188 60645 0.0785864 0.114419
2169 96890 98624 0.105796 0.0984631
2170 152408 152829 0.151496 0.122928
2171 166040 166038 0.141468 0.0352053
2172 153990 153989 0.221855 0.0618527
2173 94246 91272 0.0409606 0.228945
2174 66014 67956 0.0937596 0.0112694
2175 124457 124458 0.110425 0.181393
2176 93541 89363 0.121133 0.0845644
2177 156872 156872 0 0
2178 114604 114605 0.0230511 0.0964673
2179 68374 68374 0 0
2180 85484 86819 0.159338 0.00619337
2181 4021 4022 0.00731111 0.00139145
2182 135787 136340 0.110081 0.0358251
2183 38854 38855 0.367329 0.162438
2184 126376 126376 0 0
2185 104568 104579 0.690064 0.0279859
2186 66748 65886 0.150505 0.113052
2187 136992 136993 0.0232834 0.252706
2188 57695 55746 0.0123946 0.114643
2189 124378 124458 0.576906 0.113858
2190 115674 115189 0.0903483 0.0329436
2191 65666 66008 0.104631 0.109509
2192 125866 125865 0.125092 0.13789
2193 62084 62085 0.297063 0.326171
2194 30717 30388 0.00694195 0.0132407
2195 51471 51471 0 0
2196 57063 58546 0.24428 0.0937068
2197 45160 45203 0.233094 0.149424
2198 63273 63271 0.00434179 0.0366976
2199 114589 117336 0.3519 0.156825
2200 66052 68659 0.153266 0.0950446
2201 27467 27468 0.0122213 0.0657485
2202 58437 58437 0 0
2203 52183 52184 0.0418884 0.0269387
2204 82851 82852 0.0243307 0.0299645
2205 33661 33660 0.276515 0.0790625
2206 37666 37666 0 0
2207 67408 67407 0.148318 0.0870894
2208 55299 55301 0.0470906 0.0297299
2209 29698 29697 0.0658335 0.00228101
2210 32308 35711 0.775802 0.0510074
2211 88065 88065 0 0
2212 3252 2455 0.0141701 0.0345544
2213 69472 69472 0 0
2214 66811 66813 0.430591 0.0729131
2215 51570 51570 0 0
2216 121094 121095 0.253666 0.10402
2217 16651 17115 0.253565 0.342968
2218 31370 31371 0.228483 0.365673
2219 66654 66654 0 0
2220 61627 61151 0.0218355 0.201167
2221 154971 154972 0.195708 0.0749735
2222 33427 32755 0.19722 0.0521052
2223 48047 48045 0.057178 0.00821681
2224 82270 86415 0.0133717 0.0400242
2225 91700 91699 0.00872404 0.0922209
2226 80590 81692 0.0315336 0.07192
2227 93225 93225 0 0
2228 31371 31370 0.323494 0.270663
2229 77260 77259 0.0329606 0.149804
2230 93191 93191 0 0
2231 65912 65902 0.0239789 0.0790747
2232 68602 68609 0.104937 0.0057897
2233 52442 52440 0.0449182 0.0367956
2234 57792 57839 0.652598 0.385436
2235 27339 27340 0.19961 0.137404
2236 103114 103115 0.0667842 0.112474
2237 64029 62414 0.0233073 0.00202671
2238 136628 136627 0.0753895 0.037039
2239 27516 27516 0 0
2240 151740 151739 0.134756 0.115886
2241 68927 68927 0 0
2242 48164 48164 0 0
2243 36241 36237 0.381993 0.0210215
2244 37666 37667 0.130071 0.0395466
2245 159491 159235 0.278326 0.0525242
2246 60429 60429 0 0
2247 27093 27800 0.0645375 0.146739
2248 81798 81799 0.0337332 0.114305
2249 32937 32147 0.129341 0.0973766
2250 164 164 0 0
2251 94886 96868 0.0983976 0.172169
2252 43072 42308 0.00537195 0.113225
2253 124215 124666 0.174727 0.222218
2254 31370 31371 0.34682 0.247336
2255 27904 27905 0.15935 0.616699
2256 100653 100385 0.0606096 0.0997418
2257 151013 151013 0 0
2258 168848 168848 0 0
2259 60929 60928 0.118694 0.0131963
2260 91968 91959 0.0501051 0.0683712
2261 33442 33445 0.398598 0.0901936
2262 37900 36751 0.0220094 0.121052
2263 2251 2252 0.382643 0.0160098
2264 48826 48825 0.022278 0.0194768
2265 98481 98481 0 0
2266 60487 60488 0.128794 0.0417068
2267 15566 15568 0.195466 0.13698
2268 57063 58546 0.213541 0.124446
2269 97007 97005 0.001392 0.0689444
2270 124378 124458 0.440872 0.249892
2271 42024 44382 0.0218353 0.207458
2272 14661 14662 0.0620897 0.0533614
2273 91005 91161 0.0676107 0.321334
2274 30013 27379 0.0374552 0.100581
2275 62777 62781 0.107396 0.0749427
2276 28300 27339 0.133854 0.244238
2277 91439 96885 0.0536868 0.0834268
2278 33425 33424 0.113577 0.15558
2279 52184 52183 0.0269387 0.0418884
2280 49200 49200 0 0
2281 49796 49796 0 0
2282 123109 123110 0.115857 0.0663958
2283 45190 45190 0 0
2284 82357 86801 0.0243307 0.101232
2285 96324 96322 0.0534597 0.0551786
2286 27904 27905 0.17342 0.602629
2287 136788 137208 0.222819 0.0260728
2288 81280 81281 0.0101943 0.101145
2289 26918 25124 0.0111803 0.280548
2290 156702 156161 0.0177572 0.128081
2291 124458 124215 0.126924 0.0179508
2292 67681 66002 0.0826949 0.0589453
2293 27904 27905 0.114872 0.661177
2294 92967 92967 0 0
2295 134213 134213 0 0
2296 59229 59229 0 0
2297 124666 124215 0.355624 0.0413211
2298 100742 101558 0.0137156 0.00924521
2299 93696 95917 0.0123813 0.0563688
2300 124666 124215 0.229446 0.167499
2301 93443 93451 0.0315014 0.136625
2302 29181 29181 0 0
2303 57215 57215 0 0
2304 59237 59236 0.21542 0.0296213
2305 64671 58926 0.024064 0.118965
2306 115312 116796 0.179904 0.085046
2307 121364 121807 0.0865242 0.0538196
2308 77224 77224 0 0
2309 66512 67540 0.0229146 0.100905
2310 59867 60777 0.10992 0.267102
2311 95796 95615 0.287011 0.0468268
2312 61959 61961 0.123726 0.0299303
2313 42539 42535 0.0632803 0.0388742
2314 78600 78600 0 0
2315 96773 91716 0.00484251 0.100478
2316 143155 142829 0.0711676 0.119092
2317 68757 68758 0.124928 0.17812
2318 53978 49760 0.0512273 0.0550016
2319 120398 120400 0.0264629 0.021413
2320 27904 27905 0.039855 0.736194
2321 78706 78705 0.0863402 0.0268065
2322 94054 95274 0.0845251 0.0335024
2323 124215 124216 0.0443444 0.251562
2324 131484 132043 0.0381423 0.062645
2325 24341 24425 0.209333 0.352003
2326 84299 84404 0.199739 0.041293
2327 102319 102575 0.0578003 0.081616
2328 124285 124286 0.015204 0.432836
2329 121195 121192 0.0661719 0.036496
2330 72305 72304 0.158655 0.051217
2331 58546 57063 0.116781 0.221206
2332 20051 20051 0 0
2333 39497 39499 0.0759154 0.159714
2334 66512 67540 0.0800905 0.0437295
2335 30007 27534 0.0760424 0.00414304
2336 71828 70812 0.20281 0.0688757
2337 13757 13757 0 0
2338 91337 91329 0.109078 0.0546187
2339 68338 68339 0.0238454 0.0866429
2340 62163 57533 0.176735 0.386815
2341 91165 95162 0.225399 0.0269542
2342 154985 154879 0.0504247 0.18037
2343 78641 81092 0.0473124 0.179743
2344 131835 131834 0.0442677 0.0497759
2345 66025 66032 0.0420621 0.0688857
2346 65370 65369 0.0958429 0.0094181
2347 30292 30293 0.0458636 0.0578894
2348 124515 124515 0 0
2349 66211 66904 0.393594 0.0534348
2350 58011 58012 0.0140156 0.142462
2351 78270 84036 0.0339866 0.084497
2352 43445 43445 0 0
2353 42254 42253 0.012564 0.0205119
2354 135773 134934 0.334467 0.0384144
2355 35899 38821 0.55714 0.0178828
2356 69372 66006 0.0578872 0.212216
2357 31799 32163 0.09936 0.0233709
2358 33061 33060 0.00759164 0.111784
2359 81240 81212 0.0607198 0.108593
2360 83697 83697 0 0
2361 135273 135290 0.212349 0.683056
2362 137384 137384 0 0
2363 47328 47328 0 0
2364 72272 72274 0.117346 0.0270278
2365 17804 17804 0 0
2366 47466 47467 0.0384219 0.0366015
2367 16756 16794 0.623554 0.237091
2368 164285 164285 0 0
2369 134928 135086 0.341894 0.0500027
2370 59233 59233 0 0
2371 135488 135488 0 0
2372 27741 27741 0 0
2373 61949 61950 0.0518209 0.115643
2374 159494 159235 0.17666 0.0317468
2375 26671 26672 0.361897 0.113787
2376 89139 89139 0 0
2377 14661 14663 0.0236914 0.0468634
2378 81153 81154 0.0292926 0.016767
2379 51043 51043 0 0
2380 61890 61887 0.018316 0.0832052
2381 124215 124458 0.12727 0.0176054
2382 109309 109309 0 0
2383 45138 45137 0.0842199 0.0163288
2384 78445 82894 0.0303667 0.0746714
2385 96709 96708 0.0229266 0.132437
2386 120906 120908 0.0181125 0.00325972
2387 32742 32063 0.119219 0.181108
2388 31371 31370 0.348107 0.24605
2389 137116 137117 0.0446959 0.029814
2390 61378 61497 0.0409772 0.0894908
2391 27904 27905 0.0655812 0.710468
2392 66316 66315 0.246192 0.238961
2393 12044 12045 0.186255 1.04321
2394 38569 38569 0 0
2395 79288 79288 0 0
2396 69508 69509 0.26637 0.206823
2397 18603 18481 0.64492 0.0498547
2398 1587 1254 0.150895 0.089941
2399 126355 126354 0.0164527 0.0432965
2400 33633 33635 0.0469358 0.0503184
2401 65666 65666 0 0
2402 83641 78626 0.363106 0.0504173
2403 137686 137305 0.0849248 0.0971909
2404 60152 60152 0 0
2405 55635 55633 0.205401 0.0584156
2406 53482 53482 0 0
2407 147472 147474 0.0854234 0.200883
2408 58910 58910 0 0
2409 81335 81388 0.0735327 0.0281406
2410 97821 93348 0.0344779 0.0108198
2411 93687 93687 0 0
2412 151881 151844 0.1864 0.0758445
2413 92427 91577 0.116512 0.0105468
2414 159235 159491 0.0840901 0.24676
2415 135567 135849 0.514522 0.208799
2416 50672 50673 0.0828693 0.0119316
2417 122334 122334 0 0
2418 38106 38107 0.0487163 0.0180783
2419 93349 94153 0.0646882 0.0163822
2420 151640 151606 0.083586 0.0766714
2421 58777 58778 0.195001 0.0186701
2422 47045 47045 0 0
2423 97020 97020 0 0
2424 79383 79387 1.51842 0.745612
2425 56872 56872 0 0
2426 81617 78399 0.101151 0.0540268
2427 15077 15078 0.317822 0.0440993
2428 76362 76359 0.0270722 0.0323865
2429 59264 55441 0.123806 0.0149507
2430 68962 68961 0.532962 0.382521
2431 137596 137596 0 0
2432 93287 88399 0.0357357 0.00978596
2433 111228 110975 0.0330261 0.153874
2434 53076 53077 0.0231902 0.00245558
2435 83770 83771 0.128253 0.0221428
2436 94528 96535 0.0170886 0.159276
2437 74682 74681 0.0116861 0.0328782
2438 66408 68793 0.0231705 0.244332
2439 59558 55329 0.186112 0.0104156
2440 91428 91425 0.0105261 0.0698462
2441 123680 120906 0.0209719 0.295799
2442 47550 47551 0.0688334 0.0846136
2443 76243 76242 0.008119 0.0756786
2444 44505 43878 0.1649 0.0216634
2445 120882 121993 0.218628 0.0939752
2446 82850 82850 0 0
2447 67572 65909 0.00578957 0.00527484
2448 137817 137820 0.0255188 0.0787936
2449 134769 135215 0.111971 0.0633295
2450 31494 31494 0 0
2451 59085 59086 0.159283 0.0379701
2452 28376 28376 0 0
2453 50651 50651 0 0
2454 33638 33639 0.0270171 0.0708177
2455 85342 85343 0.107775 0.0147924
2456 43083 43084 0.0766364 0.156347
2457 167560 167634 0.163788 0.0123244
2458 167663 167665 0.194299 0.274027
2459 92629 92630 0.0770821 0.201146
2460 71873 72126 0.0083103 0.139314
2461 27320 27320 0 0
2462 47245 47246 0.250643 0.128353
2463 34888 34889 0.040096 0.1133
2464 92147 92147 0 0
2465 60262 60262 0 0
2466 95549 98252 0.0773083 0.0347982
2467 164438 164440 0.105649 0.179252
2468 67759 67756 0.017715 0.116799
2469 27339 29779 0.120679 0.606371
2470 76563 76564 0.0663722 0.0320374
2471 80492 80492 0 0
2472 61090 63690 0.0536453 0.00190083
2473 59867 60777 0.102711 0.274311
2474 36989 36989 0 0
2475 124215 124216 0.0160094 0.279897
2476 131289 130649 0.254252 0.2178
2477 78924 78924 0 0
2478 132164 132165 0.0246328 0.00431558
2479 45701 45702 0.0191017 0.188316
2480 86038 86038 0 0
2481 71261 71262 0.149057 0.0779495
2482 31957 31957 0 0
2483 136171 136172 0.125233 0.0289861
2484 88594 88594 0 0
2485 18442 19223 0.0796254 0.206114
2486 156584 156586 0.027058 0.00715374
2487 44825 44826 0.115215 0.184885
2488 59866 60781 0.0391572 0.170359
2489 69794 69794 0 0
2490 55879 55233 0.111002 0.0771096
2491 63753 63754 0.0420547 0.0315295
2492 35719 35719 0 0
2493 96990 96991 0.04207 0.0572556
2494 47669 47670 0.110019 0.0501403
2495 79729 82029 0.0474934 0.180447
2496 152585 152585 0 0
2497 27515 28521 0.526682 0.0727796
2498 58748 55072 0.109689 0.00651464
2499 64742 59071 0.0892183 0.0702125