0 105847 128325 0.11969 0.171818
1 120570 120571 0.0351826 0.238596
2 91103 91102 0.224776 0.277042
3 61832 65379 0.0852488 0.0163584
4 10127 9660 1.0808 0.0410049
5 74743 74742 0.0355476 0.0229748
6 44498 43573 0.0610829 0.0997283
7 118655 118656 0.0471106 0.00797798
8 87771 87294 0.120848 0.0143346
9 81937 81938 0.0248415 0.196586
10 111642 111644 0.082597 0.0755125
11 113209 113247 0.00232716 0.013963
12 82497 82498 0.127591 0.0661097
13 45837 50676 0.0305028 0.0107588
14 82926 82927 0.0839433 0.0215088
15 82792 84034 0.0221556 0.0303292
16 30385 30386 0.0435531 0.0351484
17 93349 94153 0.0616468 0.0194235
18 47172 47171 0.0133818 0.0625913
19 44179 43255 0.0549272 0.0558534
20 59052 59051 0.0539584 0.0175743
21 43062 43063 0.148842 0.0407511
22 92629 92630 0.133698 0.14453
23 116147 116148 0.0172939 0.0354658
24 135037 135037 0 0
25 156342 156342 0 0
26 20953 20437 0.0337431 0.0167497
27 98766 98766 0 0
28 152393 153044 0.0538695 0.132001
29 113774 114245 0.253 0.0393284
30 95503 95501 0.0180432 0.0437416
31 151740 151739 0.134756 0.115886
32 136874 136875 0.004651 0.00466651
33 97843 97843 0 0
34 17402 17405 0.0057025 0.0483318
35 53342 53342 0 0
36 70149 70150 0.114695 0.0877537
37 125795 124913 0.107152 0.0587879
38 5743 5887 0.170897 0.144856
39 116526 116526 0 0
40 93535 93530 0.0534598 0.0400895
41 124378 124458 0.0198509 0.670914
42 90887 90887 0 0
43 46762 46761 0.0602118 0.0142583
44 82453 82454 0.0352421 0.171435
45 92075 95881 0.0268218 0.00935932
46 62901 62902 0.0263596 0.0606685
47 49364 50799 0.178703 0.00152066
48 115379 117523 0.317577 0.0209415
49 123345 123642 0.215685 0.0326229
50 65092 65092 0 0
51 57960 57303 0.195962 0.0325034
52 51056 48903 0.0698048 0.147476
53 58758 60277 0.139325 0.0256742
54 85848 83131 0.0224235 0.047901
55 138311 138311 0 0
56 153050 153047 0.0152016 0.0205823
57 7396 7399 0.0525972 0.147686
58 59482 59482 0 0
59 91109 91276 0.113129 0.152142
60 96892 98627 0.0344732 0.051323
61 60725 60725 0 0
62 139876 139876 0 0
63 61090 63690 0.0536453 0.00190083
64 62098 62096 0.00583707 0.036548
65 137324 137998 0.0882348 0.0578776
66 117485 118154 0.0539446 0.0179219
67 113000 113004 0.365299 0.166237
68 47935 45086 0.0406945 0.0987207
69 75122 75123 0.0626224 0.111787
70 88614 89399 0.0621278 0.0176511
71 46942 46942 0 0
72 86534 85126 0.0165361 0.174362
73 79751 82758 0.103412 0.0897268
74 63987 63987 0 0
75 59104 58985 0.0406778 0.0566448
76 58508 61930 0.0390021 0.00537396
77 87249 87248 0.0112047 0.079869
78 170824 170850 0.0244954 0.029038
79 13888 14332 0.24141 0.251697
80 47934 47932 0.0368566 0.0145697
81 47604 47603 0.009124 0.09043
82 51776 51774 0.150504 0.0521428
83 48815 48814 0.125562 0.0606781
84 90638 98772 0.0403334 0.0467864
85 78330 78390 0.0118021 0.152124
86 170519 170520 0.0521524 0.0344655
87 91524 91523 0.138045 0.0566927
88 92497 92496 0.0437044 0.0650391
89 57761 57761 0 0
90 80080 83684 0.178249 0.0641199
91 87048 87048 0 0
92 94488 94490 0.0984194 0.0814095
93 92530 92525 0.063209 0.262278
94 91942 94016 0.010325 0.124508
95 98608 98609 0.0957445 0.0956885
96 84001 85103 0.0118248 0.0894047
97 15725 15726 0.0712145 0.147572
98 142093 142095 0.0743294 0.169578
99 145903 145903 0 0
100 92955 88611 0.0067561 0.0553404
101 78987 85791 0.0948855 0.151963
102 54853 54853 0 0
103 86754 86753 0.0279971 0.108839
104 33282 33284 0.262281 0.0232196
105 52125 50435 0.146286 0.0674558
106 87327 86342 0.0377167 0.0327756
107 48680 48680 0 0
108 150197 150197 0 0
109 93001 92998 0.00578288 0.0423834
110 64204 64204 0 0
111 155906 155906 0 0
112 1978 1977 0.0478656 0.0448718
113 60495 58430 0.102017 0.0469
114 113107 113095 0.0147826 0.0458392
115 36748 36745 0.0776082 0.196966
116 47080 47079 0.0186995 0.119827
117 57848 57848 0 0
118 71860 71863 0.123492 0.162955
119 55037 55036 0.0641967 0.0525221
120 87611 85676 0.0569913 0.0408841
121 15156 15156 0 0
122 74556 74556 0 0
123 15204 15204 0 0
124 82374 82374 0 0
125 90468 90468 0 0
126 43090 43090 0 0
127 7708 7710 0.0546783 1.12368
128 37311 37763 0.0909806 0.133754
129 91888 93998 0.0654556 0.0654234
130 81076 81076 0 0
131 78210 78211 0.0231143 0.0604799
132 47911 47911 0 0
133 45581 45581 0 0
134 64780 64780 0 0
135 37505 37505 0 0
136 2401 2401 0 0
137 85940 85941 0.101516 0.0487514
138 117353 117357 0.188603 0.0815097
139 57758 57737 0.104984 0.0769848
140 36750 36750 0 0
141 86367 86367 0 0
142 64850 62517 0.0627751 0.0292961
143 103925 103949 0.0308721 0.165837
144 157184 157184 0 0
145 91931 91932 0.041979 0.144232
146 78437 78450 0.0536416 0.0933022
147 94091 97025 0.058081 0.00874383
148 82792 84034 0.0408256 0.0116591
149 167849 167775 0.129875 0.0449484
150 116905 119958 0.0198173 0.074567
151 62593 59261 0.0434241 0.0280497
152 42335 42336 0.009587 0.0386804
153 119755 119754 0.104142 0.110543
154 79601 79601 0 0
155 152749 152441 0.103177 0.0406368
156 143161 142797 0.0882088 0.0467531
157 85790 85790 0 0
158 142415 142415 0 0
159 157774 157772 0.00608267 0.0683458
160 47987 47985 0.00541002 0.0629176
161 120434 117416 0.119279 0.0137054
162 25076 25089 0.0167721 0.0813818
163 32155 31909 0.0526928 0.0383221
164 63860 63860 0 0
165 52608 51593 0.0209092 0.0916627
166 103819 103819 0 0
167 16714 16743 0.0180149 0.307818
168 74800 74801 0.045164 0.00472486
169 49898 49588 0.127221 0.0726085
170 29893 29893 0 0
171 121322 121322 0 0
172 148614 148485 0.161093 0.143509
173 37210 37210 0 0
174 91168 91168 0 0
175 64942 60599 0.0422812 0.232671
176 2551 2552 0.0141252 0.306762
177 98478 95383 0.0565415 0.0268706
178 141704 141704 0 0
179 82938 82939 0.0280012 0.0909698
180 111227 110940 0.0503304 0.126574
181 61699 61579 0.0842835 0.0072533
182 54875 54875 0 0
183 39811 40027 0.223418 0.120904
184 163976 163978 0.0120123 0.0287067
185 137576 137576 0 0
186 92327 92326 0.0409987 0.0048911
187 38630 38602 0.0378967 0.1463
188 116414 116414 0 0
189 53454 53455 0.114602 0.0178678
190 91814 91815 0.0755932 0.0894497
191 55073 55073 0 0
192 58216 58216 0 0
193 50567 50568 0.0492796 0.151306
194 48180 48181 0.128411 0.0759102
195 82437 82437 0 0
196 45203 45203 0 0
197 120037 117006 0.05425 0.0556734
198 46558 45153 0.05249 0.0303287
199 78318 78989 0.0828643 0.26251
200 86610 86610 0 0
201 117102 117102 0 0
202 88421 88422 0.0327296 0.146475
203 93993 89522 0.211347 0.0373604
204 25129 25125 0.0393217 0.208348
205 57482 64011 0.215185 0.10784
206 69880 69886 0.0102237 0.0918052
207 82690 81242 0.177553 0.0186238
208 83040 83040 0 0
209 154321 154360 0.669277 0.174366
210 44006 44008 0.104361 0.103946
211 74686 74675 0.00434134 0.0680404
212 94031 94032 0.00470867 0.0542356
213 37314 37314 0 0
214 87211 87212 0.0697293 0.0569488
215 137116 137117 0.0436736 0.0308363
216 169325 169252 0.0334027 0.0607925
217 164880 164031 0.223204 0.0127921
218 95881 95879 0.0105013 0.0256542
219 157524 156614 0.0634893 0.0940198
220 110502 110502 0 0
221 68880 67357 0.0547858 0.0562155
222 103373 103602 0.305821 0.00836924
223 2034 2034 0 0
224 82899 82902 0.0504 0.0622073
225 112004 110887 0.239117 0.0879406
226 151432 151432 0 0
227 42352 42351 0.0460411 0.0233319
228 80590 80590 0 0
229 46901 46902 0.0876128 0.0156842
230 58055 58055 0 0
231 80866 80867 0.155196 0.0340631
232 117205 117205 0 0
233 85510 81972 0.0251468 0.00187017
234 138117 138117 0 0
235 63848 63848 0 0
236 47627 47631 0.0157817 0.100925
237 65281 65281 0 0
238 2382 2384 0.0567345 0.0557993
239 44017 44014 0.113152 0.0550778
240 97286 97287 0.374731 0.0507141
241 51781 51781 0 0
242 58270 58268 0.0552901 0.0301378
243 102322 101733 0.163316 0.0144463
244 93601 93601 0 0
245 78579 78573 0.0569224 0.14461
246 55438 64884 0.0172743 0.0650085
247 137944 137942 0.00232526 0.0232557
248 162539 162538 0.0519161 0.129601
249 120927 120987 0.144048 0.10827
250 159199 159699 0.129445 0.0786479
251 53224 53224 0 0
252 94702 94705 0.0711962 0.0222292
253 52776 52776 0 0
254 103076 104438 0.119281 0.0872172
255 100143 100142 0.0340596 0.00256165
256 164027 165315 0.166271 0.0755719
257 83238 83238 0 0
258 140968 140490 0.061861 0.167694
259 158538 158538 0 0
260 46744 46746 0.0888256 0.0299135
261 82673 82677 0.0699066 0.172999
262 58806 58806 0 0
263 86160 86097 0.00507769 0.0240186
264 58787 59839 0.0292728 0.0730759
265 47550 47551 0.077677 0.07577
266 94466 94467 0.0497601 0.102996
267 83697 83697 0 0
268 94091 97025 0.0555485 0.0112764
269 83103 83103 0 0
270 35030 35030 0 0
271 52597 52597 0 0
272 88777 88777 0 0
273 48592 48593 0.0737624 0.0289535
274 52841 52841 0 0
275 62673 62676 0.0342464 0.0586153
276 119758 115758 0.436608 0.0426706
277 120426 120427 0.00831601 0.068317
278 52606 52607 0.0445513 0.040977
279 53978 49760 0.0512273 0.0550016
280 50921 50921 0 0
281 111555 112154 0.0271336 0.10529
282 80316 79148 0.199026 0.0961727
283 54283 54587 0.0338295 0.0281565
284 92035 92037 0.176429 0.0297557
285 59555 59554 0.113781 0.156961
286 77039 77041 0.0675875 0.0945073
287 47118 47118 0 0
288 61331 61331 0 0
289 152805 152805 0 0
290 43407 43931 0.0268495 0.0723747
291 55004 56722 0.054794 0.033475
292 15161 15678 0.0137605 0.106195
293 88117 88117 0 0
294 82642 85881 0.0511724 0.269839
295 91735 91736 0.0380615 0.0772825
296 92020 92021 0.0599559 0.0557005
297 49384 49383 0.017894 0.0159071
298 92338 92338 0 0
299 167344 167345 0.482977 0.129799
300 140687 140687 0 0
301 58353 58671 0.0245571 0.0313217
302 85970 85971 0.091484 0.0786845
303 17557 18360 0.0575381 0.0250648
304 114810 114810 0 0
305 47170 47170 0 0
306 95550 95547 0.108581 0.0208207
307 78681 78681 0 0
308 156208 157644 0.0097825 0.192034
309 47996 47995 0.00519366 0.0208883
310 169853 169857 0.184228 0.0638965
311 126212 126211 0.231812 0.00277825
312 60932 60933 0.025801 0.103206
313 95871 95871 0 0
314 7799 7362 0.0317956 0.0681152
315 62516 64849 0.0964081 0.0537061
316 72311 72310 0.0116738 0.133995
317 156623 156623 0 0
318 2035 2034 0.0293039 0.141497
319 43488 43488 0 0
320 78581 78581 0 0
321 123345 123642 0.0663089 0.181999
322 27588 27588 0 0
323 37889 37889 0 0
324 86218 86219 0.0309588 0.0797532
325 55347 55366 0.301724 0.0307175
326 123090 121348 0.030311 0.148069
327 49367 49368 0.131457 0.0591578
328 80271 79026 0.0380565 0.0616853
329 95459 95459 0 0
330 88565 90138 0.0623656 0.138079
331 33345 33215 0.150553 0.0169681
332 79055 78886 0.205449 0.136662
333 56977 57055 0.0822658 0.0326597
334 70096 70096 0 0
335 123830 123831 0.0804661 0.381728
336 234 235 0.0192095 0.124311
337 62236 62237 0.152486 0.0811697
338 41772 41773 0.0512772 0.125692
339 130662 130670 0.214809 0.0412668
340 61890 61887 0.018316 0.0832052
341 157149 157149 0 0
342 56012 61931 0.0401512 0.0772249
343 154917 154918 0.0892657 0.11612
344 47527 47527 0 0
345 136818 136818 0 0
346 46731 46731 0 0
347 138947 138947 0 0
348 87085 87085 0 0
349 146686 146687 0.0460248 0.101953
350 45973 47998 0.0162703 0.0859121
351 147702 147702 0 0
352 46349 46349 0 0
353 118930 118933 0.0405441 0.0652194
354 70084 71690 0.43887 0.529551
355 58374 58362 0.0766909 0.0444948
356 60504 60506 0.12511 0.0205917
357 40636 40636 0 0
358 4084 4086 0.153826 0.0600713
359 64475 64475 0 0
360 98122 98122 0 0
361 39338 39603 0.0108573 0.156006
362 152807 152786 0.0428306 0.0824328
363 72348 72348 0 0
364 99049 99047 0.0911195 0.079918
365 92922 92920 0.0919649 0.0274436
366 2107 2494 0.151452 0.104197
367 84585 84587 0.0942671 0.0434834
368 28470 28470 0 0
369 48480 48480 0 0
370 93007 93007 0 0
371 48005 52842 0.00605589 0.0485644
372 152334 151495 0.0789684 0.0975032
373 148051 148046 0.0431431 0.327695
374 81388 81335 0.0275301 0.0741433
375 47823 48739 0.026052 0.0169665
376 34321 34322 0.0300332 0.123019
377 118967 118980 0.145916 0.011596
378 75819 77286 0.0187183 0.458889
379 47981 47981 0 0
380 81937 81938 0.110532 0.110895
381 69749 69749 0 0
382 46136 46136 0 0
383 84778 84779 0.0726599 0.127969
384 92081 92081 0 0
385 124238 125618 0.112916 0.198273
386 130656 130655 0.726106 0.244271
387 68994 68994 0 0
388 156076 156076 0 0
389 46143 46143 0 0
390 60993 60994 0.0727479 0.0736496
391 141128 141024 0.724788 0.0944614
392 70744 72521 0.00236451 0.215561
393 160048 160049 0.140512 0.67958
394 90879 90879 0 0
395 86534 85126 0.101314 0.0895839
396 52745 52734 0.0152831 0.0256348
397 82250 82249 0.0636951 0.109254
398 33329 33330 0.0235471 0.0152265
399 80715 80715 0 0
400 90519 90518 0.0839762 0.417574
401 54203 54203 0 0
402 2757 2571 0.109268 0.065926
403 39884 40504 0.384645 0.0549161
404 63946 63947 0.0265297 0.0169283
405 121838 121838 0 0
406 48826 48825 0.022278 0.0194768
407 70490 70492 0.0265153 0.00940499
408 91642 91642 0 0
409 164900 164904 0.0527944 0.0170546
410 84023 84024 0.13216 0.0228472
411 166988 166988 0 0
412 86987 84651 0.0514414 0.111498
413 101257 101543 0.047802 0.172902
414 47989 50674 0.12638 0.121415
415 89140 89139 0.0668493 0.113695
416 124183 124184 0.123881 0.487882
417 82307 82307 0 0
418 62673 62676 0.0125455 0.0803162
419 2335 2335 0 0
420 82497 82498 0.117339 0.0763611
421 137303 137305 0.0110248 0.006843
422 2640 2192 0.258111 0.0646911
423 151327 151329 0.0196983 0.126974
424 78895 78909 0.0760423 0.0292728
425 164836 164837 0.0635332 0.127194
426 152500 152501 0.0183201 0.0684523
427 49130 49129 0.0387601 0.0125205
428 91586 96353 0.0781023 0.0283451
429 91109 91276 0.120754 0.144517
430 52460 52460 0 0
431 64892 62667 0.0927762 0.0171687
432 54869 55942 0.0373788 0.124537
433 97974 97981 0.0777656 0.253323
434 61721 61723 0.0220805 0.0207548
435 144084 144084 0 0
436 70059 70059 0 0
437 53502 53502 0 0
438 92207 92207 0 0
439 125439 122315 0.00855938 0.20602
440 90491 90491 0 0
441 96586 91629 0.0963265 0.107035
442 75907 75908 0.0863662 0.0280283
443 80520 80520 0 0
444 89879 89879 0 0
445 2376 2614 0.0869397 0.12713
446 87474 87473 0.0541391 0.0725738
447 50787 49197 0.0250118 0.0558297
448 119998 115561 0.0398542 0.112984
449 89084 93964 0.121325 0.046413
450 98592 98590 0.149174 0.0977987
451 68057 68057 0 0
452 62146 62146 0 0
453 4031 4033 0.720436 0.0571885
454 120361 120358 0.0641867 0.244967
455 78270 84036 0.0339866 0.084497
456 98609 98609 0 0
457 3614 3615 0.510161 0.310331
458 15292 15293 0.0818626 0.170899
459 50320 50301 0.176845 0.00481473
460 80419 80418 0.0401451 0.125344
461 122073 122070 0.166473 0.0256103
462 57735 58344 0.115472 0.0723583
463 93905 88904 0.0268179 0.110797
464 58281 58280 0.00532233 0.0586843
465 23626 23627 0.122259 0.122619
466 60375 60375 0 0
467 125899 124957 0.05159 0.10312
468 55997 55998 0.102198 0.00398418
469 140506 140506 0 0
470 17427 17426 0.0444429 0.0292368
471 54549 46309 0.00676204 0.0344892
472 64810 63996 0.0442323 0.0525149
473 129040 129068 0.0411547 0.0192508
474 72306 71382 0.0943969 0.00760333
475 85223 85226 0.0131212 0.0797483
476 47967 47966 0.0166074 0.0747449
477 80199 80199 0 0
478 41523 41526 0.0250028 0.263903
479 62051 59052 0.109608 0.0243665
480 165662 165693 0.0267984 0.0430519
481 58351 58351 0 0
482 88117 85310 0.00266117 0.0148723
483 18561 18564 0.0446176 0.29286
484 151671 153020 0.45799 0.431338
485 33473 33473 0 0
486 57080 56953 0.0168893 0.00226172
487 3225 3226 0.0336594 0.0609881
488 152456 152457 0.0248413 0.0925995
489 98123 98337 0.0368484 0.0233181
490 97788 97788 0 0
491 59453 59458 0.0390226 0.0290438
492 1260 1262 0.236544 0.0802163
493 57356 56935 0.249625 0.485261
494 161827 161830 0.019489 0.0182793
495 78059 78058 0.159171 0.00938821
496 127745 127745 0 0
497 60729 60728 0.0642599 0.0304997
498 81152 81152 0 0
499 82285 82286 0.0617896 0.0186572
500 119693 119693 0 0
501 16825 16825 0 0
502 60639 60639 0 0
503 53447 53447 0 0
504 65358 65358 0 0
505 86576 86575 0.0664797 0.0529263
506 91897 91893 0.0644932 0.0127604
507 45780 45781 0.0566666 0.0212893
508 124873 124869 0.12745 0.048505
509 62099 62099 0 0
510 59826 59825 0.0126898 0.0803039
511 63587 61726 0.00717615 0.0939525
512 84585 84587 0.0866691 0.0510814
513 154376 154371 0.0112658 0.932623
514 45522 46545 0.0937435 0.231039
515 138610 138611 0.162317 0.0569887
516 32393 32393 0 0
517 21242 21243 0.149454 0.220315
518 83777 83779 0.00760333 0.00874383
519 136850 136850 0 0
520 85786 85786 0 0
521 127332 127745 0.0594052 0.186376
522 92037 92035 0.0511722 0.155012
523 91302 92733 0.196283 0.0106826
524 87155 84781 0.0126232 0.0455434
525 120881 120881 0 0
526 98238 98237 0.160033 0.0191667
527 94474 94474 0 0
528 61053 61054 0.181578 0.168491
529 94236 94236 0 0
530 115417 115413 0.0826301 0.0437489
531 164267 164774 0.0718609 0.053913
532 15108 15928 0.0421541 0.178046
533 100693 100693 0 0
534 89247 89247 0 0
535 34582 35440 0.0222694 0.113445
536 91036 92672 0.0772856 0.0677852
537 87309 85412 0.0244929 0.163288
538 95370 95370 0 0
539 81785 81783 0.0583737 0.0211608
540 86135 86136 0.0286076 0.0198981
541 18174 18174 0 0
542 151734 152768 0.00470703 0.107567
543 158848 158849 0.209135 0.182842
544 51403 46053 0.174027 0.00874384
545 64701 64701 0 0
546 50120 50555 0.0864131 0.00228099
547 120428 120427 0.19393 0.0827102
548 102794 102793 0.310417 0.0244677
549 55127 56188 0.0110502 0.659845
550 30558 30559 0.0462005 0.204884
551 87313 84538 0.0417807 0.0699832
552 69321 69321 0 0
553 28834 28835 0.0169468 0.0234238
554 124605 124605 0 0
555 85925 85925 0 0
556 152331 152331 0 0
557 65143 59524 0.00418183 0.0131702
558 82439 82438 0.0926352 0.0609564
559 110180 110180 0 0
560 112933 112959 0.0216649 0.212826
561 80391 80391 0 0
562 152408 152829 0.151496 0.122928
563 68162 68241 0.0700742 0.0724036
564 81942 81942 0 0
565 95715 95717 0.0242078 0.00835492
566 61205 61205 0 0
567 47156 47157 0.0175058 0.0980451
568 86770 87498 0.182247 0.0292931
569 68241 68162 0.035051 0.107427
570 50672 50673 0.0817029 0.013098
571 93338 93337 0.193217 0.0256339
572 25102 26765 0.0261743 0.0609232
573 81938 81937 0.192992 0.0284351
574 93596 99009 0.120947 0.113342
575 92048 92050 0.0155778 0.022091
576 115588 115588 0 0
577 78886 79055 0.136662 0.205449
578 123950 123445 0.15917 0.121465
579 39884 40504 0.259599 0.179962
580 91776 94200 0.101607 0.160906
581 53122 53122 0 0
582 160895 160894 0.192623 0.0890617
583 47995 47996 0.0208883 0.00519366
584 30631 30634 0.0892588 0.0678628
585 64789 64790 0.0288167 0.105701
586 84773 87154 0.0490091 0.00882119
587 154274 154234 0.0853579 0.620425
588 164132 164132 0 0
589 86018 86019 0.0862226 0.105652
590 113277 113277 0 0
591 141682 142035 0.117713 0.0511795
592 98343 98343 0 0
593 157720 157721 0.0386007 0.0973901
594 96619 96619 0 0
595 33852 34390 0.323758 0.073718
596 58003 58003 0 0
597 58426 58427 0.0581614 0.0187151
598 80617 84599 0.0559793 0.23104
599 45970 45947 0.0809661 0.324041
600 18331 18332 0.0182111 0.0040032
601 48018 50523 0.0866654 0.00349898
602 61383 61334 0.0597472 0.0881376
603 121845 121846 0.0897006 0.166641
604 111578 110941 0.00234507 0.027707
605 47620 47620 0 0
606 31956 31407 0.0656805 0.515219
607 62890 62891 0.0314631 0.115922
608 142452 142451 0.0305415 0.0711081
609 103523 103524 0.174187 0.0679858
610 79501 82672 0.0186723 0.370791
611 45894 50491 0.020529 0.0927607
612 69299 69299 0 0
613 53347 53347 0 0
614 81268 81268 0 0
615 61344 61343 0.0175047 0.204302
616 87448 87448 0 0
617 60619 60620 0.115874 0.0320252
618 17735 17732 0.130831 0.0990212
619 65912 65902 0.0239789 0.0790747
620 18076 18070 0.102941 0.0166699
621 53088 53087 0.0324382 0.0103456
622 37009 37009 0 0
623 124341 124342 0.0655263 0.449196
624 151741 152505 0.0974118 0.0784547
625 123354 123353 0.0780873 0.0396943
626 25630 25353 0.0079835 0.038856
627 58038 58038 0 0
628 164002 164002 0 0
629 81795 81997 0.0841707 0.0541901
630 57276 57276 0 0
631 123642 123345 0.0407348 0.207573
632 77181 77181 0 0
633 115981 120134 0.102915 0.0622194
634 82287 80490 0.0571178 0.108484
635 117984 117983 0.120114 0.0396995
636 91239 98459 0.0296273 0.220323
637 64380 64380 0 0
638 8267 8266 0.189512 0.0739682
639 86038 87519 0.0919009 0.0933711
640 88853 88853 0 0
641 56023 60770 0.100865 0.0821738
642 1260 1262 0.129061 0.1877
643 46761 46761 0 0
644 91788 98215 0.050538 0.170983
645 46746 46744 0.0299136 0.0888256
646 69789 71449 0.239203 0.0805146
647 4190 4520 0.202537 0.609522
648 96387 96387 0 0
649 2035 2034 0.00627667 0.164524
650 2384 2382 0.0421678 0.070366
651 113349 113496 0.260698 0.0816816
652 155852 155851 0.0685132 0.00814301
653 94692 94691 0.0745515 0.0339961
654 87310 87310 0 0
655 32328 32328 0 0
656 154555 154555 0 0
657 95714 95711 0.0253335 0.0712026
658 98304 98304 0 0
659 152264 152084 0.152936 0.0121653
660 55489 60582 0.0338332 0.128339
661 90948 93387 0.14337 0.0129617
662 95412 92149 0.00903173 0.0369117
663 82066 80725 0.0455567 0.016569
664 71739 71739 0 0
665 58043 58043 0 0
666 147472 147474 0.0854234 0.200883
667 140093 140092 0.0446165 0.264109
668 47590 51454 0.0673053 0.0395373
669 84538 84538 0 0
670 46013 45881 0.123933 0.18654
671 58151 61079 0.120994 0.0205941
672 76905 76906 0.125533 0.0377989
673 165319 165316 0.00232476 0.138987
674 72387 72390 0.145256 0.0561762
675 69801 72284 0.02281 0.47456
676 115090 114900 0.0594091 0.47711
677 80525 80524 0.0602927 0.0437291
678 124305 124305 0 0
679 97838 97430 0.0614929 0.129262
680 63473 59376 0.126077 0.0556352
681 81717 81718 0.05263 0.0332339
682 54977 55341 0.0524853 0.0947277
683 47612 48499 0.108709 0.0559943
684 92204 92204 0 0
685 86921 86922 0.201376 0.0573272
686 29430 29426 0.00397721 0.129078
687 88517 88517 0 0
688 156128 156129 0.197021 0.0823282
689 69136 69136 0 0
690 36751 37900 0.0924508 0.0506109
691 93080 93081 0.11853 0.0094435
692 64216 64218 0.0457426 0.0490755
693 44340 44335 0.0402244 0.0268822
694 2028 2132 0.0588672 0.10775
695 154198 154230 0.0419767 1.03123
696 121341 121341 0 0
697 61929 58508 0.0569318 0.0406935
698 115907 115909 0.125652 0.158097
699 94798 122407 0.0296253 0.0950403
700 165463 165460 0.0502689 0.0197034
701 90609 96559 0.0192592 0.124515
702 119513 119513 0 0
703 123736 123735 0.197575 0.202581
704 167036 167036 0 0
705 151658 151659 0.0309106 0.0104965
706 86358 83759 0.0475351 0.129411
707 78706 78705 0.0863402 0.0268065
708 126564 126565 0.11744 0.0485479
709 74709 74707 0.18612 0.0226415
710 97152 97152 0 0
711 81490 86646 0.0759571 0.171874
712 60206 60207 0.014109 0.012845
713 137606 137609 0.00806777 0.0240027
714 93253 93253 0 0
715 63840 63839 0.0526263 0.0555395
716 157485 156574 0.321277 0.00228101
717 164829 164829 0 0
718 90222 89784 0.00236165 0.136457
719 45348 45349 0.116594 0.0253333
720 18564 18562 0.281443 0.079159
721 63947 60190 0.00349932 0.0328581
722 156909 156909 0 0
723 85207 85206 0.235136 0.0172898
724 102132 102121 0.354441 0.222703
725 84197 80825 0.0658298 0.0992128
726 17586 17581 0.0402396 0.0998818
727 87927 81044 0.00259463 0.138035
728 50014 50015 0.140436 0.0525226
729 65315 65316 0.0248932 0.0415898
730 64665 64665 0 0
731 15758 15758 0 0
732 51782 51778 0.0239364 0.00256194
733 92632 92630 0.0446706 0.0129756
734 111657 111657 0 0
735 168286 168284 0.0725492 0.233219
736 152382 152334 0.0404475 0.130415
737 15086 15086 0 0
738 43500 43501 0.0509268 0.151018
739 62404 62405 0.0218315 0.206963
740 43242 44134 0.0830764 0.0919652
741 93754 93755 0.0421073 0.0461079
742 119726 119725 0.076275 0.0387494
743 87763 85140 0.0222804 0.173474
744 168992 168992 0 0
745 48779 45078 0.0794894 0.0516259
746 78921 84192 0.0769041 0.107783
747 139660 139653 0.080956 0.0868305
748 48167 48168 0.0354664 0.0152505
749 81027 87873 0.0175411 0.216703
750 63946 63946 0 0
751 58796 58796 0 0
752 63400 63401 0.131578 0.0591419
753 16853 16853 0 0
754 65704 65705 0.0423823 0.466006
755 58327 59262 0.0127882 0.101866
756 116199 119753 0.0114221 0.0260864
757 47868 47870 0.0388913 0.13456
758 37885 37887 0.0809322 0.063947
759 92065 94135 0.0435907 0.0616842
760 115662 115663 0.133837 0.0386705
761 50787 49197 0.0508083 0.0300332
762 90314 90314 0 0
763 158433 156678 0.0798918 0.108399
764 55028 55028 0 0
765 117512 114933 0.022304 0.169846
766 166038 166038 0 0
767 81156 81156 0 0
768 56970 62496 0.00941836 0.0958525
769 108655 108654 0.16598 0.219439
770 43947 43947 0 0
771 14183 14183 0 0
772 18746 19313 0.571163 0.21661
773 74596 74599 0.0334526 0.638499
774 55325 55944 0.0576579 0.132267
775 96938 89642 0.171379 0.0655557
776 92102 93619 0.0894918 0.153367
777 122627 122627 0 0
778 78323 78323 0 0
779 62358 62360 0.0344648 0.0175424
780 50515 50514 0.0412174 0.0315336
781 122616 122617 0.0597568 0.0673195
782 54555 52822 0.051348 0.194133
783 152385 152386 0.112459 0.097631
784 79821 79895 0.0190083 0.112232
785 139251 139251 0 0
786 58287 58287 0 0
787 80659 80659 0 0
788 64895 65315 0.078323 0.114825
789 81879 81880 0.0557984 0.020423
790 78616 88135 0.0460717 0.0296416
791 94038 94038 0 0
792 93175 93175 0 0
793 52820 52820 0 0
794 42969 42969 0 0
795 92656 92658 0.0619248 0.213866
796 86237 87118 0.0281565 0.0803868
797 61342 61337 0.0141287 0.256415
798 94237 94236 0.0734715 0.0131292
799 30904 30905 0.0192291 0.170959
800 43445 43445 0 0
801 138196 137232 0.247024 0.0186722
802 62635 62633 0.0153338 0.00601353
803 3855 3837 0.159614 0.0727162
804 80275 81992 0.0178593 0.0626701
805 93286 93286 0 0
806 42526 42525 0.0949237 0.0103379
807 82646 82646 0 0
808 85310 88117 0.0148723 0.00266117
809 145084 145063 0.121412 0.288933
810 59706 59707 0.00991253 0.127195
811 95142 95141 0.122364 0.0508249
812 58580 58580 0 0
813 147467 147468 0.036799 0.0842583
814 81798 81799 0.0337332 0.114305
815 46620 44931 0.0659927 0.23274
816 152393 152393 0 0
817 98772 98771 0.0848087 0.107188
818 74724 74722 0.0610655 0.0422169
819 75894 77181 0.0173542 0.0809863
820 75760 76201 0.054034 0.028349
821 74090 74227 0.310747 0.194207
822 69704 69703 0.0693931 0.0316742
823 43956 43952 0.0578275 0.0216732
824 115519 116864 0.10533 0.0415179
825 96003 96002 0.00847022 0.120035
826 122373 122996 0.374427 0.0429524
827 80489 80490 0.0981453 0.0236854
828 123168 123168 0 0
829 114824 114550 0.0882678 0.179883
830 83021 83022 0.0466962 0.0178179
831 82862 82860 0.0992426 0.0601767
832 62610 59250 0.031934 0.0163887
833 61842 61843 0.0187561 0.229294
834 36840 36768 0.0374745 0.0475961
835 50014 50015 0.135522 0.057437
836 110503 110388 0.11452 0.0202836
837 28815 28813 0.00816194 0.0375402
838 144556 143550 0.0509898 0.0132583
839 152827 152827 0 0
840 48175 48170 0.0357195 0.0328493
841 42644 43237 0.0544019 0.0866836
842 39637 38955 0.116039 0.0450504
843 45268 45265 0.0138864 0.0176994
844 46991 46735 0.0430785 0.112975
845 64036 64038 0.0210456 0.0196909
846 81618 81618 0 0
847 62705 62706 0.0179059 0.0616456
848 39643 39645 0.157613 0.148261
849 152627 152627 0 0
850 164801 164797 0.086678 0.168116
851 15704 15262 0.111541 0.120605
852 168980 168980 0 0
853 45950 46627 0.489454 0.0549507
854 85198 85197 0.118939 0.0256528
855 56704 56704 0 0
856 61714 57842 0.244077 0.0706464
857 45199 48497 0.0874976 0.0469153
858 69965 69966 0.198858 0.018796
859 54664 54664 0 0
860 137000 138849 0.0875505 0.181861
861 79062 78391 0.100252 0.146032
862 84783 81829 0.00494217 0.0110863
863 142038 142038 0 0
864 96844 97474 0.109193 0.027548
865 61717 61717 0 0
866 67378 67379 0.0854296 0.16541
867 87556 87556 0 0
868 82379 82378 0.0507324 0.0212992
869 88227 88226 0.0254978 0.0659031
870 97211 98073 0.138828 0.0269047
871 93944 93945 0.0325105 0.0665078
872 126938 126940 0.050054 0.136313
873 158585 158653 0.264407 0.20695
874 81094 81094 0 0
875 82792 82792 0 0
876 155205 155904 0.0213074 0.0475027
877 58774 58774 0 0
878 15166 15166 0 0
879 62419 62419 0 0
880 65283 65283 0 0
881 94140 89172 0.0335188 0.0239505
882 58787 58787 0 0
883 63051 63052 0.0665284 0.0240001
884 154896 155370 0.085181 0.276678
885 79682 79682 0 0
886 81809 81809 0 0
887 62736 62730 0.0357066 0.047029
888 54717 54717 0 0
889 74122 74122 0 0
890 113379 113379 0 0
891 135435 135434 0.0871849 0.0721879
892 74962 74963 0.0787749 0.101203
893 93763 93763 0 0
894 116418 116416 0.0130044 0.0352854
895 124238 124238 0 0
896 45157 45085 0.140325 0.106827
897 89577 89577 0 0
898 110889 110875 0.0303143 0.00433891
899 70110 70110 0 0
900 58366 58364 0.00608267 0.0034215
901 43260 42778 0.00266117 0.116689
902 138106 138503 0.0334749 0.0376365
903 61688 59411 0.229073 0.446198
904 142130 142131 0.149927 0.00813773
905 133710 133709 0.100269 0.128983
906 113298 114289 0.0309145 0.138245
907 80673 80673 0 0
908 46216 46216 0 0
909 57107 54830 0.0898771 0.100937
910 151742 152506 0.152131 0.0416431
911 90847 90849 0.162055 0.0839879
912 457 457 0 0
913 91497 91498 0.0947593 0.0636808
914 167722 167723 0.114797 0.135755
915 151835 151837 0.113679 0.0313196
916 60240 60241 0.00266117 0.0525482
917 63534 63534 0 0
918 26906 26900 0.0502643 0.0452398
919 99236 99236 0 0
920 64816 64816 0 0
921 72770 72771 0.0882547 0.0420119
922 48909 48910 0.0728408 0.0408285
923 47995 47996 0.010279 0.015803
924 57931 57931 0 0
925 29511 29505 0.111807 0.0619776
926 53010 53010 0 0
927 97450 97445 0.0260878 0.0848543
928 53322 53322 0 0
929 145071 145070 0.0646956 0.0647615
930 59453 58387 0.0302687 0.0377497
931 113946 113944 0.081345 0.103014
932 164020 164020 0 0
933 90212 90212 0 0
934 59200 63317 0.0372236 0.13704
935 156718 156719 0.222716 0.0274076
936 59463 64091 0.114124 0.00720479
937 55605 55605 0 0
938 140495 140869 0.0585919 0.0167273
939 84075 84075 0 0
940 87763 85140 0.0159773 0.179777
941 117298 117298 0 0
942 96653 96653 0 0
943 85812 85812 0 0
944 58794 58794 0 0
945 89571 89571 0 0
946 81777 81778 0.0722907 0.0478105
947 63501 60682 0.00608267 0.229528
948 80549 83590 0.0304219 0.276436
949 93867 93867 0 0
950 58715 58715 0 0
951 156175 156661 0.07683 0.0334547
952 97584 97584 0 0
953 53568 46136 0.0145878 0.253218
954 53542 53541 0.0185399 0.0109303
955 58098 57029 0.022167 0.190166
956 32759 32759 0 0
957 142398 142399 0.023421 0.0884197
958 71492 69745 0.111295 0.0549735
959 61385 51010 0.0914041 0.0886749
960 1179 1179 0 0
961 57527 63866 0.254392 0.0933697
962 78040 78116 0.12367 0.0728331
963 63703 63701 0.0403279 0.00642235
964 79010 81459 0.136585 0.0859703
965 78209 78430 0.0198163 0.115402
966 81088 81089 0.044005 0.0479815
967 163975 164030 0.378064 0.00950417
968 78048 77497 0.163246 0.0474933
969 83131 85848 0.047901 0.0224235
970 156056 157962 0.235892 0.0677413
971 155368 155368 0 0
972 85044 85045 0.0900807 0.216143
973 57185 57185 0 0
974 95234 61725 0.00859257 0.0332135
975 125956 125957 0.117135 0.704136
976 59501 59501 0 0
977 164608 164610 0.222799 0.261116
978 58376 59924 0.0570558 0.050182
979 92495 92494 0.0338348 0.0497176
980 74140 74140 0 0
981 85665 85664 0.0069728 0.0565081
982 83038 81437 0.0672346 0.00567304
983 137512 137512 0 0
984 58276 58275 0.0603185 0.0218573
985 21586 21585 0.189601 0.0485236
986 75894 76401 0.172232 0.0273087
987 56962 57296 0.130797 0.0181807
988 94179 94180 0.027933 0.0627576
989 82286 82286 0 0
990 87118 86237 0.0700034 0.0385399
991 117454 117452 0.051211 0.121732
992 164024 164100 0.0792112 0.426073
993 66864 68715 0.0574814 0.0528432
994 54553 54556 0.0582194 0.084236
995 138610 138611 0.16462 0.0546854
996 96991 96992 0.0148865 0.0375054
997 80080 83684 0.0109884 0.23138
998 54281 54278 0.0509423 0.0219253
999 97217 97217 0 0
1000 57424 65448 0.550581 0.0945636
1001 3972 3973 0.0803079 0.170274
1002 27115 27116 0.273935 0.0526916
1003 60450 62714 0.0480618 0.0534978
1004 43411 43412 0.106046 0.0621121
1005 2324 2325 0.0990193 0.0467297
1006 87255 87255 0 0
1007 161957 161703 0.0708381 0.0117811
1008 123094 123093 0.136945 0.112284
1009 78919 78918 0.0359293 0.121528
1010 71183 71183 0 0
1011 139137 139137 0 0
1012 90664 89690 0.0302692 0.0758324
1013 7312 7770 0.00123189 0.125364
1014 96280 89940 0.0630014 0.156337
1015 88731 88731 0 0
1016 17088 17083 0.0283625 0.117745
1017 97001 94131 0.011612 0.0167399
1018 47245 47246 0.250643 0.128353
1019 120738 120739 0.0169173 0.0128489
1020 124358 124356 0.0544336 0.174274
1021 93208 93207 0.0813325 0.00880829
1022 98256 95539 0.0682699 0.0329267
1023 78626 78626 0 0
1024 92283 92283 0 0
1025 81337 84553 0.0653124 0.0542298
1026 59324 59322 0.0243307 0.0568555
1027 86539 87130 0.0446644 0.0836607
1028 124957 125899 0.140658 0.0140521
1029 81742 81742 0 0
1030 62621 62621 0 0
1031 53212 53799 0.213082 0.0594667
1032 57083 64748 0.0736435 0.0431942
1033 51655 51655 0 0
1034 34149 34474 0.104367 0.0716271
1035 50689 50689 0 0
1036 85972 85969 0.0684594 0.0883766
1037 58844 58842 0.023864 0.0659011
1038 84458 84459 0.0752942 0.0679543
1039 45875 46008 0.134038 0.181112
1040 92312 98437 0.0547543 0.0626206
1041 62894 58158 0.0162148 0.0889305
1042 87313 84538 0.00439596 0.107368
1043 168010 168012 0.538885 0.261939
1044 91788 98215 0.0157763 0.205745
1045 70757 70757 0 0
1046 61310 61357 0.133824 0.0349054
1047 87479 84585 0.068454 0.0545637
1048 114561 114561 0 0
1049 88612 88612 0 0
1050 45880 45880 0 0
1051 93594 93595 0.0618536 0.020996
1052 7499 7315 0.498484 0.0669772
1053 50767 44931 0.10395 0.0340947
1054 164885 164884 0.16172 0.052311
1055 39324 39168 0.107968 0.289164
1056 64217 64217 0 0
1057 29049 29047 0.129105 0.0454198
1058 61876 60865 0.0694018 0.0869959
1059 54846 54846 0 0
1060 83800 83801 0.0270761 0.200403
1061 55824 55858 0.229606 0.00416489
1062 53509 53510 0.0149192 0.0796414
1063 60190 63946 0.0501442 0.0061683
1064 111804 112277 0.106832 0.131503
1065 7361 7361 0 0
1066 48241 48242 0.0164177 0.0267812
1067 59623 59634 0.0114986 0.0205372
1068 80764 80762 0.301754 0.155911
1069 15265 15264 0.0874783 0.0968041
1070 167723 167722 0.135755 0.114797
1071 111186 111583 0.0842824 0.175699
1072 93344 94153 0.00190083 0.0350529
1073 130843 130844 0.163282 0.288722
1074 62770 62770 0 0
1075 61516 61515 0.0174877 0.10297
1076 30062 31337 0.0611322 0.0458321
1077 55173 55072 0.355998 0.00960578
1078 81960 81989 0.0210237 0.0726787
1079 41386 41315 0.221196 0.420601
1080 16302 16302 0 0
1081 130238 129564 0.120258 0.0539177
1082 79100 79101 0.135738 0.0179806
1083 117386 114572 0.0851289 0.0152545
1084 167664 167664 0 0
1085 47526 47527 0.099899 0.0968744
1086 70076 70080 0.210138 0.0839304
1087 108507 108508 0.0241971 0.800408
1088 118519 118520 0.0328038 0.0642898
1089 53113 53118 0.166005 0.00700235
1090 83779 83781 0.0171032 0.0620873
1091 81483 81483 0 0
1092 59453 59458 0.0420317 0.0260347
1093 91421 91423 0.0513551 0.129191
1094 121618 121359 0.235672 0.012978
1095 87674 87675 0.0834671 0.126088
1096 51782 51778 0.00233288 0.0241654
1097 76815 76815 0 0
1098 96275 96274 0.0291274 0.0116499
1099 17004 17004 0 0
1100 121091 121090 0.128132 0.257992
1101 70735 70735 0 0
1102 167270 167272 0.00152067 0.0252617
1103 167040 167040 0 0
1104 150416 150415 0.171722 0.676409
1105 114792 114800 0.0178001 0.0305739
1106 6591 6592 0.071972 0.221233
1107 92542 92544 0.0598035 0.103899
1108 41745 41500 0.027025 0.0635833
1109 59242 59242 0 0
1110 57517 57517 0 0
1111 46014 45882 0.00556959 0.318588
1112 165571 165805 0.020529 1.12732
1113 21136 21231 0.0151858 0.721664
1114 117275 117274 0.10254 0.0314156
1115 83081 80627 0.0326943 0.00771296
1116 144076 144074 0.0391572 0.0642586
1117 93897 93895 0.22253 0.161348
1118 2123 2124 0.144715 0.286601
1119 94085 94087 0.107334 0.237854
1120 126048 126048 0 0
1121 52166 47195 0.318971 0.18263
1122 51725 51726 0.00855715 0.105213
1123 78835 78836 0.00977089 0.0718838
1124 95905 92113 0.004562 0.056275
1125 88631 98599 0.0476087 0.103937
1126 60212 60211 0.117614 0.0393732
1127 71834 71832 0.138643 0.0179629
1128 25694 25695 0.089096 0.1012
1129 81548 81548 0 0
1130 58364 58366 0.0034215 0.00608267
1131 60142 60142 0 0
1132 96809 96809 0 0
1133 120321 120322 0.205024 0.173056
1134 86406 86405 0.0414821 0.158562
1135 2337 2337 0 0
1136 126334 126334 0 0
1137 79460 79461 0.235326 0.060624
1138 115368 115452 0.0129416 0.209799
1139 32214 31920 0.0525804 0.227941
1140 137596 137596 0 0
1141 71922 71847 0.182784 0.0735038
1142 74077 74076 0.00619341 0.00619341
1143 136274 135400 0.052469 0.0828672
1144 81245 81244 0.0379132 0.0152215
1145 64062 64858 0.0728438 0.0949518
1146 62774 62774 0 0
1147 48107 48104 0.0615255 0.0914229
1148 81596 81596 0 0
1149 29618 29618 0 0
1150 96355 96355 0 0
1151 83236 80323 0.14484 0.109238
1152 119081 119081 0 0
1153 86641 86641 0 0
1154 72363 72118 0.051342 0.0621408
1155 93797 93797 0 0
1156 61721 61721 0 0
1157 48858 54167 0.101779 0.0163702
1158 131281 131281 0 0
1159 36840 36767 0.0711913 0.0148265
1160 78323 79030 0.0140006 0.0746778
1161 131031 131031 0 0
1162 54551 54551 0 0
1163 17221 17221 0 0
1164 57843 57843 0 0
1165 163882 163325 0.352173 0.348017
1166 44246 44246 0 0
1167 83973 83974 0.0343 0.0011405
1168 81965 82935 0.0778044 0.0497396
1169 60728 60729 0.0585966 0.036163
1170 87788 87518 0.0165843 0.0577908
1171 66863 66859 0.0607272 0.0567528
1172 152332 152391 0.0304354 0.0566567
1173 96352 96353 0.0294166 0.0537265
1174 110042 110045 0.377611 0.074968
1175 91853 91853 0 0
1176 146062 146062 0 0
1177 80813 80813 0 0
1178 122653 121361 0.44613 0.0384855
1179 153215 153215 0 0
1180 51440 51438 0.173222 0.0427185
1181 41350 41350 0 0
1182 60186 60186 0 0
1183 88003 88003 0 0
1184 98536 88609 0.0518515 0.0809048
1185 164924 164924 0 0
1186 115320 115321 0.151001 0.119302
1187 81524 81524 0 0
1188 7502 7501 0.0818298 0.222983
1189 75155 75155 0 0
1190 54679 54680 0.0564207 0.0371504
1191 86753 86754 0.0669022 0.0699339
1192 53177 50080 0.02368 0.0395995
1193 66732 66731 0.0128408 0.143876
1194 64885 58361 0.0034215 0.00736804
1195 119519 119519 0 0
1196 45898 46085 0.061268 0.180215
1197 85107 87744 0.0355449 0.223109
1198 65062 64815 0.0268693 0.0464413
1199 98734 95636 0.0282003 0.0844426
1200 158736 158736 0 0
1201 74686 75146 0.0632653 0.173787
1202 77658 77659 0.0232299 0.0220497
1203 100122 100107 0.0946877 0.0566947
1204 63619 57018 0.0280113 0.142363
1205 165787 165786 0.0601521 0.0802077
1206 48058 48059 0.024544 0.028999
1207 155322 155323 0.110394 0.0614547
1208 138929 136783 0.0210039 0.00877368
1209 58445 58444 0.119561 0.0288634
1210 150706 150804 0.127335 0.285612
1211 97283 97282 0.174104 0.0381
1212 2761 2580 0.192432 0.0639109
1213 39349 39347 0.125362 0.0236049
1214 138478 138766 0.185362 0.136209
1215 165840 165840 0 0
1216 162539 162539 0 0
1217 116132 116132 0 0
1218 26657 26655 0.0465358 0.143418
1219 80653 80652 0.027472 0.01265
1220 88708 88708 0 0
1221 124239 124444 0.0050775 0.00806747
1222 86942 86942 0 0
1223 145037 145032 0.374063 0.181516
1224 26743 25482 0.0582456 0.137937
1225 97194 97194 0 0
1226 134870 134859 0.158719 0.0484953
1227 52978 50808 0.00304133 0.061611
1228 58755 58756 0.00532233 0.0649503
1229 133862 134666 0.295879 0.041646
1230 47246 47245 0.136591 0.242406
1231 58527 64356 0.100071 0.00822438
1232 63558 63558 0 0
1233 45168 45168 0 0
1234 94993 94994 0.0441216 0.00905743
1235 95437 95310 0.0694415 0.00636944
1236 1129 1130 0.361699 0.13253
1237 151409 152176 0.181084 0.283569
1238 54669 54669 0 0
1239 58877 58875 0.00537539 0.155259
1240 62591 62592 0.0105015 0.187263
1241 93845 93845 0 0
1242 83885 83992 0.0803005 0.11909
1243 82956 82953 0.0328012 0.0676436
1244 142336 142895 0.0641316 0.202516
1245 91936 90844 0.0811401 0.0454554
1246 17448 17453 0.0622487 0.00877873
1247 79156 79724 0.0629157 0.458532
1248 89591 89591 0 0
1249 115437 117051 0.0972897 0.0254584
1250 156574 156574 0 0
1251 56535 56535 0 0
1252 34707 34707 0 0
1253 80108 80108 0 0
1254 46322 46322 0 0
1255 87844 86682 0.101961 0.0588116
1256 90845 90845 0 0
1257 13681 13676 0.114038 0.0310196
1258 96938 89642 0.182023 0.054911
1259 78881 78881 0 0
1260 81471 81472 0.0369463 0.148226
1261 85387 85386 0.0653019 0.0430672
1262 116416 116416 0 0
1263 3459 3420 0.714365 0.0433358
1264 96434 96432 0.0691557 0.0365146
1265 116130 118020 0.0302915 0.171402
1266 79241 79224 0.139857 0.355886
1267 65072 63993 0.0375605 0.00236417
1268 142416 142417 0.210622 0.0449961
1269 87274 87273 0.0384798 0.108445
1270 79128 79128 0 0
1271 62076 62077 0.0993891 0.0426062
1272 81804 81805 0.0345952 0.0181633
1273 10083 9964 0.0903882 0.178045
1274 81990 81991 0.0228727 0.0105686
1275 82233 80963 0.179929 0.00651397
1276 60284 55582 0.119511 0.0464486
1277 48459 48459 0 0
1278 57595 57595 0 0
1279 168715 168684 0.00346869 0.0682558
1280 70122 70121 0.714148 0.00944546
1281 83232 83232 0 0
1282 55011 56953 0.00687117 0.0324307
1283 165253 165264 0.600408 0.0680498
1284 53315 53315 0 0
1285 15157 15157 0 0
1286 169300 169261 0.265599 0.160796
1287 121070 121070 0 0
1288 115203 115724 0.0575158 0.0771624
1289 92854 92854 0 0
1290 3214 3214 0 0
1291 115510 116105 0.0414613 0.0414791
1292 82000 81999 0.0642312 0.120906
1293 81123 80153 0.0419839 0.203037
1294 52644 52645 0.0163472 0.221831
1295 152851 151600 0.317591 0.449307
1296 59513 59513 0 0
1297 85038 85038 0 0
1298 57950 57950 0 0
1299 97644 97643 0.053326 0.0609777
1300 87249 87720 0.0237698 0.0669434
1301 15555 15544 0.074744 0.31857
1302 117548 117548 0 0
1303 121326 121326 0 0
1304 74255 74554 0.0144415 0.50192
1305 42987 42985 0.0148723 0.140318
1306 81989 81960 0.031205 0.0624973
1307 15273 15048 0.0810733 0.0790677
1308 58249 58702 0.0259361 0.00397664
1309 144552 144546 0.0115838 0.0205618
1310 88864 89379 0.0600199 0.0825468
1311 59485 59483 0.0063713 0.0662434
1312 92629 92630 0.154522 0.123707
1313 80255 79012 0.0320191 0.11713
1314 90882 90882 0 0
1315 28675 28676 0.0210166 0.0326584
1316 152136 151512 0.11109 0.0759445
1317 71711 71711 0 0
1318 99200 99201 0.010871 0.0663015
1319 154379 154378 0.0133678 0.0768113
1320 80564 80334 0.0175216 0.268616
1321 74681 74681 0 0
1322 80923 80922 0.0451719 0.0469388
1323 29883 29883 0 0
1324 71868 71869 0.0921862 0.104916
1325 64087 64085 0.0319064 0.0320283
1326 29883 29882 0.0324796 0.0228333
1327 151495 152334 0.169514 0.00695708
1328 89123 91405 0.120225 0.0408249
1329 60313 55854 0.0914935 0.201167
1330 53565 45313 0.0280061 0.0662249
1331 81739 82429 0.0511779 0.0976573
1332 119083 119084 0.118392 0.0654703
1333 16714 16726 0.156469 0.0724928
1334 16236 16237 0.127749 0.0199061
1335 113004 112939 0.401532 0.0566261
1336 93641 93640 0.0786658 0.0493498
1337 68162 68241 0.0397039 0.102774
1338 119278 119085 0.111553 0.148416
1339 48101 48101 0 0
1340 86530 86530 0 0
1341 58295 57500 0.012861 0.0372969
1342 164030 163975 0.00950417 0.378064
1343 72519 72519 0 0
1344 148421 148421 0 0
1345 83302 83302 0 0
1346 152325 152325 0 0
1347 91814 91815 0.0676554 0.0973875
1348 110857 112260 0.065617 0.103129
1349 62773 62774 0.0668318 0.12388
1350 87929 87552 0.0198699 0.0947055
1351 47334 47333 0.046788 0.137027
1352 69657 71786 0.0478628 0.127267
1353 125339 125897 0.0316454 0.0108561
1354 52558 52558 0 0
1355 85574 85576 0.0329045 0.02107
1356 52810 52810 0 0
1357 51874 51287 0.0488369 0.109108
1358 52773 52774 0.0197687 0.00557426
1359 59016 59015 0.0286649 0.107587
1360 78290 78290 0 0
1361 54458 54457 0.0360729 0.0131168
1362 82490 81737 0.0102213 0.0178486
1363 91359 91359 0 0
1364 46810 46810 0 0
1365 129570 129573 0.125834 0.0526981
1366 87969 86877 0.102861 0.11299
1367 35996 35997 0.0398759 0.346229
1368 58402 58402 0 0
1369 29199 29196 0.0223357 0.0364167
1370 167372 167370 0.0283015 0.13135
1371 47308 47307 0.0133462 0.138169
1372 58725 58725 0 0
1373 60211 60212 0.0903633 0.0666242
1374 135581 134978 0.678305 0.0256749
1375 60450 58392 0.0220497 0.039178
1376 50230 50231 0.0530261 0.00521959
1377 46066 45853 0.164635 0.0648148
1378 98766 98284 0.0798196 0.0140662
1379 69963 70107 0.0210248 0.345781
1380 18360 18360 0 0
1381 45870 46067 0.150488 0.148803
1382 80929 88221 0.0286213 0.0125222
1383 69782 69782 0 0
1384 154800 154800 0 0
1385 84076 84076 0 0
1386 90832 90832 0 0
1387 164955 164282 0.00930784 0.156971
1388 65070 65071 0.0904994 0.131954
1389 142036 142035 0.140401 0.0357633
1390 60491 60491 0 0
1391 55567 55568 0.0274437 0.00818292
1392 85210 82798 0.0601205 0.0559979
1393 87837 86672 0.0186896 0.149789
1394 80950 80926 0.099042 0.0116991
1395 57057 57110 0.232954 0.122837
1396 84560 84561 0.0172656 0.0446536
1397 18044 18043 0.0598203 0.064782
1398 114605 114604 0.0827677 0.0367508
1399 156945 156944 0.120566 0.0137523
1400 45853 46066 0.041754 0.187696
1401 142788 143142 0.1624 0.108039
1402 151631 151630 0.0647413 0.0449239
1403 123830 123831 0.443725 0.018469
1404 155523 155041 0.0830084 0.0693531
1405 60741 60741 0 0
1406 75750 75750 0 0
1407 119085 119278 0.131406 0.128563
1408 92164 91965 0.0330741 0.0636982
1409 168705 168707 0.202047 0.570331
1410 16727 17552 0.235175 0.077215
1411 130955 131596 0.246825 0.127569
1412 98514 98514 0 0
1413 99049 99047 0.0903591 0.0806784
1414 87255 87251 0.0130288 0.112553
1415 99315 99316 0.121252 0.318636
1416 61145 61145 0 0
1417 28762 28761 0.059975 0.060346
1418 92029 92028 0.0520988 0.0383308
1419 52991 52990 0.113792 0.00677983
1420 60409 60409 0 0
1421 71709 71710 0.143036 0.082267
1422 15205 16308 0.0459306 0.52894
1423 6003 6003 0 0
1424 90206 93741 0.0555767 0.0351804
1425 143157 143158 0.0582653 0.19792
1426 164383 164378 0.116236 0.0895064
1427 142775 141588 0.0383593 0.0296719
1428 59746 59746 0 0
1429 27858 27858 0 0
1430 51750 51749 0.0646432 0.379924
1431 48904 48903 0.0242845 0.0833701
1432 87851 80993 0.0621652 0.196305
1433 50716 50718 0.0701334 0.0196203
1434 71855 71854 0.236723 0.0223283
1435 83443 83442 0.0757659 0.0676051
1436 15299 15299 0 0
1437 80132 80132 0 0
1438 69665 69665 0 0
1439 68477 67445 0.0285967 0.0707491
1440 26622 26607 0.0398499 0.0606871
1441 87614 84541 0.165608 0.0506056
1442 118800 114871 0.0372663 0.0557044
1443 156087 156322 0.168028 0.0556208
1444 35781 35781 0 0
1445 58678 64981 0.136396 0.119833
1446 166146 166191 0.344019 0.115759
1447 58279 58279 0 0
1448 85782 85783 0.0447662 0.0724673
1449 58048 58051 0.144177 0.123796
1450 168935 168934 0.239525 0.0210384
1451 50682 53539 0.0615493 0.229943
1452 29511 29505 0.0922779 0.0815065
1453 49602 49598 0.0263376 0.0455538
1454 164833 164830 0.0348902 0.0313867
1455 83996 83995 0.0291547 0.275889
1456 125618 125619 0.608097 0.210519
1457 80411 80412 0.122243 0.334118
1458 27669 27669 0 0
1459 74738 74738 0 0
1460 59264 59264 0 0
1461 46320 46320 0 0
1462 156629 156630 0.0112333 0.0597165
1463 169599 169599 0 0
1464 32758 32758 0 0
1465 60578 60578 0 0
1466 81240 81212 0.0607198 0.108593
1467 132391 131481 0.101091 0.0922222
1468 124976 124975 0.0175264 0.0183795
1469 86775 82041 0.0506912 0.128389
1470 58375 58375 0 0
1471 81471 81472 0.0221713 0.163001
1472 44961 48426 0.0268345 0.158656
1473 72249 72247 0.166543 0.161996
1474 60203 58265 0.00300924 0.115659
1475 81482 81482 0 0
1476 122439 122424 0.235289 0.019803
1477 80561 79711 0.0187942 0.227457
1478 70387 70389 0.10339 0.0672895
1479 50740 50741 0.0361853 0.0547393
1480 17399 17399 0 0
1481 163694 163693 0.0898061 0.0277178
1482 144415 144416 0.161552 0.127395
1483 115379 117523 0.292079 0.0464393
1484 142036 142035 0.0810102 0.0951537
1485 52299 52299 0 0
1486 58289 60241 0.0267818 0.0601993
1487 18380 18381 0.131913 0.0507086
1488 51106 51106 0 0
1489 93541 95848 0.0195818 0.422293
1490 64253 64253 0 0
1491 54509 51757 0.00928023 0.0215133
1492 152343 152343 0 0
1493 116100 116479 0.191657 0.0834278
1494 114912 114912 0 0
1495 81048 81047 0.0469004 0.0567535
1496 152334 152382 0.130415 0.0404475
1497 60189 60189 0 0
1498 4140 4139 0.157636 0.485389
1499 151501 151501 0 0
1500 92346 98067 0.0631156 0.0689646
1501 118964 118967 0.0328876 0.032956
1502 29651 29836 0.066591 0.0652345
1503 138264 137275 0.0919804 0.140745
1504 29697 29699 0.0713999 0.0280631
1505 51747 49205 0.073619 0.0708501
1506 65088 65090 0.0555177 0.0139229
1507 59189 63234 0.0488801 0.135719
1508 168846 168846 0 0
1509 82850 82851 0.0210022 0.0244974
1510 91531 91532 0.02281 0.0877488
1511 164087 164088 0.00348722 0.00348722
1512 80950 80926 0.0745001 0.036241
1513 81416 81416 0 0
1514 119625 119625 0 0
1515 76566 76232 0.0648899 0.00947522
1516 137582 137583 0.146716 0.101853
1517 112845 112846 0.059208 0.0359825
1518 101044 101040 0.036486 0.076121
1519 91900 91906 0.078918 0.022155
1520 135091 135091 0 0
1521 115425 115446 0.133957 0.00829472
1522 89146 89146 0 0
1523 58820 62448 0.0125997 0.0127986
1524 60241 58289 0.0601993 0.0267818
1525 85066 85078 0.0478752 0.0468571
1526 156719 156718 0.0598385 0.190285
1527 58360 58360 0 0
1528 81810 81811 0.0363591 0.191894
1529 47146 47147 0.0705769 0.189258
1530 55582 60284 0.0464486 0.119511
1531 96999 96999 0 0
1532 93596 97908 0.10382 0.0109071
1533 87806 79714 0.175841 0.264805
1534 46719 53529 0.18174 0.164664
1535 86103 86102 0.173754 0.0279711
1536 120921 120921 0 0
1537 143117 143117 0 0
1538 35897 36598 0.206995 0.0413268
1539 144546 144544 0.126654 0.0556064
1540 21183 21183 0 0
1541 126562 126563 0.0133518 0.0413886
1542 78411 78411 0 0
1543 161967 161966 0.115058 0.0458204
1544 72780 72781 0.222066 0.152951
1545 142616 142617 0.0406868 0.134619
1546 91102 91102 0 0
1547 157532 157531 0.0368944 0.0325289
1548 81937 81938 0.0523035 0.169124
1549 69929 72763 0.194855 0.050571
1550 154333 154334 0.132385 0.10171
1551 89208 89207 0.0224298 0.086828
1552 84238 117986 0.0160284 0.0255889
1553 55649 55667 0.0827051 0.0147253
1554 64133 64120 0.173872 0.0210021
1555 123090 121348 0.129398 0.0489825
1556 115674 115189 0.0903483 0.0329436
1557 89215 89219 0.00939909 0.0908969
1558 56456 56456 0 0
1559 126814 126703 0.190275 0.0411969
1560 96704 91608 0.00991438 0.115334
1561 84078 85310 0.139397 0.0738523
1562 118449 115293 0.491312 0.12218
1563 136511 136511 0 0
1564 167052 167051 0.0616786 0.215952
1565 39960 39959 0.239442 0.242935
1566 163997 163998 0.365795 0.0788655
1567 72243 72243 0 0
1568 152505 151743 0.0524856 0.100773
1569 79215 79216 0.184229 0.006997
1570 81990 81991 0.012888 0.0205533
1571 81922 81922 0 0
1572 66162 66161 0.107635 0.0235324
1573 96990 96991 0.04207 0.0572556
1574 82353 82353 0 0
1575 148446 148549 0.0104738 0.181516
1576 38744 38742 0.0106157 0.027399
1577 93845 93844 0.038777 0.0476112
1578 60190 63946 0.0357184 0.0205941
1579 47974 47973 0.0623052 0.0513793
1580 71673 71674 0.0578013 0.176456
1581 65361 54830 0.100432 0.0164873
1582 43083 43084 0.0766364 0.156347
1583 88466 91990 0.0144944 0.12014
1584 119333 120132 0.0943007 0.00695144
1585 48187 50789 0.0302445 0.00223037
1586 130668 130669 0.180343 0.127515
1587 117903 120504 0.0442584 0.03689
1588 80921 88228 0.0750861 0.00349551
1589 64388 64390 0.0288927 0.0542656
1590 132090 131423 0.0936758 0.0162489
1591 76471 77254 0.0664551 0.358338
1592 57387 61229 0.0300332 0.0718582
1593 96256 96257 0.139027 0.0975352
1594 45835 45833 0.135355 0.121306
1595 48404 44965 0.0946867 0.0800943
1596 22465 22466 0.0143279 0.103026
1597 121650 122608 0.0805953 0.0129257
1598 151978 151980 0.0590263 0.0300885
1599 80663 85301 0.0961377 0.0692551
1600 1459 1458 0.0871765 0.269304
1601 152551 152551 0 0
1602 91324 91325 0.0200199 0.207848
1603 93926 91856 0.0915929 0.0301676
1604 57325 57325 0 0
1605 51447 51448 0.0396684 0.200728
1606 41344 41344 0 0
1607 42533 42066 0.0838908 0.227358
1608 133506 133505 0.232069 0.0136933
1609 164826 164826 0 0
1610 15060 15060 0 0
1611 74187 74053 0.0641232 0.139681
1612 90194 90194 0 0
1613 64171 64171 0 0
1614 63947 63947 0 0
1615 79148 79148 0 0
1616 94989 94989 0 0
1617 46758 46992 0.00667983 0.0827716
1618 84595 84594 0.114801 0.0159589
1619 115713 115713 0 0
1620 58753 58753 0 0
1621 121263 121347 0.0559208 0.123063
1622 52888 52889 0.0805614 0.0301358
1623 50911 46253 0.179032 0.0239132
1624 157729 157730 0.0431173 0.00855182
1625 33235 33234 0.166175 0.295388
1626 96381 90310 0.104183 0.108567
1627 54679 54680 0.0298498 0.0637213
1628 59568 65337 0.0933463 0.0432078
1629 101747 101747 0 0
1630 79109 86966 0.038485 0.0711286
1631 74144 74333 0.182603 0.021387
1632 88292 88292 0 0
1633 88050 88051 0.0382098 0.0877554
1634 136878 137395 0.195165 0.125493
1635 74975 74973 0.0609231 0.0509843
1636 81246 81821 0.0106618 0.160879
1637 96322 97026 0.057922 0.0710227
1638 78597 82079 0.153104 0.0467329
1639 42982 42983 0.0175996 0.0515257
1640 152609 152609 0 0
1641 98337 98123 0.0400746 0.0200918
1642 46526 46525 0.0639106 0.0152067
1643 141574 141574 0 0
1644 142249 142583 0.818453 0.141915
1645 14725 14884 0.0343367 0.0916885
1646 81482 81484 0.0326933 0.0110862
1647 126609 126608 0.112367 0.0654819
1648 47877 47877 0 0
1649 120951 120951 0 0
1650 81098 81097 0.00466183 0.0317349
1651 53449 47044 0.0836689 0.0116421
1652 93700 93700 0 0
1653 89247 89245 0.0475351 0.10114
1654 91482 91482 0 0
1655 81937 81938 0.0416588 0.179768
1656 41936 41934 0.157133 0.32296
1657 79396 80286 0.0293655 0.0582184
1658 50427 52101 0.0204015 0.0743839
1659 89123 91405 0.122555 0.038495
1660 60650 60702 0.142992 0.021313
1661 83008 83007 0.054942 0.136531
1662 83770 83771 0.128253 0.0221428
1663 51769 51769 0 0
1664 55445 55445 0 0
1665 33060 33061 0.0986776 0.0206985
1666 66248 68074 0.201643 0.21156
1667 55176 55217 0.0408944 0.0607392
1668 116021 119204 0.100389 0.0145447
1669 46554 51798 0.0387616 0.0443309
1670 151733 151733 0 0
1671 87278 87278 0 0
1672 53010 52315 0.0859164 0.0043417
1673 164411 164411 0 0
1674 63777 62174 0.011674 0.123747
1675 61084 61085 0.059553 0.121378
1676 13786 13786 0 0
1677 57169 57169 0 0
1678 58291 58286 0.0599874 0.0206877
1679 19744 19744 0 0
1680 57931 58702 0.0099526 0.114879
1681 98970 95162 0.0327231 0.137353
1682 164400 164035 0.219683 0.00115784
1683 114799 115664 0.0550383 0.0307979
1684 108507 108508 0.566166 0.25844
1685 165198 164624 0.0803357 0.0582358
1686 2497 2495 0.0802768 0.0466908
1687 90985 98338 0.0444948 0.0596943
1688 53347 53342 0.131258 0.0176593
1689 97530 90472 0.0383968 0.0681187
1690 80912 80911 0.00608267 0.130378
1691 60737 60736 0.0251028 0.0570132
1692 92489 98118 0.0573157 0.00988433
1693 164012 164028 0.229668 0.154032
1694 143177 143178 0.0756655 0.0326308
1695 61351 61351 0 0
1696 59734 59743 0.0539273 0.0124875
1697 133234 133234 0 0
1698 99164 99165 0.0603486 0.0216861
1699 97188 92303 0.114856 0.0773809
1700 110982 110981 0.106191 0.0157576
1701 89615 89615 0 0
1702 55232 60295 0.109864 0.05488
1703 122611 122610 0.0785924 0.122207
1704 123539 123540 0.224677 0.126288
1705 156732 156040 0.0657679 0.0260643
1706 135680 135467 0.0442606 0.0395947
1707 136495 136495 0 0
1708 91895 91896 0.258304 0.0175073
1709 137002 138985 0.0809613 0.0155849
1710 95141 95142 0.0642001 0.108989
1711 140874 140514 0.0561793 0.101892
1712 94921 94914 0.142159 0.00769635
1713 60181 64785 0.076082 0.0675393
1714 62593 59261 0.0520554 0.0194184
1715 110853 110853 0 0
1716 143270 143270 0 0
1717 129915 129915 0 0
1718 95332 95332 0 0
1719 164331 163963 0.236285 0.0621222
1720 65813 65814 0.0922483 0.0734442
1721 60341 60341 0 0
1722 112775 112776 0.118317 0.0686751
1723 84371 84376 0.158367 0.103031
1724 35433 35436 0.0204786 0.0182911
1725 82937 82936 0.0178309 0.0389235
1726 87154 87154 0 0
1727 96166 96166 0 0
1728 116915 116913 0.0303383 0.0280684
1729 84035 84034 0.105723 0.0133903
1730 71702 71702 0 0
1731 64076 62667 0.0645803 0.169756
1732 64213 64213 0 0
1733 92498 92499 0.0875518 0.0122732
1734 138171 138172 0.101888 0.0553433
1735 34148 34474 0.183898 0.0131352
1736 1977 1977 0 0
1737 63946 63947 0.0246132 0.0188448
1738 89499 89500 0.0632439 0.0111322
1739 91086 91087 0.0631507 0.0822053
1740 157267 158513 0.00469608 0.0626229
1741 85576 85574 0.0504562 0.00351825
1742 46991 46735 0.0700955 0.0859582
1743 72752 70223 0.108304 0.112143
1744 124199 124443 0.206388 0.0439263
1745 54673 54673 0 0
1746 54662 54525 0.139962 0.0168016
1747 136866 136886 0.149418 0.0281323
1748 46393 46393 0 0
1749 94593 94595 0.0235703 0.0418982
1750 112787 112788 0.0285555 0.0463092
1751 15671 15672 0.153901 0.0187267
1752 126343 126343 0 0
1753 80220 84215 0.158685 0.0431659
1754 151692 151692 0 0
1755 94273 94274 0.0665754 0.00767475
1756 21740 21740 0 0
1757 134693 134693 0 0
1758 82999 82998 0.0587711 0.127454
1759 98471 98471 0 0
1760 57948 61255 0.0935283 0.0270198
1761 33013 33013 0 0
1762 81517 81518 0.0264313 0.00372187
1763 64029 64031 0.0116683 0.0280231
1764 15536 15542 0.265469 0.0245982
1765 31102 29555 0.0170907 0.0311122
1766 84643 80167 0.0326935 0.0397351
1767 86947 86947 0 0
1768 28564 27787 0.116801 0.0292224
1769 98624 98624 0 0
1770 125661 125661 0 0
1771 88315 79916 0.148162 0.374702
1772 57936 57935 0.0699541 0.002281
1773 41493 41496 0.0151829 0.0128366
1774 118576 118575 0.02911 0.118744
1775 61303 61304 0.102705 0.0502362
1776 18070 18070 0 0
1777 157658 157658 0 0
1778 93570 93568 0.012322 0.116704
1779 160524 160531 0.0150092 0.0449193
1780 43072 42308 0.00537195 0.113225
1781 13674 13912 0.145515 0.0446334
1782 12052 13326 0.180962 0.179997
1783 62701 62701 0 0
1784 82690 81242 0.131918 0.0642587
1785 84792 84796 0.0429409 0.1331
1786 64076 62667 0.156227 0.0781092
1787 64820 64820 0 0
1788 92558 96387 0.119005 0.0326826
1789 70665 70665 0 0
1790 80481 80481 0 0
1791 56728 64786 0.197369 0.00474724
1792 45339 46795 0.0281565 0.0195284
1793 58353 58671 0.0197687 0.0361102
1794 166127 166627 0.102022 0.696144
1795 60459 60461 0.0308111 0.0385658
1796 81603 86232 0.04592 0.0269878
1797 163060 162982 0.0144436 0.199454
1798 65205 65204 0.135725 0.038421
1799 59015 59016 0.0296381 0.106614
1800 48871 48870 0.012047 0.057694
1801 48912 48912 0 0
1802 165681 165682 0.0477561 0.0186607
1803 83323 81593 0.0675111 0.0368762
1804 46419 46415 0.206508 0.0226156
1805 164079 164079 0 0
1806 80965 80965 0 0
1807 152608 152608 0 0
1808 43203 44222 0.0528972 0.0771869
1809 84990 81346 0.309046 0.0620838
1810 125572 125573 0.540907 0.153768
1811 46992 46758 0.0839985 0.00545293
1812 43184 43185 0.061254 0.0679348
1813 159403 159612 0.174772 0.132725
1814 79805 79806 0.0933229 0.215199
1815 64981 58678 0.0769931 0.179236
1816 32517 32518 0.00759999 0.124498
1817 113290 113286 0.147852 0.0625747
1818 53751 53751 0 0
1819 38501 38499 0.121042 0.0567592
1820 81607 81607 0 0
1821 86650 86649 0.0538465 0.120616
1822 51421 52479 0.004562 0.0391674
1823 115917 115915 0.0518094 0.124822
1824 58004 62629 0.0358086 0.030793
1825 52915 52916 0.0140213 0.00468107
1826 8848 8849 0.622084 0.207951
1827 119191 119189 0.027948 0.240739
1828 78918 78919 0.119627 0.0378302
1829 94057 94056 0.105611 0.111733
1830 65266 60186 0.0195214 0.002281
1831 29589 27598 0.0572175 0.0601118
1832 119211 119211 0 0
1833 53040 53041 0.0321031 0.0646898
1834 57580 57580 0 0
1835 52730 52732 0.0199265 0.0513746
1836 54553 54556 0.0474759 0.0949795
1837 88323 79928 0.548443 0.155563
1838 90833 90833 0 0
1839 156664 156664 0 0
1840 60190 63946 0.0482277 0.00808481
1841 59453 58387 0.0266463 0.0413721
1842 59302 59301 0.136549 0.069996
1843 81936 81935 0.215847 0.0452398
1844 62305 62303 0.0894313 0.0143624
1845 121518 120887 0.108229 0.118721
1846 144527 144527 0 0
1847 89830 93520 0.0645788 0.0399175
1848 84458 84459 0.0551611 0.0880874
1849 52151 52153 0.0843135 0.0234728
1850 113873 113872 0.170277 0.163563
1851 94263 94263 0 0
1852 49711 49710 0.0663375 0.0222084
1853 60933 60933 0 0
1854 158616 158961 0.0510013 0.207975
1855 70113 70118 0.118792 0.115134
1856 115769 115769 0 0
1857 49310 49310 0 0
1858 22380 22383 0.0577853 0.208039
1859 65646 65647 0.0557036 0.00689712
1860 43533 43533 0 0
1861 123324 123700 0.0197687 0.214822
1862 164421 164421 0 0
1863 59385 59386 0.0585933 0.146192
1864 71860 71863 0.171016 0.115431
1865 146737 146584 0.00897871 0.147291
1866 148051 148046 0.32239 0.0484481
1867 53536 53536 0 0
1868 81369 79208 0.179802 0.00919823
1869 115758 115759 0.0486249 0.104772
1870 91860 91859 0.0953616 0.0948426
1871 55879 55233 0.111002 0.0771096
1872 57464 57464 0 0
1873 138874 138873 0.0669432 0.0818608
1874 80524 80524 0 0
1875 7933 7933 0 0
1876 85548 85548 0 0
1877 97968 97152 0.172554 0.0314569
1878 42013 42013 0 0
1879 17343 17344 0.0175267 0.154562
1880 90803 89074 0.00507512 0.219727
1881 47906 47907 0.0618274 0.0106536
1882 114604 115113 0.00734613 0.118747
1883 89444 89443 0.0862523 0.00847096
1884 79287 79287 0 0
1885 136748 136747 0.00723433 0.02251
1886 88136 88138 0.0407482 0.0984512
1887 46627 45950 0.382511 0.161893
1888 85868 85868 0 0
1889 92579 92578 0.109885 0.125606
1890 80194 80194 0 0
1891 93184 93184 0 0
1892 64892 62667 0.0057025 0.104242
1893 120868 120868 0 0
1894 2105 2104 0.104375 0.0203971
1895 164964 164964 0 0
1896 110055 110067 0.267181 0.0408625
1897 163693 163693 0 0
1898 10408 10403 0.172764 0.0535143
1899 50313 50315 0.0267354 0.0747465
1900 115115 115149 0.0108234 0.0802174
1901 81696 81693 0.019833 0.156329
1902 86841 82552 0.0263349 0.0768919
1903 58392 58393 0.128953 0.0257337
1904 47942 47942 0 0
1905 120726 120726 0 0
1906 91878 90995 0.104157 0.00898944
1907 84538 87313 0.107368 0.00439595
1908 86630 86630 0 0
1909 163938 163939 0.151703 0.10167
1910 78294 78294 0 0
1911 144256 144256 0 0
1912 93825 93825 0 0
1913 79427 79428 0.0313155 0.0957082
1914 162093 161830 0.165444 0.020089
1915 78059 77950 0.0696439 0.0288041
1916 125845 124872 0.0214972 0.0240794
1917 93194 93194 0 0
1918 117064 115560 0.0213174 0.160838
1919 3007 3006 0.257587 0.578147
1920 51382 51382 0 0
1921 59823 59823 0 0
1922 69833 70863 0.0604356 0.0776758
1923 97433 92919 0.198597 0.0869961
1924 55072 58748 0.0624427 0.0537609
1925 47213 47212 0.00608267 0.00722317
1926 80055 80055 0 0
1927 85310 85310 0 0
1928 137747 137747 0 0
1929 48194 52933 0.0233056 0.0162074
1930 156727 156727 0 0
1931 69913 72773 0.312748 0.051218
1932 144692 143548 0.738714 0.230775
1933 117096 117084 0.043118 0.0806346
1934 92579 92578 0.0361841 0.199307
1935 85725 84545 0.0529541 0.00581103
1936 142562 142562 0 0
1937 85206 85207 0.098047 0.154379
1938 74618 74145 0.250179 0.132583
1939 60214 65060 0.0640228 0.0323033
1940 74599 74596 0.474923 0.197029
1941 55596 55596 0 0
1942 3635 3665 0.354427 0.450375
1943 91424 91424 0 0
1944 81965 82935 0.0296759 0.0978681
1945 78448 78948 0.0999957 0.0475208
1946 79930 80305 0.206676 0.0640796
1947 143166 143165 0.0119768 0.0354625
1948 89642 96938 0.054911 0.182023
1949 125895 124044 0.0210085 0.151911
1950 62644 62644 0 0
1951 79026 79544 0.119025 0.00708998
1952 86617 86617 0 0
1953 70640 70640 0 0
1954 80193 80193 0 0
1955 79726 85288 0.0336007 0.0832535
1956 159133 159132 0.28651 0.235122
1957 55311 59306 0.126032 0.0325596
1958 154489 154475 0.152035 0.0316083
1959 117111 117112 0.0625459 0.200995
1960 109770 109771 0.0351102 0.0720173
1961 33134 33134 0 0
1962 80940 80940 0 0
1963 91306 91306 0 0
1964 142013 142014 0.0169683 0.0975987
1965 69625 69625 0 0
1966 47430 53499 0.0456647 0.072992
1967 76194 76195 0.0749401 0.0819261
1968 58349 58349 0 0
1969 81614 81613 0.143593 0.0149852
1970 87837 86672 0.0625055 0.105973
1971 52357 52356 0.0376352 0.0571696
1972 153042 152331 0.242549 0.0178678
1973 133084 133084 0 0
1974 100886 100886 0 0
1975 78929 82513 0.15287 0.02281
1976 163958 163959 0.0174219 0.00667238
1977 143374 143374 0 0
1978 18032 18032 0 0
1979 95913 95912 0.00451586 0.0184508
1980 169423 169424 0.222117 0.589522
1981 30557 30558 0.14278 0.106874
1982 47669 47669 0 0
1983 81280 81281 0.0101943 0.101145
1984 137032 137033 0.0254712 0.328472
1985 42942 42944 0.0555346 0.072437
1986 14495 14495 0 0
1987 121544 121546 0.0442247 0.147691
1988 87072 87070 0.0287928 0.0323276
1989 61727 61731 0.0771224 0.00908193
1990 60164 55217 0.0448653 0.0772752
1991 134679 134681 0.0796954 0.0768412
1992 38840 38840 0 0
1993 75450 75451 0.0704866 0.243662
1994 90933 89762 0.0308393 0.0989854
1995 83457 83459 0.0566008 0.00627283
1996 76398 76398 0 0
1997 92210 92209 0.02281 0.0565666
1998 122613 122612 0.0640963 0.194015
1999 72784 69898 0.368626 0.0227254
2000 59117 59118 0.0410407 0.0728144
2001 169231 169230 0.141944 0.110957
2002 35750 36029 0.0057025 0.127883
2003 122320 120689 0.0967457 0.066448
2004 161289 161289 0 0
2005 122114 122115 0.0175361 0.0218189
2006 29221 31301 0.322603 0.123023
2007 47420 47420 0 0
2008 49578 49578 0 0
2009 115097 117251 0.0283219 0.221216
2010 139257 139260 0.0503468 0.0387227
2011 55567 55568 0.0246455 0.0109811
2012 96844 97474 0.0672686 0.0694729
2013 91818 91820 0.0740008 0.0487388
2014 62592 62591 0.187263 0.0105015
2015 89084 93964 0.109665 0.0580734
2016 86035 86035 0 0
2017 92794 92797 0.117452 0.0811804
2018 166283 166282 0.099953 0.0553336
2019 3399 3400 0.0365823 0.140662
2020 90652 89799 0.00924984 0.293171
2021 84595 84594 0.112019 0.0187416
2022 59869 59869 0 0
2023 71321 72246 0.117301 0.0829506
2024 121667 121669 0.254241 0.0269994
2025 50994 50994 0 0
2026 44378 44254 0.0318744 0.0564061
2027 62646 60436 0.0595795 0.0770351
2028 87208 87210 0.00278332 0.0232287
2029 2129 2352 0.206021 0.0437273
2030 158465 158465 0 0
2031 115608 115608 0 0
2032 163338 163338 0 0
2033 98285 98285 0 0
2034 82847 82846 0.156932 0.0411326
2035 48011 48011 0 0
2036 170154 170137 0.083143 0.0343006
2037 76676 76675 0.0338423 0.0662533
2038 135073 135073 0 0
2039 165382 165382 0 0
2040 56987 57836 0.0793903 0.13891
2041 83466 83465 0.0392593 0.0259073
2042 153043 152396 0.0685044 0.0218948
2043 70269 70269 0 0
2044 88908 88858 0.147735 0.174073
2045 58748 55072 0.109689 0.00651464
2046 92282 92283 0.0429794 0.0515343
2047 70472 70472 0 0
2048 119551 115840 0.106243 0.00349194
2049 54842 56711 0.0445406 0.468787
2050 89638 89635 0.00574855 0.0185409
2051 46905 50662 0.0900995 0.274269
2052 67219 67219 0 0
2053 51077 51077 0 0
2054 137509 137508 0.346427 0.080601
2055 46752 46752 0 0
2056 90573 90573 0 0
2057 45153 45152 0.058321 0.0524872
2058 140365 140365 0 0
2059 80483 79838 0.667984 0.186646
2060 47146 47147 0.0415601 0.218275
2061 64730 64731 0.0213527 0.0763583
2062 51649 51649 0 0
2063 98588 98587 0.0353555 0.137321
2064 80714 80716 0.0547564 0.0163729
2065 59069 59070 0.065511 0.141559
2066 61929 58508 0.0799768 0.0176486
2067 26698 26699 0.0865995 0.0270149
2068 193 286 0.163215 0.179411
2069 121543 121542 0.170341 0.101376
2070 140360 140360 0 0
2071 58546 57063 0.109532 0.228455
2072 61744 61745 0.138865 0.0117852
2073 49770 49767 0.00560207 0.0995684
2074 22541 22542 0.0832647 0.0380167
2075 51222 51221 0.092952 0.164865
2076 17273 17273 0 0
2077 34605 34685 0.544074 0.0909612
2078 82639 82637 0.0267735 0.00505115
2079 93347 97821 0.0237455 0.00278332
2080 78293 78293 0 0
2081 93847 91865 0.106954 0.0240294
2082 79115 79115 0 0
2083 46027 46027 0 0
2084 20999 20998 0.018048 0.290143
2085 2359 2139 0.203638 0.0263942
2086 143506 143506 0 0
2087 167670 167671 0.300809 0.0579509
2088 169600 169599 0.261391 0.0542825
2089 76232 76231 0.391755 0.233575
2090 46983 46211 0.0152514 0.0629009
2091 52876 52876 0 0
2092 58760 58759 0.113368 0.127475
2093 70032 70034 0.368669 0.0504067
2094 44961 48420 0.270652 0.122508
2095 91242 92609 0.0653355 0.00699305
2096 60357 56437 0.143622 0.00641256
2097 134406 134407 0.0390693 0.246116
2098 56420 56420 0 0
2099 160312 160311 0.908755 0.0611488
2100 13762 13761 0.0997364 0.174081
2101 15766 15765 0.0561975 0.0768031
2102 45190 45189 0.0323352 0.160849
2103 86273 86273 0 0
2104 1587 1254 0.150895 0.089941
2105 98590 98592 0.138146 0.108826
2106 98839 98839 0 0
2107 82039 82038 0.0620657 0.0192582
2108 54040 54041 0.0521741 0.112603
2109 90389 90389 0 0
2110 165885 166690 0.172442 0.195375
2111 34148 34474 0.128703 0.0683304
2112 133104 133053 0.0590291 0.10971
2113 87053 87050 0.012931 0.107394
2114 141068 141156 0.154589 0.137305
2115 91824 91822 0.0398737 0.0280415
2116 92287 92286 0.0903098 0.0629735
2117 82978 79523 0.00749989 0.213473
2118 92735 92737 0.0673942 0.0540069
2119 94654 94655 0.166246 0.00734831
2120 72660 71880 0.150908 0.0573497
2121 64244 64245 0.232183 0.0119675
2122 71726 71726 0 0
2123 114794 114792 0.00969527 0.0105526
2124 47973 47974 0.021387 0.0922976
2125 13326 12052 0.050677 0.310282
2126 103602 103605 0.373917 0.242438
2127 81472 81471 0.143621 0.0415513
2128 145508 145509 0.073976 0.0491986
2129 64441 64438 0.222816 0.0249764
2130 87893 87893 0 0
2131 64182 64180 0.0288352 0.10597
2132 89341 94453 0.0041738 0.188448
2133 47229 47228 0.00266117 0.0110832
2134 118673 118679 0.128342 0.0316999
2135 451 450 0.410388 0.0400151
2136 95154 92233 0.0508074 0.103895
2137 92339 90316 0.0399345 0.0236495
2138 81082 81082 0 0
2139 81294 81295 0.0852899 0.00478772
2140 49979 49973 0.118132 0.0428096
2141 2683 2684 0.0620509 0.0588979
2142 145032 145032 0 0
2143 42507 42392 0.116798 0.0548166
2144 87416 83909 0.0434703 0.0403167
2145 114690 114690 0 0
2146 87074 87069 0.0445746 0.0236776
2147 166627 166627 0 0
2148 64182 64180 0.0206767 0.114128
2149 84075 84076 0.0157487 0.0161977
2150 42940 42944 0.0875787 0.138434
2151 81835 81833 0.0339329 0.0481089
2152 95847 95845 0.00122645 0.0619182
2153 164893 164897 0.0305124 0.0570641
2154 97550 98527 0.0373803 0.121565
2155 47027 47023 0.180809 0.0256647
2156 45942 50748 0.0515857 0.0852409
2157 49436 49437 0.512406 0.240631
2158 153056 153054 0.0753951 0.0661751
2159 163948 163942 0.115442 0.0160321
2160 61526 61527 0.086278 0.0058506
2161 94691 94692 0.0339961 0.0745515
2162 140334 140334 0 0
2163 158499 158497 0.0490415 0.0613484
2164 155094 155093 0.0210459 0.0371464
2165 86775 86775 0 0
2166 1959 1960 0.1567 0.676446
2167 54665 48539 0.0665063 0.125795
2168 164874 164874 0 0
2169 148549 148446 0.0105562 0.181434
2170 48125 48126 0.0757779 0.0960006
2171 169255 169257 0.18897 0.0295782
2172 151629 152475 0.351516 0.0232654
2173 75428 76899 0.171125 0.516743
2174 148485 148614 0.0886079 0.215995
2175 141690 141692 0.0967051 0.00932003
2176 62609 62610 0.0257297 0.107175
2177 52712 52710 0.00598136 0.0329437
2178 80528 80515 0.0317988 0.230474
2179 49201 49202 0.00608267 0.0330745
2180 82237 82237 0 0
2181 90553 90553 0 0
2182 122619 122620 0.0239203 0.0392762
2183 84785 81838 0.0356652 0.126256
2184 90297 90298 0.0319135 0.0420655
2185 15716 15717 0.101479 0.112543
2186 61344 61343 0.059503 0.162304
2187 61870 60999 0.158115 0.176644
2188 81881 78765 0.0455422 0.0211064
2189 43309 43310 0.116379 0.270876
2190 156948 156947 0.0304671 0.0548404
2191 93944 93944 0 0
2192 74077 74074 0.0231036 0.0441231
2193 82492 82493 0.0278667 0.0255755
2194 92161 91905 0.096951 0.0936601
2195 95868 95866 0.0532841 0.117825
2196 43185 43184 0.0784466 0.0507421
2197 91990 88466 0.12014 0.0144944
2198 17526 17474 0.133431 0.114757
2199 160700 160951 0.0751246 0.0131296
2200 92887 91262 0.0867093 0.0353742
2201 78548 78539 0.0597962 0.235431
2202 81468 81466 0.0760859 0.0372067
2203 155546 155547 0.0917681 0.0376835
2204 11252 11252 0 0
2205 81961 82932 0.0209958 0.0349889
2206 53873 53873 0 0
2207 79681 79681 0 0
2208 164623 164629 0.0353555 0.0323351
2209 59442 65087 0.0119869 0.112097
2210 40327 39919 0.0226332 0.101666
2211 93596 93596 0 0
2212 35359 35361 0.0426076 0.137365
2213 91856 93926 0.0351098 0.0866507
2214 60181 64785 0.0659909 0.0776303
2215 98985 98987 0.0629838 0.0852494
2216 76074 76072 0.0739787 0.165318
2217 95563 92165 0.0269918 0.0197687
2218 93252 91949 0.0360371 0.08815
2219 116199 116200 0.0269644 0.0999347
2220 96709 96709 0 0
2221 87996 84755 0.0349657 0.0279591
2222 156283 156283 0 0
2223 154832 154832 0 0
2224 93345 93346 0.0304364 0.213723
2225 46580 46582 0.232153 0.365256
2226 94085 94087 0.112089 0.233099
2227 91780 91780 0 0
2228 104160 104164 0.151101 0.229429
2229 2542 2543 0.026746 0.0460766
2230 15742 15743 0.122868 0.0124795
2231 119085 119083 0.0690026 0.150766
2232 59634 59623 0.0124909 0.019545
2233 97970 97970 0 0
2234 6435 6434 0.948261 0.0874355
2235 51253 51254 0.0448597 0.0410659
2236 58795 58795 0 0
2237 92256 97212 0.0292793 0.0431156
2238 69873 69874 0.0557363 0.0684837
2239 58257 58258 0.0198278 0.020628
2240 101691 100580 0.0155868 0.290518
2241 162003 162002 0.244024 0.0926643
2242 121075 121075 0 0
2243 16800 16800 0 0
2244 123218 121234 0.0163464 0.284675
2245 111808 111808 0 0
2246 93194 89575 0.117875 0.0323318
2247 141384 141176 0.0501954 0.0514872
2248 80945 86615 0.0616665 0.0905337
2249 46093 49671 0.00820691 0.045656
2250 29142 29125 0.0342677 0.0359409
2251 97259 97260 0.0676154 0.0177213
2252 119999 120002 0.166877 0.0234058
2253 96037 93454 0.058925 0.109046
2254 146223 146223 0 0
2255 116418 116416 0.0211516 0.0271381
2256 121094 121095 0.253666 0.10402
2257 91931 91932 0.00426798 0.181943
2258 89139 89140 0.119362 0.0611824
2259 16301 16302 0.152491 0.0968192
2260 137678 137674 0.0296758 0.0125455
2261 137518 137515 0.210043 0.0300332
2262 98378 98387 0.0157445 0.00908177
2263 38602 37067 0.0723492 0.137039
2264 36945 35803 0.043087 0.11147
2265 157195 157195 0 0
2266 137199 137199 0 0
2267 121347 121263 0.0718441 0.10714
2268 164905 164905 0 0
2269 46761 46762 0.0142583 0.0602118
2270 119010 119011 0.0130851 0.142135
2271 13565 13564 0.220554 0.114458
2272 79571 78523 0.061818 0.067654
2273 74189 74192 0.200457 0.0491398
2274 60425 56459 0.081653 0.158642
2275 49495 49496 0.0168721 0.051449
2276 16335 16335 0 0
2277 156693 156692 0.0068766 0.0855719
2278 96255 96255 0 0
2279 102037 68032 0.218542 0.123448
2280 99607 99293 0.015809 0.0553317
2281 45104 45104 0 0
2282 115840 119551 0.0423056 0.0674291
2283 58765 58766 0.0326509 0.0171361
2284 129126 129126 0 0
2285 159078 159078 0 0
2286 29693 29700 0.0307556 0.243972
2287 120181 120181 0 0
2288 136817 136818 0.0540304 0.0712869
2289 121896 121897 0.0743593 0.137889
2290 54691 54691 0 0
2291 164007 165244 0.17696 0.190931
2292 99327 99327 0 0
2293 83590 80524 0.0308155 0.0956188
2294 37937 37937 0 0
2295 144692 143548 0.757843 0.211646
2296 156102 156281 0.0439925 0.0440681
2297 3382 3154 0.0131354 0.117196
2298 103346 103346 0 0
2299 57537 57537 0 0
2300 81090 81089 0.0013914 0.013686
2301 89139 89140 0.113695 0.0668493
2302 62262 62264 0.0154159 0.0770572
2303 31672 31671 0.0171426 0.107199
2304 17439 17439 0 0
2305 79916 88315 0.217405 0.305459
2306 91593 91593 0 0
2307 141678 141678 0 0
2308 117298 117299 0.0034215 0.240182
2309 54972 54972 0 0
2310 81084 81399 0.00545059 0.115264
2311 156068 156274 0.136158 0.0505622
2312 117184 117184 0 0
2313 91450 91450 0 0
2314 82283 82285 0.0205918 0.0106295
2315 75912 75901 0.0531461 0.147447
2316 72781 72780 0.083023 0.291994
2317 121526 121528 0.0451913 0.197392
2318 124869 124870 0.0140474 0.0212129
2319 79543 79022 0.0152602 0.107309
2320 90519 90532 0.123576 0.301521
2321 1993 2623 0.0215697 0.16772
2322 45164 45164 0 0
2323 96623 92941 0.110629 0.116285
2324 60724 62595 0.0104982 0.0314946
2325 54520 46082 0.0346574 0.0140749
2326 87253 87253 0 0
2327 11623 11620 0.093966 0.0179057
2328 57984 57740 0.0892322 0.0153011
2329 142411 142411 0 0
2330 53517 53520 0.0370454 0.0747563
2331 88201 88201 0 0
2332 48168 48167 0.0117295 0.0389874
2333 46627 45950 0.0549508 0.489454
2334 115151 115151 0 0
2335 122594 94785 0.122083 0.0057025
2336 51610 51610 0 0
2337 54316 54317 0.113809 0.0291738
2338 160566 160567 0.077214 0.80273
2339 115293 118449 0.12218 0.491312
2340 116538 115432 0.127301 0.0275266
2341 2139 2065 0.111382 0.165735
2342 62492 62493 0.0666291 0.0597321
2343 70738 70738 0 0
2344 121367 121367 0 0
2345 51675 47262 0.0239505 0.0270222
2346 70121 70123 0.0256895 0.0911094
2347 95569 97683 0.0753263 0.063301
2348 24427 24428 0.235293 0.345601
2349 103891 103890 0.0662482 0.129032
2350 87130 86539 0.0836607 0.0446644
2351 79894 81446 0.0399925 0.108605
2352 64815 64815 0 0
2353 164522 164522 0 0
2354 46994 54576 0.00717621 0.011446
2355 168849 168849 0 0
2356 91063 91064 0.0263938 0.0161613
2357 137637 137638 0.0498668 0.0396272
2358 52383 52384 0.0236073 0.00859446
2359 92338 92335 0.00656701 0.157729
2360 98577 98577 0 0
2361 164134 164134 0 0
2362 71810 71812 0.138223 0.0830732
2363 68880 67357 0.0312004 0.079801
2364 46813 46813 0 0
2365 47550 47551 0.0688334 0.0846136
2366 80945 86615 0.138001 0.0141993
2367 45024 45025 0.0514417 0.03164
2368 103608 103607 0.14461 0.47288
2369 50650 50650 0 0
2370 55517 55518 0.0618348 0.0595713
2371 15757 15757 0 0
2372 45142 45084 0.111071 0.132702
2373 52388 52387 0.0452412 0.0322362
2374 114153 114161 0.0209472 0.225765
2375 78808 78808 0 0
2376 156273 158076 0.0848914 0.0800319
2377 90762 90763 0.0220297 0.0835913
2378 62857 62859 0.0265138 0.104917
2379 58333 58332 0.0588065 0.00937291
2380 151281 150944 0.112889 0.0799814
2381 51057 84518 0.0829339 0.00796385
2382 52390 52390 0 0
2383 52925 52924 0.0046678 0.0457663
2384 53364 53365 0.145663 0.0383752
2385 93762 93762 0 0
2386 114655 117073 0.066748 0.0352502
2387 84459 84458 0.0679543 0.0752942
2388 58926 58927 0.0907653 0.108492
2389 55219 55174 0.171428 0.057684
2390 25663 25663 0 0
2391 136884 137996 0.187476 0.10387
2392 124728 124728 0 0
2393 55321 55321 0 0
2394 58257 58258 0.0172658 0.0231899
2395 93195 96224 0.0223061 0.388676
2396 77065 77950 0.100471 0.115342
2397 30169 30169 0 0
2398 72305 72304 0.158655 0.051217
2399 89579 89579 0 0
2400 49986 45773 0.0423942 0.0190946
2401 83660 83661 0.0157553 0.055835
2402 121091 121090 0.359284 0.0268396
2403 54218 54216 0.0300712 0.0694134
2404 18564 18562 0.140516 0.220085
2405 137747 136913 0.0348962 0.18616
2406 127235 127234 0.174881 0.121578
2407 84484 84486 0.0585204 0.163756
2408 62095 62095 0 0
2409 91909 95834 0.174484 0.0420664
2410 91285 97467 0.0265914 0.0307775
2411 88742 88742 0 0
2412 61929 58508 0.0811173 0.0165081
2413 36758 36756 0.0284284 0.0700156
2414 9663 10229 0.288097 0.0429748
2415 134978 135581 0.0256749 0.678305
2416 126938 126940 0.0535461 0.132821
2417 49487 45465 0.100766 0.0900491
2418 79608 79608 0 0
2419 95402 95402 0 0
2420 24428 24425 0.61396 0.178765
2421 110769 110768 0.277096 0.138732
2422 141024 141128 0.610429 0.208821
2423 151207 151207 0 0
2424 62493 62493 0 0
2425 62826 62826 0 0
2426 117271 117270 0.0645082 0.0185495
2427 60182 60182 0 0
2428 33445 33442 0.11584 0.372951
2429 95669 95673 0.0221302 0.0370708
2430 126778 126780 0.0553713 0.0141746
2431 34023 33239 0.0238831 0.0011405
2432 165699 165702 0.290674 0.0133058
2433 57950 57953 0.130264 0.187901
2434 90113 90115 0.143539 0.134069
2435 84481 84521 0.0457401 0.0433086
2436 161702 161687 0.415585 0.0494144
2437 79957 79957 0 0
2438 17875 27626 0.934731 0.0172665
2439 151705 151705 0 0
2440 80471 83559 0.138671 0.0344073
2441 48496 48497 0.0578755 0.104997
2442 164078 164078 0 0
2443 58314 58314 0 0
2444 64033 55866 0.125496 0.0168152
2445 122653 122653 0 0
2446 155550 155551 0.0771082 0.0906826
2447 62858 62857 0.0235703 0.0396287
2448 52826 46899 0.109363 0.0673216
2449 50015 50014 0.0652528 0.127706
2450 49813 49814 0.0345323 0.0625039
2451 27764 29926 0.123956 0.174035
2452 75342 76071 0.200607 0.214916
2453 62676 62677 0.0389284 0.0718184
2454 12882 12884 0.0198033 0.0620256
2455 6048 6048 0 0
2456 83035 81002 0.0141661 0.0924464
2457 166172 166294 0.0129778 0.311457
2458 84598 84596 0.0289161 0.195096
2459 169740 169769 0.765918 0.380953
2460 85232 85231 0.13268 0.0179929
2461 92878 92879 0.0502724 0.0748539
2462 112008 112007 0.108627 0.00556293
2463 110993 110993 0 0
2464 147474 147472 0.206994 0.0793128
2465 119496 116652 0.103406 0.283551
2466 87063 79863 0.148019 0.0140357
2467 79101 79100 0.0723579 0.081361
2468 15050 15717 0.0528442 0.08395
2469 158315 158315 0 0
2470 122672 121964 0.0711574 0.329502
2471 49325 49325 0 0
2472 92164 91965 0.0186277 0.0781445
2473 81962 81962 0 0
2474 6560 6560 0 0
2475 51974 51974 0 0
2476 96990 96991 0.0409296 0.0583961
2477 115679 115676 0.0599252 0.371874
2478 95450 98401 0.101576 0.0911788
2479 70113 70113 0 0
2480 61925 61926 0.100179 0.192295
2481 90867 90878 0.221787 0.225089
2482 138002 138002 0 0
2483 92744 92745 0.0939335 0.0152217
2484 115093 115093 0 0
2485 153047 153050 0.0126626 0.0231213
2486 56449 56449 0 0
2487 80264 79166 0.0827137 0.0133718
2488 88246 83020 0.0203104 0.0317468
2489 101454 101454 0 0
2490 85048 85047 0.00769218 0.0867262
2491 34921 34921 0 0
2492 52204 49907 0.0473427 0.105826
2493 116306 116301 0.0320857 0.0277649
2494 60250 60248 0.0817828 0.0228398
2495 119267 119266 0.168683 0.248073
2496 80250 80250 0 0
2497 57368 57368 0 0
2498 156587 156588 0.013921 0.0442016
2499 122609 123625 0.0617391 0.085038