0 148615 148614 0.56283 0.357647
1 51385 51384 0.0690049 0.040825
2 72659 72656 0.0798223 0.297133
3 85301 88068 0.0144548 0.150429
4 55416 59253 0.030059 0.0782663
5 121265 121267 0.0657688 0.0317681
6 51617 51614 0.0614625 0.0207492
7 155785 155785 0 0
8 17744 16909 0.0680032 0.0984422
9 93195 96224 0.340935 0.0700463
10 112046 112047 0.0118418 0.133079
11 80165 80164 0.0712233 0.0636491
12 29625 29624 0.0422665 0.0273466
13 159576 159574 0.0728268 0.0320814
14 64993 55340 0.0781672 0.0556712
15 86352 86354 0.0121506 0.0120656
16 154801 154983 0.21821 0.400749
17 62479 62480 0.0570487 0.0740605
18 48559 54676 0.00941751 0.146231
19 82555 82556 0.0477054 0.0663951
20 53429 53429 0 0
21 45047 45046 0.0737046 0.0273864
22 103464 104259 0.0542405 0.0751242
23 29660 31124 0.214362 0.156709
24 14972 14971 0.112533 0.125335
25 166967 166836 0.138884 0.0151407
26 139380 139380 0 0
27 93888 93888 0 0
28 161895 161895 0 0
29 31788 31789 0.0228325 0.0588303
30 55682 55675 0.0149474 0.173199
31 154945 154946 0.0742051 0.134565
32 71240 71240 0 0
33 98088 98089 0.0409471 0.0419798
34 166759 166759 0 0
35 98562 90161 0.029653 0.0216798
36 88908 88858 0.244315 0.0774919
37 92418 91571 0.066149 0.23467
38 27199 27072 0.127962 0.108692
39 124128 124130 0.107149 0.0931408
40 159427 159404 0.153039 0.0879977
41 14494 14494 0 0
42 59946 61668 0.0485449 0.194905
43 59034 59035 0.148787 0.0386442
44 7398 7964 0.0148858 0.151643
45 29958 27119 0.340596 0.0306021
46 119397 119399 0.317489 0.382928
47 60803 60077 0.0338328 0.0695821
48 94856 94856 0 0
49 29172 29172 0 0
50 89305 89292 0.0499809 0.058898
51 66213 68032 0.0194381 0.0297446
52 132902 133422 0.129246 0.0128198
53 97582 97583 0.0989495 0.0268378
54 64647 64647 0 0
55 169598 169599 0.0707538 0.291058
56 46447 46447 0 0
57 7853 7853 0 0
58 55993 55982 0.109843 0.215604
59 15554 15565 0.00864818 0.210611
60 141006 141311 0.0732486 0.527061
61 30344 30341 0.00641893 0.0406179
62 144265 142637 0.0251983 0.0208714
63 142788 142035 0.18411 0.0274703
64 12888 12887 0.0939333 0.0220807
65 90983 90983 0 0
66 74751 74405 0.156663 0.0889602
67 48952 45227 0.0143412 0.0190355
68 74526 74528 0.143421 0.667003
69 92910 92911 0.0703916 0.124731
70 104258 104257 0.0366169 0.272991
71 28387 28387 0 0
72 32772 32771 0.0894465 0.110676
73 164575 166424 0.157175 0.0953927
74 133606 132884 0.019981 0.075135
75 131276 130910 0.20191 0.0525911
76 26496 26493 0.0509423 0.025091
77 143165 143164 0.013369 0.00519321
78 92207 97081 0.220411 0.150214
79 78178 78180 0.0631393 0.0767947
80 119228 117279 0.0830296 0.014225
81 164501 164500 0.146562 0.220157
82 96333 96333 0 0
83 119653 119650 0.0883236 0.0432068
84 80970 80969 0.0408903 0.0300173
85 16207 16206 0.0550335 0.111114
86 164115 165260 0.0657791 0.466016
87 75471 75653 0.152007 0.179016
88 79661 78814 0.0782375 0.206922
89 64589 60053 0.0437996 0.103166
90 171271 171333 0.00587695 0.0207583
91 15798 15798 0 0
92 55987 63697 0.00516845 0.316311
93 124268 124267 0.0654983 0.522047
94 27359 27360 0.0702529 0.196742
95 58766 58765 0.0215325 0.0282545
96 64797 61762 0.0242687 0.0232081
97 55319 60598 0.111413 0.197768
98 60763 60763 0 0
99 78507 78506 0.0494363 0.123086
100 76248 76249 0.377189 0.148033
101 124372 125719 0.0490272 0.20311
102 127334 126837 0.0503694 0.0585292
103 95878 95876 0.0727421 0.0502237
104 120675 121417 0.0687269 0.143262
105 133165 133165 0 0
106 78533 78532 0.0709577 0.0599876
107 114650 114651 0.106204 0.0540307
108 48811 48810 0.039693 0.026842
109 77977 77978 0.0685277 0.168703
110 45061 45658 0.228778 0.150633
111 5831 5948 0.258309 0.0636412
112 121885 121885 0 0
113 165323 165323 0 0
114 81337 84552 0.00825638 0.0660769
115 89148 89678 0.146911 0.0477011
116 166732 166733 0.0781203 0.0705734
117 50757 50758 0.106063 0.11868
118 51014 51014 0 0
119 45693 45664 0.247461 0.301982
120 33420 33420 0 0
121 59337 59338 0.0653126 0.00139279
122 127023 127683 0.0969018 0.0224378
123 82750 78765 0.0536886 0.0490128
124 58771 55466 0.0758383 0.0188079
125 59748 59745 0.0205793 0.137034
126 86501 86502 0.0350538 0.00367717
127 48336 51140 0.142567 0.117414
128 152347 152347 0 0
129 30571 29765 0.013357 0.248381
130 41315 41386 0.420601 0.221196
131 113518 113519 0.100962 0.279631
132 59464 59465 0.0489911 0.0318134
133 47791 47791 0 0
134 2498 2496 0.0473057 0.205969
135 16655 17752 0.0409577 0.0304104
136 82681 82684 0.0334464 0.0520828
137 136303 136299 0.0228727 0.176465
138 29841 28347 0.0714205 0.0539378
139 89262 90438 0.0777304 0.141207
140 33860 33860 0 0
141 140869 140869 0 0
142 85150 84032 0.0639727 0.113894
143 93284 93284 0 0
144 164913 164913 0 0
145 128134 128569 0.0996675 0.374115
146 41528 41826 0.0404004 0.109346
147 29113 29113 0 0
148 72311 72309 0.021681 0.0635254
149 119026 119027 0.0489727 0.0377181
150 47088 47088 0 0
151 140884 140885 0.328844 0.132735
152 164712 164713 0.173271 0.077884
153 86563 82225 0.081857 0.11898
154 78521 82629 0.209408 0.0431577
155 42653 43253 0.447184 0.173296
156 61826 61827 0.0563527 0.0506516
157 27229 27084 0.222163 0.0292233
158 42929 42183 0.0363528 0.0224639
159 45227 48952 0.0190355 0.0143412
160 66172 66173 0.164262 0.163251
161 55263 56027 0.090904 0.0490779
162 58477 58478 0.0832565 0.00332266
163 102282 94836 0.0798809 0.0217458
164 92574 96357 0.0478335 0.0510336
165 96708 96709 0.093319 0.0620445
166 95884 94689 0.0715814 0.0169595
167 81747 81754 0.0371938 0.0818167
168 40603 40602 0.203672 0.0748651
169 100813 100812 0.171174 0.115388
170 143152 141787 0.108024 0.133487
171 71801 71800 0.0646327 0.177164
172 81115 81115 0 0
173 117191 117190 0.086987 0.173805
174 123211 123748 0.0247108 0.00266117
175 121953 121953 0 0
176 170134 170134 0 0
177 61812 61813 0.0629499 0.0178678
178 34669 34672 0.080849 0.23008
179 88929 88963 0.0467806 0.107405
180 51935 53198 0.0404119 0.0445392
181 71810 71812 0.0901866 0.13111
182 113307 113620 0.0722407 0.0344334
183 36811 36811 0 0
184 58329 58329 0 0
185 7717 7477 0.121397 0.293404
186 62396 62396 0 0
187 94702 94702 0 0
188 29146 29146 0 0
189 55377 60195 0.123649 0.0839874
190 150529 150528 0.0248422 0.100344
191 164749 164752 0.0625189 0.141705
192 59090 60990 0.0975644 0.0450744
193 61190 61191 0.0317203 0.058477
194 63813 63812 0.0503281 0.0194599
195 15209 15209 0 0
196 75123 75122 0.114017 0.0603924
197 69908 72530 0.0763505 0.0780256
198 64674 58076 0.00722317 0.147615
199 51938 51935 0.0309247 0.0605754
200 145066 145743 0.152875 0.255667
201 16783 16901 0.0637977 0.0785515
202 85432 82936 0.0649125 0.0923644
203 84440 85464 0.24487 0.00116565
204 15735 15734 0.066662 0.087762
205 60056 60056 0 0
206 97510 96462 0.0977538 0.0236827
207 81880 81879 0.0254874 0.0507339
208 88929 88963 0.0452599 0.108926
209 74742 74743 0.0229748 0.0355476
210 53478 53479 0.0490436 0.0378825
211 253 253 0 0
212 70119 70120 0.136603 0.60324
213 121396 120817 0.49798 0.201432
214 143556 143692 0.050775 0.0244412
215 62360 62359 0.0363087 0.0309212
216 140968 140968 0 0
217 126358 126358 0 0
218 88939 88942 0.204152 0.0292615
219 156393 156392 0.192361 0.0695175
220 81704 81703 0.124354 0.0364956
221 72536 70483 0.0184147 0.143645
222 78500 84760 0.051533 0.0493365
223 16324 16326 0.0841621 0.047901
224 131234 131234 0 0
225 8263 8264 0.793394 0.188483
226 46084 46090 0.414418 0.0388111
227 49680 49680 0 0
228 136861 137385 0.0872039 0.126748
229 158908 158903 0.242139 0.0222265
230 65810 66806 0.272018 0.0418435
231 26316 26316 0 0
232 144319 144320 0.180952 0.0647937
233 17401 17398 0.02185 0.14772
234 67158 67164 0.23742 0.284545
235 137568 136903 0.0651449 0.0488584
236 167105 167105 0 0
237 45110 45371 0.0813774 0.0513688
238 113442 112860 0.425367 0.0151459
239 55473 55474 0.0572276 0.0172723
240 125220 125220 0 0
241 96366 96367 0.0792712 0.0884444
242 136735 136735 0 0
243 64669 64669 0 0
244 34008 35525 0.00350484 0.0455866
245 143594 143594 0 0
246 94220 93821 0.114384 0.027979
247 15115 15115 0 0
248 93847 91865 0.113468 0.0175153
249 86373 88260 0.00445943 0.107793
250 85293 85293 0 0
251 83895 83896 0.0726776 0.0175226
252 32076 34567 0.0496019 0.03798
253 81900 81899 0.0778604 0.0361403
254 70033 70032 0.021167 0.4377
255 56141 60018 0.12831 0.19631
256 142765 142766 0.127756 0.0626693
257 115517 114823 0.168283 0.140434
258 129461 129461 0 0
259 88266 88266 0 0
260 78867 78867 0 0
261 84706 88121 0.2114 0.177743
262 148067 148067 0 0
263 92818 92818 0 0
264 87259 87259 0 0
265 60833 60832 0.170646 0.0400846
266 95521 99000 0.020302 0.0390614
267 84456 84513 0.100306 0.0416763
268 55800 55699 0.012294 0.189637
269 56080 55276 0.280609 0.137643
270 59729 56062 0.0634715 0.00153684
271 81446 79894 0.134856 0.0137416
272 46739 46738 0.00847449 0.138111
273 156966 156966 0 0
274 85444 85445 0.0629714 0.161118
275 55548 55555 0.223334 0.0199549
276 88682 88680 0.0419594 0.0396329
277 31374 46400 0.96008 0.145946
278 90758 96907 0.171241 0.0991059
279 141680 141714 0.0999624 0.185872
280 43207 43207 0 0
281 147824 147824 0 0
282 68532 68532 0 0
283 93752 93750 0.132833 0.0746879
284 55759 55753 0.0475814 0.022371
285 82171 82171 0 0
286 96694 92827 0.0144391 0.0703338
287 48952 45227 0.0169032 0.0164735
288 7211 7321 0.108428 0.402196
289 92646 92647 0.0462076 0.0775685
290 51795 51794 0.0210129 0.0527723
291 61442 61443 0.0338549 0.0777591
292 95710 95713 0.0557934 0.0385468
293 68079 71610 0.194902 0.0571932
294 74273 75124 0.071652 0.288885
295 58802 62413 0.044374 0.26762
296 130916 130917 0.0662643 0.0877973
297 26117 26118 0.343361 0.597458
298 90652 89799 0.00685843 0.295562
299 20809 20807 0.0262325 0.090958
300 88343 90813 0.393376 0.0242661
301 59728 56010 0.178511 0.0175724
302 4160 74082 0.909269 0.105793
303 112223 112222 0.0421774 0.0318553
304 57932 57932 0 0
305 70033 70033 0 0
306 88940 88941 0.0198355 0.162098
307 98716 98697 0.0686848 0.0393104
308 143153 141680 0.289486 0.0315752
309 58531 58530 0.0900434 0.065373
310 42554 42554 0 0
311 87011 87010 0.0865354 0.0166682
312 18502 17684 0.276386 0.0134173
313 87327 87329 0.0786153 0.0422915
314 57322 64110 0.0218731 0.0412177
315 20442 20440 0.047519 0.121254
316 44866 44866 0 0
317 86279 86279 0 0
318 58126 65252 0.0155572 0.281436
319 151371 151371 0 0
320 114532 117064 0.0123715 0.0119435
321 92596 92596 0 0
322 85346 85346 0 0
323 45019 45020 0.0840361 0.149675
324 86214 83352 0.0282287 0.285783
325 108508 108507 0.7934 0.0312055
326 45309 45309 0 0
327 76682 77299 0.100393 0.215476
328 27487 29448 0.186794 0.348005
329 18185 18185 0 0
330 50653 50654 0.0917747 0.0968789
331 95713 95710 0.0385468 0.0557934
332 72020 72020 0 0
333 96943 96941 0.0717715 0.0597679
334 121137 121134 0.167998 0.0986131
335 45290 49210 0.0198378 0.0847949
336 164545 164474 0.0998235 0.187765
337 138194 138195 0.00722762 0.176163
338 130604 130931 0.2185 0.17499
339 156113 158243 0.0420057 0.0160008
340 164816 164817 0.00930624 0.0715254
341 3296 3399 0.10146 0.328922
342 91787 97038 0.004562 0.130823
343 10112 10111 0.0620626 0.337277
344 11735 10907 0.102833 0.113777
345 83461 81117 0.0699901 0.179521
346 71162 71165 0.084471 0.0620685
347 6537 6538 0.125372 0.293913
348 96085 93452 0.0272239 0.0770486
349 96941 96943 0.0597679 0.0717715
350 119247 119246 0.0857172 0.192582
351 120893 120938 0.103562 0.186788
352 83692 83691 0.0213418 0.0034215
353 56669 56669 0 0
354 95493 98240 0.0968771 0.114286
355 52907 52907 0 0
356 48968 48969 0.0357357 0.0579982
357 63580 58711 0.0729414 0.0072547
358 92039 92040 0.0280334 0.0183424
359 13763 13765 0.191944 0.145609
360 101592 101595 0.0408845 0.0647297
361 79926 79930 0.266495 0.0254986
362 82980 78863 0.187914 0.0183964
363 92668 92669 0.111162 0.0787414
364 162618 162532 0.145675 0.0677465
365 40313 40313 0 0
366 17464 17463 0.0875116 0.250202
367 6331 6330 0.0178104 0.124741
368 164022 164022 0 0
369 27257 27257 0 0
370 2676 2676 0 0
371 86174 87555 0.148119 0.120869
372 138945 138947 0.0711327 0.300079
373 87178 87177 0.0229093 0.0656715
374 96822 96836 0.0109002 0.14114
375 118876 117322 0.0372905 0.0418339
376 88665 96328 0.0885908 0.179784
377 118744 118744 0 0
378 80866 80867 0.0441018 0.145158
379 17474 17477 0.181905 0.0731875
380 50031 50031 0 0
381 55213 55209 0.102679 0.0439659
382 42377 43220 0.0239505 0.0709238
383 59502 59503 0.170392 0.00701122
384 88395 97041 0.015499 0.0450264
385 45806 45806 0 0
386 13664 13665 0.751886 0.0800345
387 154946 154945 0.177453 0.0313166
388 57450 57437 0.156363 0.474987
389 81035 81390 0.142535 0.0305025
390 54597 54599 0.133115 0.177077
391 33502 31887 0.131377 0.09352
392 112610 112607 0.00701339 0.0188421
393 27283 27065 0.0420859 0.235286
394 70749 72528 0.015835 0.06248
395 167348 167353 0.283923 0.308368
396 2098 2604 0.0396708 0.0107562
397 142101 142805 0.0700373 0.011113
398 141166 141166 0 0
399 89297 90489 0.075809 0.542434
400 82557 82556 0.0140002 0.028164
401 71162 71163 0.004562 0.703637
402 61866 60971 0.0848925 0.139552
403 15097 15097 0 0
404 45555 52268 0.0155643 0.131918
405 78617 78613 0.00789123 0.0662253
406 37391 37392 0.0322063 0.131518
407 50931 52292 0.0100585 0.0233572
408 21513 21513 0 0
409 2179 2179 0 0
410 57489 57489 0 0
411 131843 131842 0.0987239 0.133201
412 55942 54869 0.014688 0.147227
413 19417 19418 0.232097 0.0413867
414 85385 82881 0.0882064 0.00950416
415 44336 44340 0.0715997 0.0716634
416 168094 168094 0 0
417 65881 67284 0.124717 0.174124
418 156421 158125 0.0501159 0.089658
419 87846 87846 0 0
420 93881 93879 0.00290528 0.084553
421 77039 77041 0.102826 0.0592684
422 157456 157456 0 0
423 45249 46749 0.177589 0.310364
424 141972 141555 0.0407261 0.119272
425 154206 154236 0.0108929 0.032924
426 166496 166503 0.0494794 0.162793
427 138493 138493 0 0
428 7774 7775 0.429265 0.383846
429 28929 28930 0.0824398 0.0819956
430 121124 121123 0.0390352 0.0699036
431 129731 129732 0.183923 0.0949579
432 137532 137536 0.17288 0.0145209
433 113981 113467 0.0237333 0.538115
434 54599 54599 0 0
435 94275 94274 0.0206005 0.00459206
436 50014 50015 0.136915 0.0560442
437 156432 156430 0.0723744 0.00698958
438 71162 71163 0.0608751 0.647324
439 141897 141897 0 0
440 136660 136659 0.409572 0.11704
441 24488 24328 0.020693 0.145094
442 114780 114780 0 0
443 71783 69654 0.00699878 0.0695094
444 83003 88133 0.0165581 0.589145
445 13796 13894 0.0570041 1.18755
446 123992 123992 0 0
447 75131 75131 0 0
448 114651 119122 0.0131661 0.236453
449 122602 121648 0.00232949 0.0535814
450 134744 134743 0.10404 0.498505
451 16845 16629 0.0459332 0.15335
452 93897 93895 0.197776 0.186102
453 166220 166219 0.100501 0.0902124
454 40578 40578 0 0
455 97370 97369 0.0273968 0.0575123
456 129077 129079 0.0378605 0.0274514
457 60553 60554 0.113038 0.0186282
458 75905 75905 0 0
459 7906 7907 0.18698 0.146061
460 55904 55905 0.1405 0.00494216
461 92235 97106 0.109193 0.0269918
462 55262 55262 0 0
463 95855 97778 0.00817281 0.0898036
464 82779 80700 0.111119 0.101648
465 35179 32906 0.159611 0.0605144
466 2097 2098 0.183655 0.290178
467 75467 75467 0 0
468 94650 94651 0.0501537 0.0349314
469 59692 55961 0.0159674 0.150647
470 33790 33790 0 0
471 167454 167451 0.165122 0.263946
472 51837 51838 0.00985418 0.00883375
473 42321 42320 0.0650792 0.198022
474 109721 109384 0.233917 0.0965124
475 67010 67009 0.0107999 0.0825156
476 75146 74686 0.178513 0.0585397
477 92918 92915 0.149152 0.118839
478 55023 55808 0.0263351 0.0718134
479 43027 43027 0 0
480 85323 85322 0.157396 0.0232195
481 16844 18080 0.0092431 0.296008
482 2604 2098 0.0107562 0.0396708
483 156411 156411 0 0
484 42014 42838 0.15972 0.0357912
485 31400 31399 0.0619348 0.330861
486 89000 93990 0.00835185 0.191709
487 62245 62245 0 0
488 27118 29957 0.0561651 0.382987
489 14259 14261 0.253054 0.00795555
490 61541 61541 0 0
491 71273 71274 0.10697 0.18285
492 141894 141894 0 0
493 77508 76165 0.0191509 0.0612515
494 156185 156186 0.148241 0.529981
495 60832 60833 0.0353852 0.175345
496 82068 82053 0.0313575 0.195079
497 81340 82942 0.0705756 0.0863468
498 92140 94195 0.0135022 0.00522457
499 15051 15047 0.111152 0.0787195
500 48541 48540 0.0274846 0.00369964
501 52855 52856 0.0536543 0.0676878
502 68155 61209 0.0590371 0.147746
503 130541 132189 0.0941967 0.0555896
504 90694 90695 0.268682 0.00445887
505 30579 30579 0 0
506 64674 58076 0.0212893 0.133549
507 82894 78445 0.0719282 0.0331098
508 92731 92731 0 0
509 122266 122266 0 0
510 71898 71881 0.268419 0.0609413
511 154495 154497 0.107059 0.376324
512 82547 82547 0 0
513 164817 164816 0.0269857 0.0538459
514 45197 48026 0.0992396 0.0172947
515 89013 88994 0.0116685 0.0270924
516 84505 84507 0.00152067 0.0699808
517 125383 125382 0.00904889 0.108191
518 79593 79593 0 0
519 42284 42172 0.0938975 0.011392
520 84507 84505 0.0699808 0.00152066
521 97796 92129 0.291435 0.175145
522 29029 29031 0.0897519 0.0217451
523 60599 64942 0.22685 0.0481019
524 95537 95537 0 0
525 58309 58310 0.0288927 0.0283685
526 93897 93895 0.311402 0.0724758
527 122414 122413 0.0328914 0.0442059
528 113004 113000 0.108906 0.42263
529 32212 32212 0 0
530 60599 64942 0.1628 0.112152
531 96631 97442 0.00489144 0.278859
532 20003 34980 0.430353 0.0744235
533 16794 16793 0.954032 0.0123274
534 58651 63255 0.0270696 0.120834
535 82681 82684 0.0323059 0.0532233
536 14465 14704 0.0925523 0.430103
537 89901 89901 0 0
538 15616 15321 0.0554119 0.429223
539 142632 141848 0.30218 0.157952
540 138803 138804 0.0474017 0.123248
541 42978 42977 0.048099 0.0703539
542 63638 63637 0.115477 0.0402431
543 24428 24427 0.241084 0.33981
544 140594 140594 0 0
545 64397 64612 0.0490742 0.0437824
546 48555 48554 0.0591094 0.0361409
547 66698 66695 0.249419 0.050955
548 122214 122213 0.0433859 0.0305167
549 92530 92530 0 0
550 74187 74920 0.133485 0.803429
551 91753 90135 0.00760333 0.212909
552 35975 35976 0.26801 0.242583
553 70121 70123 0.0490674 0.0677315
554 90237 93927 0.0527962 0.0703702
555 93197 96246 0.170961 0.169079
556 97992 97995 0.206546 0.111968
557 158432 158430 0.103163 0.0345273
558 62222 62222 0 0
559 167028 167028 0 0
560 136303 136304 0.0267923 0.0560501
561 169381 169422 0.151095 0.687505
562 167663 167665 0.0629806 0.405346
563 165161 164523 0.037618 0.632334
564 17047 17046 0.164791 0.284546
565 70080 69887 0.0252375 0.00716146
566 147819 147906 0.0335806 0.0754466
567 40579 40578 0.224707 0.00872344
568 46192 46191 0.213036 0.995236
569 56629 56628 0.084056 0.0467016
570 121434 121433 0.112114 0.0847348
571 135017 135386 0.219245 0.170176
572 66494 66455 0.074766 0.0620474
573 165473 166064 0.107857 0.178905
574 78974 78973 0.0151649 0.152768
575 133606 133361 0.0402255 0.10922
576 29740 29743 0.0947478 0.140889
577 54537 50677 0.0404561 0.0796719
578 152095 152095 0 0
579 89056 97607 0.109777 0.00771438
580 62835 62835 0 0
581 137484 137486 0.0114641 0.264196
582 91745 91747 0.115882 0.0436196
583 69909 72378 0.0822825 0.165155
584 148053 148055 0.123053 0.01033
585 118410 118411 0.09329 0.0540939
586 29917 29918 0.0494783 0.0484645
587 10413 10413 0 0
588 38948 38983 0.367704 0.165046
589 7751 8015 0.0480959 0.830628
590 100166 100166 0 0
591 163962 164805 0.0402959 0.138417
592 142617 142616 0.139971 0.0353349
593 96256 96257 0.151868 0.0846951
594 154717 154718 0.670705 0.340684
595 43208 43212 0.0662137 0.0144463
596 43580 43387 0.0432828 0.0472602
597 88197 88199 0.0545797 0.00705914
598 97354 92598 0.0361412 0.131139
599 58951 60797 0.0239188 0.0794925
600 57110 57057 0.113373 0.242417
601 75390 75377 0.188359 0.00835614
602 81799 81798 0.109641 0.0383976
603 87989 85783 0.00434138 0.0425322
604 138803 138804 0.0262812 0.144368
605 117273 117622 0.665303 0.265439
606 92476 98407 0.0242921 0.126015
607 111799 111250 0.184386 0.10081
608 32771 32771 0 0
609 45145 45146 0.0851599 0.110574
610 130914 130914 0 0
611 90432 90429 0.26438 0.0315363
612 86555 86555 0 0
613 17356 17356 0 0
614 94025 94027 0.0556989 0.0635605
615 75229 75229 0 0
616 64050 64051 0.0378367 0.0150484
617 27830 27838 0.100523 0.34249
618 48941 48941 0 0
619 91145 91145 0 0
620 94843 94842 0.0646545 0.126158
621 70313 70312 0.0854816 0.0264518
622 50685 50685 0 0
623 3467 3481 0.0764614 0.494624
624 120068 120068 0 0
625 65947 66750 0.142388 0.044697
626 137771 137771 0 0
627 79356 79356 0 0
628 62430 62431 0.194292 0.0663178
629 87587 87587 0 0
630 64682 60970 0.0350233 0.0610466
631 70082 70083 0.110864 0.0389865
632 3602 3601 0.0705664 0.0637558
633 61917 61918 0.0163399 0.0315617
634 79545 79545 0 0
635 86946 86948 0.148796 0.0956387
636 98244 98242 0.154214 0.197761
637 141945 142369 0.0504238 0.146647
638 18365 18504 0.00470955 0.0542665
639 73177 73079 0.0721916 1.01325
640 85192 85193 0.103785 0.0821833
641 19867 19867 0 0
642 130604 130932 0.00668467 0.144651
643 136771 138043 0.0232791 0.292912
644 129305 129305 0 0
645 100375 100374 0.0579487 0.0567417
646 88774 88774 0 0
647 140487 140488 0.607465 0.109031
648 163325 163882 0.574195 0.125995
649 62570 63603 0.0620866 0.0377432
650 43493 43495 0.0894952 0.0770647
651 28131 28132 0.101356 0.0940032
652 88933 96872 0.0840401 0.156431
653 89089 89089 0 0
654 164943 164943 0 0
655 24907 24906 0.0756324 0.0806736
656 166569 166567 0.143045 0.0221526
657 45165 45166 0.0799134 0.286437
658 92256 92255 0.0641397 0.0384644
659 9643 9643 0 0
660 97546 97548 0.0535869 0.0537328
661 48478 48477 0.0511349 0.0402977
662 37457 37414 0.0482278 0.0387671
663 82114 83555 0.0927781 0.11964
664 63460 63458 0.0265611 0.025504
665 81947 81948 0.00393845 0.06638
666 81879 81881 0.0614139 0.0563654
667 121123 121124 0.0699036 0.0390352
668 2574 2574 0 0
669 30041 30042 0.0638155 0.0573369
670 137276 138267 0.0433205 0.0642995
671 162579 162642 0.0330947 0.732865
672 70076 70080 0.198084 0.095984
673 94888 94891 0.222829 0.00798349
674 73098 73059 0.0237797 0.14527
675 26232 25708 0.0125997 0.0763917
676 156859 156860 0.0777076 0.114812
677 29697 29699 0.0491197 0.0503433
678 40637 40870 0.0360253 0.135769
679 94020 88525 0.0329386 0.0648605
680 51614 51617 0.019357 0.0628548
681 129181 129044 0.213613 0.107282
682 55840 64183 0.0934945 0.0121653
683 45535 45544 0.00977291 0.11791
684 39324 39168 0.107968 0.289164
685 60196 58278 0.258837 0.0157623
686 82101 82102 0.222598 0.0357959
687 1854 1855 0.405351 0.39584
688 44293 43606 0.160912 0.0391828
689 66207 66200 0.0736551 0.182293
690 83263 83673 0.0772208 0.0698286
691 114910 114779 0.0889338 0.0318067
692 61851 61851 0 0
693 8329 8329 0 0
694 87015 87015 0 0
695 43405 42504 0.136112 0.0598116
696 97591 97590 0.01962 0.109868
697 80261 80262 0.0214694 0.85311
698 147554 147554 0 0
699 46885 46885 0 0
700 52127 52126 0.0836888 0.0688348
701 58530 58531 0.0666007 0.0888157
702 149007 149009 0.129773 0.216718
703 157981 157981 0 0
704 29784 29784 0 0
705 45630 52124 0.0783629 0.151897
706 99240 99241 0.0303375 0.129055
707 50073 50063 0.148847 0.0210096
708 75309 75310 0.0528698 0.125785
709 51738 49184 0.00600239 0.023021
710 131754 131754 0 0
711 137744 137745 0.125694 0.0482168
712 9106 9482 0.0176461 0.64632
713 90604 90605 0.088178 0.10893
714 62552 62552 0 0
715 140274 140275 0.00325583 0.294613
716 136878 136878 0 0
717 137948 137949 0.0919542 0.108569
718 89069 91392 0.0513288 0.152197
719 98599 88631 0.0981545 0.0533908
720 46592 46591 0.0388545 0.0587827
721 60282 60282 0 0
722 115500 114538 0.311726 0.0412853
723 77668 77668 0 0
724 82847 82846 0.10909 0.0889739
725 143152 141787 0.138839 0.102671
726 66016 67539 0.0285684 0.0482714
727 21463 21463 0 0
728 75084 74751 0.0882054 0.0978227
729 157741 157750 0.00701239 0.0363697
730 140878 140878 0 0
731 51431 51434 0.047893 0.0599437
732 88938 93787 0.141374 0.0393743
733 83210 83199 0.0594246 0.0246088
734 167040 167041 0.0267293 0.108163
735 83205 81575 0.148114 0.0297289
736 60971 61866 0.0950729 0.129372
737 48373 48370 0.0956526 0.0090114
738 61949 61950 0.0327137 0.134751
739 137942 137942 0 0
740 89258 90385 0.0277536 0.082406
741 94592 94592 0 0
742 26364 26365 0.0991517 0.0275933
743 135247 135248 0.0818082 0.161355
744 91395 91395 0 0
745 80637 86558 0.0490096 0.22514
746 89120 89128 0.041275 0.0369105
747 48786 52760 0.0814839 0.0152845
748 70178 71714 0.0326685 0.293334
749 82731 87320 0.107871 0.18916
750 148484 148485 0.251412 0.244832
751 7579 7580 0.24221 0.598227
752 42764 44262 0.140971 0.138008
753 151636 152754 0.0322454 0.0455032
754 169329 169329 0 0
755 17150 17150 0 0
756 24 159 0.0195297 0.0821872
757 47935 47935 0 0
758 93752 93750 0.12992 0.0776002
759 159183 159184 0.0557424 0.041914
760 1984 2102 0.0996077 0.0636941
761 151405 151405 0 0
762 74552 74547 0.0576285 0.0134863
763 60237 58737 0.0987165 0.0363688
764 55306 55306 0 0
765 156050 156126 0.21512 0.0219707
766 161839 161839 0 0
767 94891 94893 0.00619342 0.0120294
768 124532 124533 0.0353013 0.0844029
769 65954 65966 0.153803 0.00442663
770 97945 97945 0 0
771 25284 25284 0 0
772 137439 138842 0.121531 0.186715
773 81879 81881 0.0955429 0.0222364
774 89288 93716 0.00546404 0.0328934
775 152943 152944 0.221823 0.231596
776 55625 55615 0.0428113 0.0397901
777 89000 89000 0 0
778 18367 18364 0.152436 0.0275128
779 159695 159198 0.126907 0.0211783
780 142416 142416 0 0
781 85248 82810 0.00380167 0.0231902
782 37790 37788 0.111613 0.011931
783 69946 69944 0.173379 0.0453112
784 29094 29095 0.193498 0.0967022
785 80964 80964 0 0
786 89201 89200 0.0741842 0.173132
787 44003 44003 0 0
788 93818 93817 0.0367487 0.0656062
789 148825 148824 0.0996607 0.221816
790 126056 126057 0.135116 0.220341
791 53326 53327 0.0163388 0.102428
792 159192 159414 0.263902 0.380425
793 103583 103582 0.019044 0.378467
794 159313 159313 0 0
795 111998 111547 0.145147 0.00986749
796 63575 63575 0 0
797 49674 49675 0.116229 0.0684283
798 167857 167896 0.112202 0.0133863
799 74192 74189 0.172931 0.0766662
800 136296 136296 0 0
801 32243 32243 0 0
802 93790 91749 0.00233183 0.188729
803 60394 60395 0.0421666 0.152166
804 112860 112860 0 0
805 58774 58774 0 0
806 27482 27482 0 0
807 112443 112424 0.245804 0.036822
808 48056 48057 0.0569802 0.00976917
809 29660 31124 0.239138 0.131933
810 46390 45838 0.569693 0.137439
811 122303 121064 0.305198 0.112152
812 83519 84104 0.0176342 0.053737
813 15292 15293 0.10545 0.147311
814 48832 48828 0.0730045 0.124707
815 94453 89341 0.0808563 0.111765
816 123160 121038 0.102554 0.00397805
817 39170 38965 0.125344 0.185397
818 66035 68567 0.164857 0.0813556
819 75448 77740 0.0237055 0.163631
820 51805 45267 0.249335 0.0281255
821 74189 74190 0.138207 0.0307908
822 15035 15355 0.183423 0.0525801
823 112051 112051 0 0
824 92333 89335 0.142506 0.0428801
825 11250 11251 0.0706894 0.141736
826 53652 53652 0 0
827 145490 145510 0.112969 0.12213
828 62242 62242 0 0
829 143158 141963 0.0736582 0.103397
830 252 252 0 0
831 116580 116580 0 0
832 46365 50696 0.0974509 0.110132
833 55410 55389 0.0368946 0.0802304
834 62440 62440 0 0
835 143426 143425 0.0367657 0.0280707
836 44088 44089 0.0568101 0.0266117
837 112006 112006 0 0
838 17633 17633 0 0
839 87473 87474 0.0824425 0.0442703
840 59913 59127 0.00995306 0.00891097
841 24087 24085 0.00116927 0.18303
842 76212 76057 0.0545391 0.0432355
843 89855 89855 0 0
844 32451 32450 0.152545 0.0577063
845 60999 62236 0.0291847 0.0525379
846 132900 132900 0 0
847 55781 55769 0.0338348 0.0127977
848 166285 166284 0.0424139 0.167931
849 98909 98910 0.12431 0.192087
850 85791 79001 0.180204 0.247844
851 155203 155203 0 0
852 67781 67780 0.0165453 0.215158
853 101344 101344 0 0
854 67010 67009 0.0265883 0.0667272
855 71792 71797 0.0665075 0.0163657
856 448 448 0 0
857 167622 167616 0.0373748 0.158496
858 65403 65404 0.0125003 0.0224131
859 164836 164836 0 0
860 88858 88908 0.0576874 0.26412
861 49684 49687 0.0285125 0.0390487
862 7902 7900 0.09167 0.04386
863 75138 75139 0.0366118 0.0532878
864 136850 136850 0 0
865 79350 79349 0.0568612 0.27607
866 88871 88871 0 0
867 96845 96846 0.0631188 0.107596
868 7999 7999 0 0
869 74398 74399 0.0443787 0.129191
870 85366 85366 0 0
871 71706 70114 0.0739868 0.147836
872 13730 13730 0 0
873 120356 120372 0.0467201 0.0897495
874 155157 155157 0 0
875 61530 61530 0 0
876 84307 84307 0 0
877 49138 49141 0.00874383 0.0756938
878 111838 111924 0.00806694 0.215347
879 58959 61927 0.0861064 0.114085
880 31783 31787 0.0101568 0.0242835
881 34874 34875 0.0936143 0.127603
882 169945 169947 0.120304 0.0569891
883 84454 84454 0 0
884 57971 57971 0 0
885 137398 137398 0 0
886 111104 111471 0.0244404 0.0405594
887 81423 81424 0.073578 0.101693
888 141896 142701 0.119723 0.117147
889 97307 97308 0.0674494 0.0373464
890 33468 33468 0 0
891 80770 82797 0.130455 0.0287283
892 85432 82936 0.120781 0.036496
893 43157 43156 0.00463612 0.216927
894 85342 85343 0.00736533 0.115202
895 76831 76809 0.266887 0.0623473
896 24541 24540 0.390925 0.182948
897 102707 102707 0 0
898 120024 120022 0.0360148 0.022353
899 161314 161315 0.317662 0.0315291
900 80809 87672 0.0178678 0.0133058
901 69889 69888 0.267296 0.125584
902 11326 11322 0.21014 0.0083198
903 37488 36669 0.264817 0.0645433
904 87241 87240 0.0377854 0.00245253
905 170519 170520 0.0521524 0.0344655
906 115573 115573 0 0
907 127767 127764 0.205427 0.0165887
908 92250 92251 0.0247024 0.0302551
909 115588 115588 0 0
910 93582 93581 0.0459093 0.0586733
911 79527 84200 0.104516 0.00815051
912 72668 72179 0.0700519 0.0327906
913 166511 166511 0 0
914 77738 77736 0.169409 0.0497797
915 157898 157897 0.0644527 0.0691903
916 70033 70032 0.189881 0.268986
917 78532 78541 0.023737 0.283008
918 136937 136943 0.272331 0.087285
919 90529 90529 0 0
920 79649 78621 0.191618 0.0700274
921 51649 44975 0.103334 0.110291
922 139253 139253 0 0
923 138727 138174 0.00304133 0.090179
924 97510 98634 0.0501766 0.100054
925 157460 156528 0.036839 0.0837555
926 42980 42982 0.0618657 0.0547243
927 1332 1246 0.0711184 0.359938
928 92620 92618 0.0334226 0.0734035
929 15100 15094 0.00584776 0.00350866
930 2614 2377 0.025553 0.079888
931 117144 119089 0.119032 0.385216
932 87 87 0 0
933 121148 121149 0.116356 0.199832
934 111283 111283 0 0
935 49684 49687 0.0570468 0.0105144
936 74671 74669 0.217833 0.0227353
937 51653 51653 0 0
938 96658 96658 0 0
939 60363 60364 0.11813 0.0252123
940 58978 58978 0 0
941 1137 1139 0.157567 0.8684
942 141790 141790 0 0
943 71198 71198 0 0
944 86106 86090 0.0749146 0.00724042
945 82117 79273 0.194128 0.345579
946 10128 10129 0.114307 0.165509
947 57861 57861 0 0
948 94460 91225 0.037302 0.0980846
949 116365 116367 0.0349143 0.0756686
950 49154 50775 0.095926 0.00519264
951 70475 70476 0.0232824 0.0748186
952 28623 28623 0 0
953 76177 76169 0.0430547 0.0643002
954 3842 3837 0.0531944 0.00349761
955 71167 70014 0.114591 0.296348
956 89042 89042 0 0
957 131912 131912 0 0
958 256 256 0 0
959 55788 55789 0.0933911 0.0178908
960 91705 91706 0.0328829 0.0810159
961 52759 54146 0.0175265 0.0434025
962 49120 48159 0.0467312 0.0209991
963 92840 92839 0.105433 0.0780396
964 147147 147125 0.0454136 0.0962524
965 149945 150186 0.208816 0.0664114
966 64293 64294 0.0841369 0.0353555
967 97106 92235 0.0269918 0.109193
968 101335 101334 0.0290012 0.00780814
969 138267 137796 0.21369 0.105224
970 96911 96910 0.0356574 0.0500824
971 35350 35352 0.0222483 0.0749326
972 68825 68828 0.134954 0.152415
973 88078 88078 0 0
974 66294 66295 0.904112 0.0279926
975 81671 81673 0.630747 0.122531
976 91302 92733 0.112808 0.0941577
977 138945 138947 0.0188614 0.352351
978 83577 83577 0 0
979 86233 86235 0.0369606 0.0327057
980 65335 55839 0.0572043 0.146513
981 30952 30960 0.0528707 0.089496
982 88880 89376 0.0612634 0.163548
983 14893 14397 0.0491924 0.107365
984 89086 89087 0.118602 0.0572408
985 62972 62971 0.00480572 0.0789887
986 141006 141311 0.18396 0.41635
987 138785 138785 0 0
988 88205 88205 0 0
989 72561 71041 0.186731 0.0937126
990 143268 142790 0.0143125 0.0533325
991 89356 89357 0.0360688 0.0387546
992 69783 70771 0.00646283 0.396401
993 89239 89263 0.0803018 0.0592465
994 82967 83504 0.0874352 0.00687075
995 81556 81556 0 0
996 170107 170108 0.108275 0.22703
997 53735 53738 0.0174153 0.0271032
998 31414 33654 0.0705473 0.178314
999 166208 166343 0.113265 0.145368
1000 94708 94709 0.0260483 0.120602
1001 70034 70032 0.0504067 0.368669
1002 70831 70836 0.0224479 0.219435
1003 89283 89280 0.0467264 0.0585556
1004 24915 24907 0.0102645 0.277635
1005 88983 89027 0.0374902 0.233837
1006 51492 51493 0.010744 0.0869703
1007 75663 76409 0.236725 0.0314855
1008 162313 162307 0.0862405 0.113406
1009 95210 95206 0.0128848 0.0595655
1010 28385 28385 0 0
1011 162464 162505 0.129355 0.522366
1012 30558 30558 0 0
1013 2666 2666 0 0
1014 55712 55743 0.00613568 0.263148
1015 82531 82537 0.0408353 0.0618723
1016 45145 46900 0.0524926 0.0880512
1017 137158 136981 0.153484 0.0500164
1018 46261 46261 0 0
1019 134404 133136 0.823605 0.0232652
1020 141628 141629 0.618023 0.267034
1021 141911 141910 0.629391 0.100102
1022 62236 60999 0.0525379 0.0291847
1023 52715 52708 0.209887 0.200735
1024 90725 90725 0 0
1025 130314 130315 0.0197021 0.171004
1026 62558 63621 0.0424103 0.0467462
1027 110912 110971 0.230897 0.0232145
1028 142794 142043 0.360483 0.0600822
1029 33466 33465 0.0248759 0.0518342
1030 78038 78036 0.0781732 0.111118
1031 58472 64665 0.050861 0.0447358
1032 109306 109308 0.00672819 1.02682
1033 94873 94872 0.0365029 0.0654499
1034 82557 82555 0.00950417 0.0658101
1035 153785 153786 0.142068 0.0256262
1036 137515 137518 0.218753 0.0213224
1037 98844 92332 0.0472179 0.0924645
1038 34690 34874 0.0703022 0.110244
1039 89720 88825 0.0851143 0.128261
1040 87263 82691 0.0408813 0.0525356
1041 93991 89521 0.0507293 0.150615
1042 137639 137640 0.0768589 0.100121
1043 27335 27335 0 0
1044 19507 19506 0.0852701 0.0816883
1045 74188 74188 0 0
1046 96911 96910 0.0309853 0.0547546
1047 144415 144416 0.147515 0.141432
1048 88672 88671 0.148252 0.134205
1049 48823 45154 0.00163133 0.0397717
1050 110509 110511 0.0224288 0.286274
1051 140794 140801 0.195232 0.146766
1052 61832 58946 0.0304133 0.087611
1053 166656 166658 0.285767 0.0868024
1054 169965 169966 0.073331 0.790795
1055 1606 1606 0 0
1056 43212 43208 0.0144463 0.0662137
1057 93867 93866 0.0350368 0.226095
1058 143290 143076 0.526538 0.339416
1059 93909 88869 0.0467605 0.0125455
1060 74619 74972 0.00122632 0.17063
1061 60227 65364 0.0981527 0.0463691
1062 70118 70118 0 0
1063 3211 3213 0.159775 0.0490064
1064 74190 74189 0.0258486 0.143149
1065 72528 70749 0.0654899 0.0128251
1066 67330 67330 0 0
1067 92817 92816 0.0629008 0.0027831
1068 17517 17516 0.0791117 0.0999496
1069 17808 17807 0.22605 0.0429866
1070 137026 137191 0.215388 0.272696
1071 87030 87031 0.0658793 0.0277503
1072 49814 49813 0.041471 0.0555652
1073 122643 121805 0.0166959 0.0745844
1074 18364 18367 0.0275128 0.152436
1075 70723 69775 0.338703 0.157922
1076 3885 3884 0.128107 0.157269
1077 116844 116845 0.0393611 0.0788442
1078 56235 56234 0.122628 0.0339694
1079 40269 40271 0.217438 0.117968
1080 129075 129075 0 0
1081 63693 63691 0.0362965 0.026687
1082 42686 42685 0.0587148 0.267605
1083 96775 96776 0.0493399 0.0231386
1084 72923 69700 0.111371 0.0304826
1085 42979 42979 0 0
1086 89356 89357 0.0320229 0.0428005
1087 55782 60328 0.125682 0.0242471
1088 43780 41556 0.0569445 0.173887
1089 80656 80656 0 0
1090 159646 159645 0.151032 0.0821532
1091 91356 91355 0.0563146 0.0397111
1092 142019 142019 0 0
1093 43866 43868 0.157147 0.190258
1094 129962 129969 0.388162 0.0461734
1095 92944 92944 0 0
1096 84553 81337 0.0271953 0.0923469
1097 34024 34025 0.130667 0.00350514
1098 111121 111120 0.0861814 0.0709036
1099 41403 41404 0.109547 0.191334
1100 56322 56345 0.0514213 0.091464
1101 125023 125021 0.0238948 0.0169402
1102 64152 57196 0.0835062 0.0640692
1103 90606 90606 0 0
1104 164795 164795 0 0
1105 95274 94054 0.0305895 0.0874381
1106 93866 93867 0.24129 0.0198422
1107 76452 76455 0.0823538 0.034318
1108 143064 143289 0.0950443 0.457667
1109 89011 89011 0 0
1110 77143 77143 0 0
1111 81579 81579 0 0
1112 58717 55372 0.0535311 0.00879994
1113 124859 124858 0.00699252 0.0316345
1114 142351 142351 0 0
1115 141133 141130 0.0308097 0.178316
1116 34534 34533 0.401838 0.0366547
1117 29442 27485 0.0397576 0.153836
1118 47995 47994 0.0349593 0.0302298
1119 48801 48803 0.0560107 0.046679
1120 78220 78228 0.0585921 0.628848
1121 100094 100094 0 0
1122 59335 59336 0.115839 0.0761692
1123 119110 119111 0.0485846 0.002281
1124 130608 130617 0.0706368 0.260644
1125 56460 55793 0.0956977 0.0827298
1126 75282 75283 0.123213 0.00906744
1127 31878 31878 0 0
1128 34197 34196 0.193304 0.0841269
1129 3603 3602 0.0170003 0.0661005
1130 78872 78871 0.160434 0.0139302
1131 88714 88715 0.147133 0.0414382
1132 76799 76797 0.157964 0.044576
1133 141247 141247 0 0
1134 46415 46419 0.0331742 0.19595
1135 75147 74679 0.112966 0.0402084
1136 80099 80099 0 0
1137 20503 20081 0.163133 0.133833
1138 165279 165277 0.146552 0.00430844
1139 95493 98240 0.12082 0.0903425
1140 63872 63873 0.0850183 0.0258258
1141 31345 31344 0.00978754 0.223629
1142 136943 136937 0.087285 0.272331
1143 99214 99214 0 0
1144 81671 81673 0.632663 0.120615
1145 100865 101069 0.0512864 0.0573097
1146 56249 56249 0 0
1147 78309 78965 0.158889 0.0186739
1148 11250 11249 0.0527099 0.0247064
1149 112035 111122 0.171276 0.10161
1150 155157 155156 0.0144928 0.284983
1151 131231 131571 0.102135 0.131327
1152 65906 68481 0.0513697 0.00350162
1153 111306 111306 0 0
1154 44001 43996 0.0468186 0.0634985
1155 93548 97757 0.00361477 0.0519933
1156 167061 167059 0.0912918 0.331959
1157 152354 153045 0.13189 0.0798664
1158 94000 89371 0.0748466 0.00245294
1159 133959 133959 0 0
1160 75428 75428 0 0
1161 51617 51614 0.0658783 0.0163334
1162 122177 122178 0.108459 0.00546319
1163 55571 55569 0.0478476 0.0408499
1164 28464 28463 0.067702 0.0368618
1165 76644 76645 0.0146051 0.584439
1166 121472 121472 0 0
1167 116518 116521 0.00507736 0.0054481
1168 95434 88692 0.0688929 0.435755
1169 142039 142041 0.0729389 0.0952552
1170 154362 154363 0.188061 0.0614112
1171 4033 4034 0.214578 0.355635
1172 76689 76499 0.0326759 0.197234
1173 74425 76776 0.024397 0.14676
1174 54869 55942 0.147227 0.014688
1175 16329 16330 0.0693457 0.0218504
1176 45714 45711 0.194999 0.00521678
1177 31827 33916 0.076489 0.148671
1178 53648 53649 0.00788241 0.0923903
1179 54318 54316 0.00995297 0.0547778
1180 154940 154940 0 0
1181 111745 111747 0.113788 0.100058
1182 32906 35409 0.0498504 0.0659831
1183 146801 146801 0 0
1184 98150 98151 0.0184525 0.0396442
1185 138816 136926 0.249813 0.1389
1186 17469 16855 0.202481 0.0327609
1187 162307 162313 0.113406 0.0862405
1188 61324 61325 0.00261917 0.070144
1189 83695 83696 0.0361237 0.158466
1190 94387 94387 0 0
1191 154363 154362 0.0614112 0.188061
1192 71875 71875 0 0
1193 8626 8626 0 0
1194 50560 50560 0 0
1195 91577 92427 0.110749 0.0163099
1196 15539 15539 0 0
1197 31124 29660 0.156709 0.214362
1198 15679 16303 0.0798472 0.00872943
1199 9480 9105 0.152829 0.240464
1200 31614 32216 0.139358 0.0757578
1201 21578 21576 0.100362 0.0257313
1202 74495 74496 0.24633 0.566219
1203 98970 95162 0.0493294 0.120746
1204 168278 168237 0.247838 0.0626749
1205 96845 88732 0.0536234 0.0477963
1206 54993 54983 0.0125996 0.23857
1207 124765 124765 0 0
1208 59319 55839 0.0280065 0.0525065
1209 34317 34318 0.04357 0.00839535
1210 88986 88993 0.0420039 0.0286977
1211 103958 103957 0.0117852 0.109494
1212 89235 89235 0 0
1213 89013 89013 0 0
1214 34874 34690 0.110244 0.0703022
1215 52688 49072 0.00375113 0.143147
1216 138817 138425 0.00348769 0.110523
1217 137131 137128 0.036629 0.0419705
1218 93645 93645 0 0
1219 115624 115250 0.178022 0.348574
1220 88919 93863 0.0497466 0.00315165
1221 137341 138932 0.0398097 0.214965
1222 164797 164796 0.276501 0.0437346
1223 88199 88198 0.0129257 0.123069
1224 89569 89382 0.176466 0.0220805
1225 98673 92186 0.0354387 0.0570318
1226 93804 93806 0.0110863 0.0974993
1227 80856 80857 0.0199884 0.0994804
1228 46739 47326 0.0603803 0.136186
1229 25418 25416 0.0509959 0.0585457
1230 91242 92609 0.0175265 0.0548021
1231 9682 9664 0.469937 0.176082
1232 89120 89128 0.0541762 0.0240093
1233 83663 83185 0.114387 0.154714
1234 131475 131475 0 0
1235 88084 88084 0 0
1236 47444 47445 0.0387893 0.0490642
1237 136943 136937 0.10939 0.250225
1238 74396 74395 0.0125266 0.333943
1239 45502 45502 0 0
1240 76222 76550 0.0103465 0.173321
1241 16640 18296 0.123328 0.0712256
1242 76809 76809 0 0
1243 1375 1376 0.0691392 0.0316442
1244 48589 48588 0.0125801 0.140012
1245 40557 40556 0.120002 0.178134
1246 61909 61910 0.10732 0.0711007
1247 56080 55276 0.13113 0.287123
1248 49908 49908 0 0
1249 55498 60398 0.13401 0.0228398
1250 63608 63607 0.0216897 0.0425114
1251 134958 134828 0.396781 0.156128
1252 69946 69944 0.172619 0.0460715
1253 168074 168068 0.367659 0.313011
1254 41446 41951 0.19718 0.0513036
1255 131896 131895 0.0840962 0.130911
1256 1390 1389 0.173518 0.648185
1257 6587 6586 0.309771 0.0809579
1258 111924 111838 0.0273964 0.196018
1259 164523 165161 0.104629 0.565323
1260 142797 143161 0.0998423 0.0351195
1261 72937 72937 0 0
1262 113518 113519 0.15741 0.223182
1263 70121 70123 0.0771058 0.039693
1264 125519 125568 0.038824 0.0628506
1265 133979 133978 0.22201 0.1041
1266 98056 98056 0 0
1267 29699 29697 0.0503433 0.0491197
1268 51043 84530 0.00190083 0.0133058
1269 122268 122266 0.103344 0.0426158
1270 116745 115913 0.0411492 0.0792594
1271 72712 72574 0.0155267 0.0256962
1272 45315 54318 0.0368086 0.0262204
1273 112578 112467 0.456515 0.114829
1274 28904 28905 0.0485524 0.274871
1275 14637 14640 0.0748892 0.0784662
1276 31476 31476 0 0
1277 47246 47245 0.144701 0.234295
1278 100587 100585 0.0406933 0.0798084
1279 52495 52495 0 0
1280 116383 116383 0 0
1281 114755 114755 0 0
1282 55929 59368 0.0114999 0.00708325
1283 154379 154378 0.0133678 0.0768113
1284 48005 48005 0 0
1285 50473 50471 0.22636 0.147177
1286 88908 88909 0.0821896 0.121878
1287 136849 136849 0 0
1288 45316 45316 0 0
1289 65271 58712 0.0121906 0.242189
1290 89348 88933 0.104989 0.0274718
1291 124373 124373 0 0
1292 16676 17980 0.276035 0.0821389
1293 40313 40308 0.0034215 0.00653168
1294 77170 77170 0 0
1295 49644 49311 0.0201826 0.222926
1296 82117 86450 0.0656764 0.186282
1297 33131 31778 0.107646 0.113327
1298 97211 97211 0 0
1299 91265 91266 0.0298946 0.0499651
1300 89799 90652 0.294802 0.00761878
1301 110973 110973 0 0
1302 2666 2667 0.0598047 0.309204
1303 60194 60195 0.0186658 0.133127
1304 132962 134416 0.282507 0.0955261
1305 158340 156315 0.00852999 0.0134384
1306 63037 63043 0.00589672 0.0311737
1307 96845 96846 0.0510226 0.119692
1308 18294 18293 0.030793 0.0426012
1309 50872 45054 0.0422388 0.145669
1310 87885 87885 0 0
1311 49687 49684 0.0390487 0.0285125
1312 42475 43430 0.976759 0.161841
1313 64102 64103 0.0793913 0.0416616
1314 49681 49682 0.00505414 0.0637934
1315 18400 18396 0.072964 0.0376282
1316 93947 90101 0.0494598 0.0106447
1317 21735 21736 0.0583632 0.132491
1318 76396 77174 0.0104959 0.228797
1319 169300 169261 0.20397 0.222425
1320 88665 96328 0.0933648 0.17501
1321 7423 7884 0.0205624 0.140294
1322 39043 39043 0 0
1323 108655 108654 0.210822 0.174597
1324 41058 40862 0.113089 0.276574
1325 84285 83778 0.00259012 0.132334
1326 17463 17464 0.162983 0.17473
1327 60394 60395 0.0332342 0.161098
1328 77740 75448 0.163631 0.0237055
1329 133978 133979 0.321446 0.00466409
1330 104302 104514 0.212216 0.215807
1331 82635 82630 0.113855 0.0058309
1332 57245 57246 0.224079 0.00139234
1333 46738 46739 0.116368 0.0302182
1334 89262 89302 0.0559938 0.182262
1335 61584 61584 0 0
1336 4790 5052 0.042189 0.0314668
1337 65586 65587 0.113583 0.0595187
1338 49604 49604 0 0
1339 145216 145892 0.0383233 0.891487
1340 3057 3247 0.244676 0.0665861
1341 142128 142126 0.127556 0.0423006
1342 53193 53193 0 0
1343 120759 120759 0 0
1344 51292 51292 0 0
1345 160048 160047 0.343179 0.492874
1346 7354 7354 0 0
1347 65329 64151 0.0787695 0.0391543
1348 31560 31559 0.0900172 0.114975
1349 139827 139828 0.06492 0.196012
1350 57897 57897 0 0
1351 27693 17852 0.587155 0.0669532
1352 30365 29889 0.0525758 0.110673
1353 49120 49120 0 0
1354 95952 95952 0 0
1355 83697 83697 0 0
1356 89150 89137 0.209873 0.0259282
1357 61087 64614 0.0198435 0.0807107
1358 80845 80846 0.0703893 0.0671407
1359 93583 93582 0.0454518 0.0396198
1360 67171 67172 0.10877 0.0863329
1361 18289 18288 0.002281 0.458072
1362 60510 64907 0.0216899 0.022792
1363 58765 58762 0.0985143 0.0103993
1364 83091 83094 0.0118426 0.0874902
1365 44480 44481 0.0965361 0.0214253
1366 71903 71111 0.268477 0.203116
1367 87182 84920 0.00868252 0.111222
1368 162317 162317 0 0
1369 29957 27118 0.00350517 0.435647
1370 71805 71805 0 0
1371 9587 9588 0.690553 0.0118064
1372 62453 62452 0.2149 0.0388271
1373 87440 87440 0 0
1374 1379 1217 0.146291 0.256351
1375 96910 96911 0.0547546 0.0309853
1376 36484 36484 0 0
1377 82525 82524 0.0799294 0.0630946
1378 78625 86164 0.0607965 0.0116407
1379 20115 20353 0.0117004 0.200179
1380 164181 164180 0.54643 0.186416
1381 53241 50234 0.0371151 0.0812301
1382 7458 7458 0 0
1383 35807 37029 0.0130597 0.170994
1384 137757 137217 0.181151 0.0322738
1385 47915 47914 0.0767455 0.037011
1386 58769 60041 0.115738 0.0187266
1387 53172 53172 0 0
1388 85472 85473 0.133295 0.131277
1389 151941 151942 0.0442858 0.0435178
1390 122391 122434 0.0258776 0.0501955
1391 95162 98970 0.120746 0.0493294
1392 58820 62448 0.0212566 0.00414172
1393 157927 156962 0.0966079 0.0444801
1394 146367 146367 0 0
1395 146192 146391 0.26839 0.126775
1396 53201 45651 0.0570964 0.0495456
1397 87241 87241 0 0
1398 37836 37084 0.0415342 0.150678
1399 58774 64802 0.061343 0.0576999
1400 16932 16933 0.295454 0.0468048
1401 1327 1328 0.468515 0.238186
1402 75122 75123 0.16789 0.00652015
1403 101294 101437 0.363663 0.130445
1404 141211 141212 0.279748 0.0145543
1405 80705 86371 0.014049 0.052517
1406 76624 76718 0.0291973 0.0290065
1407 19260 18775 0.292714 0.510602
1408 9442 9344 0.14794 0.320346
1409 83705 83705 0 0
1410 90438 89262 0.19954 0.0193977
1411 89268 93599 0.1108 0.0291588
1412 118428 118451 0.114602 0.0835073
1413 83891 85602 0.00581057 0.0962959
1414 3182 3209 0.136008 0.190144
1415 70997 70995 0.0446265 0.18586
1416 41400 41654 0.0167576 0.0024539
1417 96925 96926 0.091114 0.155044
1418 87583 87584 0.0284327 0.231557
1419 7501 7502 0.217014 0.0877985
1420 46738 46739 0.109794 0.0367917
1421 111581 111582 0.0193226 0.0163399
1422 69896 71706 0.0249574 0.128602
1423 86242 86243 0.0749549 0.0272448
1424 90486 91885 0.0549362 0.0198296
1425 58775 58775 0 0
1426 78835 78836 0.0772726 0.00438213
1427 87009 87010 0.0461167 0.0217008
1428 9063 8894 0.149991 0.0210837
1429 59347 59349 0.228961 0.116889
1430 12888 12887 0.0348197 0.0811944
1431 163325 163558 0.164529 0.24096
1432 28456 28456 0 0
1433 88782 88756 0.068074 0.0444705
1434 13511 13511 0 0
1435 154951 155036 0.199491 0.0997067
1436 114325 114325 0 0
1437 143010 143009 0.0079232 0.00874383
1438 160703 160567 0.0205575 0.270556
1439 59043 59043 0 0
1440 118350 118350 0 0
1441 4059 4060 0.282681 0.0171448
1442 147210 147603 0.0942864 0.371652
1443 69918 69918 0 0
1444 54537 50677 0.0357285 0.0843996
1445 74739 74739 0 0
1446 55185 60614 0.130701 0.188892
1447 164510 164509 0.108279 0.386672
1448 57984 57740 0.0892322 0.0153011
1449 14355 14361 0.060036 0.0512236
1450 28489 27071 0.173762 0.0401899
1451 18426 18428 0.0520891 0.0671907
1452 35796 35797 0.0467917 0.0642817
1453 36554 37191 0.0388391 0.107577
1454 139946 139945 0.065109 0.132287
1455 121369 120596 0.14566 0.0152067
1456 141024 141024 0 0
1457 66458 66457 0.0563356 0.59614
1458 60049 60049 0 0
1459 66374 65787 0.221798 0.543874
1460 50223 50223 0 0
1461 125011 125012 0.109653 0.163393
1462 59212 56196 0.143708 0.0870847
1463 77381 77381 0 0
1464 88720 88721 0.035955 0.147478
1465 45145 45145 0 0
1466 66316 66315 0.246192 0.238961
1467 3850 3795 0.164665 0.185713
1468 129568 129794 0.0337141 0.0699664
1469 62036 62037 0.172161 0.142571
1470 77451 77452 0.0761048 0.0463955
1471 54280 54279 0.089253 0.0979898
1472 24932 24933 0.06326 0.0576853
1473 121859 121859 0 0
1474 10662 10654 0.10636 0.14702
1475 58692 58692 0 0
1476 152444 151635 0.0399891 0.0256706
1477 15716 15716 0 0
1478 93110 98607 0.0462889 0.016876
1479 15596 15801 0.128793 0.277621
1480 124783 124781 0.0422989 0.171247
1481 97812 97812 0 0
1482 164180 164181 0.0612678 0.671578
1483 88010 88011 0.0865283 0.0815183
1484 85745 85744 0.0921393 0.107015
1485 35860 36181 0.251206 0.0114839
1486 82973 78304 0.113222 0.372108
1487 66315 66316 0.06186 0.423293
1488 142190 142191 0.125886 0.375921
1489 88683 88676 0.176709 0.118967
1490 119071 119070 0.0454686 0.0210736
1491 6780 6570 0.0326527 0.057996
1492 42477 42456 0.111529 0.0720805
1493 129904 129905 0.339019 0.0697567
1494 137864 137861 0.208506 0.0623811
1495 166792 166775 0.0615803 0.0946128
1496 101066 101066 0 0
1497 79208 81364 0.345846 0.0970549
1498 88908 88858 0.231685 0.0901221
1499 76555 76556 0.0198763 0.011182
1500 74575 74577 0.144891 0.247002
1501 95370 95370 0 0
1502 134243 134243 0 0
1503 115477 115855 0.236023 0.223621
1504 90206 95167 0.0351665 0.0699477
1505 55983 61826 0.0723836 0.110908
1506 64589 60053 0.0754419 0.0715241
1507 63742 63740 0.133958 0.0233525
1508 162910 162911 0.0608184 0.124522
1509 164986 164993 0.0687833 0.0454205
1510 96357 92574 0.0510336 0.0478335
1511 156544 157460 0.442693 0.0556742
1512 88673 88673 0 0
1513 88956 88965 0.0990629 0.0899259
1514 50374 50374 0 0
1515 51365 51372 0.0672258 0.165777
1516 89364 88935 0.0562647 0.163858
1517 113467 113981 0.544865 0.016983
1518 83430 83430 0 0
1519 89529 96282 0.15758 0.0506908
1520 28495 29350 0.101424 0.215255
1521 164044 164899 0.0986978 0.0583111
1522 30002 30000 0.0590706 0.0943971
1523 42024 44382 0.164665 0.0646283
1524 90791 89084 0.0501455 0.394322
1525 29516 29517 0.151243 0.0125436
1526 34567 32076 0.03798 0.0496019
1527 17472 17470 0.0269236 0.0624367
1528 60394 60395 0.0493878 0.144945
1529 15345 15348 0.0749603 0.185165
1530 28286 28286 0 0
1531 58531 58530 0.0888157 0.0666007
1532 3068 3073 0.120288 0.0291044
1533 14161 14726 0.120568 0.00902631
1534 42843 42843 0 0
1535 127900 127898 0.0342933 0.0891985
1536 92711 92711 0 0
1537 92566 92565 0.0583356 0.104037
1538 13796 13894 0.0779983 1.16656
1539 77537 77537 0 0
1540 142200 142200 0 0
1541 74359 74647 0.0599755 0.0380064
1542 56031 56032 0.148159 0.335854
1543 48827 48827 0 0
1544 126546 126546 0 0
1545 23905 23905 0 0
1546 69743 69744 0.101004 0.0105598
1547 98901 98902 0.0954883 0.0993233
1548 68536 68537 0.0510148 0.0184905
1549 140878 140506 0.0117332 0.336925
1550 45371 45110 0.0513688 0.0813774
1551 126353 126353 0 0
1552 81039 82061 0.00954597 0.00979556
1553 15540 15540 0 0
1554 60966 60967 0.133763 0.146325
1555 88009 78792 0.0832319 0.0409453
1556 85264 85264 0 0
1557 55058 57849 0.144598 0.0373294
1558 89300 88397 0.0901674 0.0493786
1559 93742 91742 0.0763806 0.0386384
1560 89092 88420 0.0851231 0.0314859
1561 45274 49182 0.00358161 0.0160805
1562 29958 27119 0.329971 0.0412272
1563 158546 158542 0.174283 0.95464
1564 98631 98631 0 0
1565 61386 61386 0 0
1566 52546 52546 0 0
1567 9664 9682 0.176082 0.469937
1568 63835 59441 0.113093 0.022817
1569 57566 56135 0.237408 0.0326931
1570 49890 49889 0.0544714 0.100669
1571 94374 94365 0.0159065 0.0455413
1572 48419 53401 0.218196 0.184324
1573 14629 14640 0.0799788 0.0649664
1574 54887 56717 0.00646283 0.16115
1575 84693 84692 0.107569 0.0271425
1576 87527 87527 0 0
1577 27166 27166 0 0
1578 140884 140885 0.345135 0.116444
1579 50018 50019 0.0502201 0.044215
1580 101665 101665 0 0
1581 111094 111458 0.057978 0.165202
1582 134272 134270 0.604267 0.127755
1583 46608 46609 0.0922409 0.0160485
1584 27363 27362 0.0102028 0.129133
1585 54318 54319 0.002281 0.0979855
1586 81507 81508 0.141238 0.0216695
1587 75122 75123 0.141421 0.0329888
1588 46609 45289 0.0205347 0.0636248
1589 45197 45178 0.133824 0.0407394
1590 162560 162577 0.155344 0.257045
1591 66213 66214 0.0140423 0.139333
1592 16658 16864 0.073763 0.110966
1593 129983 129976 0.0764769 0.149596
1594 138061 138016 0.0947819 0.0476955
1595 55905 55905 0 0
1596 47700 48320 0.0701113 0.136528
1597 16990 16983 0.195369 0.188553
1598 45110 45372 0.00676925 0.0456095
1599 93332 93332 0 0
1600 101422 68057 0.35485 0.159333
1601 129079 129077 0.0274514 0.0378605
1602 132881 132881 0 0
1603 80534 80532 0.100659 0.211652
1604 64875 62601 0.0895858 0.026259
1605 94645 94646 0.0191315 0.0128283
1606 3441 3208 0.36828 0.0821162
1607 84972 84961 0.0754553 0.0546624
1608 121334 121333 0.0326474 0.448281
1609 75491 77406 0.0299109 0.0806605
1610 62382 59164 0.00266117 0.164965
1611 20807 20809 0.090958 0.0262325
1612 93866 93867 0.226097 0.0350348
1613 30375 29022 0.0950616 0.0276173
1614 120991 120822 0.236669 0.0159496
1615 55050 56897 0.0728511 0.0560248
1616 17610 16743 0.00507867 0.0202575
1617 84200 94949 0.0881867 0.0952735
1618 150207 149789 0.0661989 0.2741
1619 47245 47246 0.234295 0.144701
1620 89356 89357 0.0216695 0.0531539
1621 145475 145298 0.366171 0.232426
1622 71163 71162 0.703637 0.00456202
1623 82556 82555 0.00139196 0.112709
1624 81102 83407 0.0370962 0.0983182
1625 71301 71303 0.0605195 0.0642126
1626 71041 72561 0.0937126 0.186731
1627 57792 57839 0.391733 0.646301
1628 92186 98673 0.0692335 0.023237
1629 18699 18699 0 0
1630 15979 14673 0.00139527 0.00955025
1631 55922 55921 0.0390578 0.0356388
1632 82970 88199 0.25997 0.0186737
1633 87583 87584 0.0745403 0.185449
1634 51776 51774 0.154746 0.047901
1635 2613 2606 0.0293782 0.116617
1636 2206 2206 0 0
1637 121560 122771 0.117582 0.0221096
1638 17932 17930 0.0810093 0.0707207
1639 152431 155694 0.0115731 0.0844788
1640 94709 94708 0.120602 0.0260483
1641 130391 130391 0 0
1642 76776 76779 0.125409 0.0481509
1643 115444 115444 0 0
1644 29660 31124 0.0518384 0.319232
1645 90146 90146 0 0
1646 72678 69689 0.286818 0.220742
1647 60770 60770 0 0
1648 125340 124595 0.105936 0.00552887
1649 126233 124265 0.0618953 1.10147
1650 30652 30651 0.0446458 0.130697
1651 54655 48496 0.0220497 0.0628447
1652 120959 120960 0.0314483 0.39835
1653 164899 164044 0.00619276 0.150816
1654 151405 151605 0.0162391 0.186699
1655 132604 131951 0.004562 0.0452198
1656 121097 121493 0.093521 0.210232
1657 31029 29470 0.111061 0.153187
1658 87299 82895 0.149428 0.0478238
1659 162003 162002 0.244024 0.0926643
1660 56463 56630 0.0747262 0.0550497
1661 49333 49339 0.28028 0.001393
1662 83776 83775 0.0525617 0.0490502
1663 167656 167657 0.0566673 0.208328
1664 96120 96120 0 0
1665 102354 102305 0.165183 0.0419893
1666 132512 132511 0.172072 0.441613
1667 2666 2071 0.177788 0.0852297
1668 93274 93291 0.137725 0.141859
1669 4336 4212 0.00819089 0.0301828
1670 87528 83684 0.068861 0.141119
1671 94009 89343 0.183536 0.0947231
1672 86025 86028 0.00116522 0.103645
1673 89239 89263 0.0913783 0.0481699
1674 153273 153273 0 0
1675 138932 137341 0.214965 0.0398097
1676 48817 52778 0.109654 0.0291879
1677 75285 75284 0.0574837 0.0109231
1678 163927 163926 0.328643 0.189009
1679 93455 93455 0 0
1680 94864 94950 0.0256999 0.0890238
1681 64891 64891 0 0
1682 73083 73037 0.0443832 0.155967
1683 11408 11408 0 0
1684 53729 53729 0 0
1685 146062 146062 0 0
1686 21150 20514 0.496231 0.00456202
1687 137148 137149 0.0324621 0.166992
1688 126627 126628 0.773129 0.0174876
1689 63934 63933 0.108246 0.117686
1690 64065 64065 0 0
1691 44154 43048 0.0199365 0.0228999
1692 49761 49762 0.0126215 0.113892
1693 87780 87780 0 0
1694 142790 143268 0.063305 0.00434003
1695 26423 25470 0.379453 0.0335749
1696 98088 98089 0.0247972 0.0581297
1697 52346 52348 0.051437 0.0531959
1698 143164 143165 0.00709405 0.0114681
1699 112065 112065 0 0
1700 16628 16629 0.132078 0.0340061
1701 109430 109432 0.314966 0.120043
1702 56076 57269 0.0622835 0.0591737
1703 29740 29743 0.0863576 0.149279
1704 164409 164045 0.111704 0.146684
1705 132270 132271 0.328165 0.606766
1706 35975 35976 0.330696 0.179897
1707 133961 133959 0.0437742 0.0381274
1708 62103 63535 0.078866 0.0543767
1709 72923 72923 0 0
1710 16125 15232 0.121401 0.0733695
1711 92293 92294 0.0968282 0.0368434
1712 113206 113205 0.411349 0.00977182
1713 44184 42648 0.425052 0.102953
1714 59691 59691 0 0
1715 93957 93958 0.0875691 0.0046647
1716 9558 9560 0.0763084 0.0908064
1717 43928 43929 0.123066 0.0229594
1718 154859 154829 0.00844361 0.0298418
1719 55902 55234 0.0946244 0.0373488
1720 132270 132271 0.0279202 0.907011
1721 57903 57904 0.0173978 0.0571815
1722 61707 58716 0.0936022 0.0383968
1723 142523 142523 0 0
1724 147893 147893 0 0
1725 69533 69532 0.347864 0.183267
1726 13894 13796 1.13687 0.107689
1727 89289 89288 0.0590939 0.0662829
1728 87583 87584 0.0205143 0.239475
1729 113245 113207 0.187143 0.0273951
1730 74669 74671 0.181869 0.0586993
1731 96776 96775 0.0359226 0.0365559
1732 56071 55159 0.141029 0.00304132
1733 139178 139879 0.00817935 0.130942
1734 89142 89158 0.125165 0.0593472
1735 83883 83880 0.0639129 0.00701655
1736 104259 103464 0.0751242 0.0542404
1737 99308 100196 0.153317 0.357848
1738 25109 25096 0.00304133 0.0973468
1739 60365 58867 0.0894762 0.140473
1740 55400 54834 0.120155 0.198288
1741 148573 148395 0.572195 0.0886337
1742 69700 72923 0.0433653 0.0984882
1743 140117 140120 0.0978372 0.122856
1744 52977 52976 0.0182352 0.062737
1745 84275 84274 0.0903258 0.0175806
1746 13487 13486 0.0628353 0.114577
1747 122717 122717 0 0
1748 103043 103043 0 0
1749 88593 88592 0.0786461 0.145594
1750 138953 138953 0 0
1751 147102 147131 0.80251 0.388926
1752 134626 134631 0.0224195 0.0798684
1753 47992 47992 0 0
1754 116323 119602 0.206017 0.0610269
1755 78475 78621 0.299097 0.0231902
1756 3208 3441 0.0821162 0.36828
1757 62971 62972 0.0824213 0.00137306
1758 18374 17126 0.101854 0.0166564
1759 138804 138803 0.144368 0.0262812
1760 43405 42504 0.145921 0.0500028
1761 18365 18504 0.00662799 0.0523481
1762 142230 142231 0.06844 0.169587
1763 48870 48871 0.0530963 0.0166447
1764 133666 133675 0.0329712 0.0390585
1765 45277 50690 0.0303923 0.116736
1766 90172 90172 0 0
1767 92919 97433 0.249065 0.036528
1768 80527 80555 0.0392101 0.230407
1769 456 483 0.0305836 0.170275
1770 100456 99497 0.0537408 0.0537791
1771 261 262 0.64066 0.0420364
1772 165296 165297 0.077353 0.0537552
1773 14161 13492 0.0840188 0.0629776
1774 48569 48568 0.340268 0.0539349
1775 94446 94445 0.0593656 0.028421
1776 122137 122138 0.0652054 0.0302789
1777 95535 95534 0.0556513 0.0198494
1778 42108 42109 0.0439285 0.0707937
1779 3221 3221 0 0
1780 96898 96896 0.077969 0.051383
1781 157738 157738 0 0
1782 3287 3285 0.238547 0.123319
1783 43929 43929 0 0
1784 41536 41341 0.167225 0.124122
1785 17501 17499 0.0992355 0.0177686
1786 65333 65334 0.0233427 0.0868143
1787 42711 44132 0.0449162 0.1021
1788 9096 9097 0.375007 0.293782
1789 60140 57488 0.10037 0.0052807
1790 8958 8957 0.189486 0.0480819
1791 101788 100139 0.166562 0.337124
1792 87593 87593 0 0
1793 163057 162978 0.328989 0.13843
1794 41401 41404 0.312945 0.137672
1795 112637 112611 0.668878 0.423945
1796 161834 161834 0 0
1797 1448 1220 0.168943 0.105485
1798 115285 118868 0.036095 0.0442471
1799 29791 29793 0.0382007 0.0377385
1800 17431 17430 0.018727 0.190744
1801 70095 70094 0.00836367 0.0629139
1802 55905 55904 0.00304133 0.142401
1803 67269 69035 0.0305027 0.0824805
1804 32227 32217 0.210023 0.0316254
1805 152421 152421 0 0
1806 70588 70587 0.0288059 0.0368313
1807 124159 124158 0.204021 0.019884
1808 42504 43405 0.0591429 0.136781
1809 35021 35019 0.315318 0.00579733
1810 68339 68339 0 0
1811 141982 141773 0.452385 0.259
1812 7784 7784 0 0
1813 168871 168955 0.174899 0.842347
1814 114548 114553 0.0597573 0.251474
1815 141320 141320 0 0
1816 30854 28311 0.314498 0.149916
1817 40737 40738 0.425525 0.0434975
1818 141410 141411 0.262644 0.766075
1819 81738 83905 0.0699226 0.0220278
1820 138816 136926 0.350337 0.0383756
1821 87240 87241 0.00245253 0.0377854
1822 48869 48867 0.0186995 0.00554557
1823 136875 136875 0 0
1824 18289 18289 0 0
1825 99315 99316 0.015577 0.424311
1826 29624 29625 0.0273466 0.0422665
1827 152944 152943 0.169351 0.284068
1828 161954 162059 0.0337796 0.449843
1829 141965 141964 0.235758 0.0828637
1830 81790 81791 0.00885017 0.0378568
1831 167019 167019 0 0
1832 88611 90080 0.0389223 0.0174811
1833 100668 101586 0.00870735 0.147373
1834 89257 89284 0.108129 0.0757413
1835 50014 50015 0.140436 0.0525226
1836 82838 82839 0.0726298 0.224394
1837 24253 24208 0.0835518 1.07875
1838 136981 137235 0.0642482 0.236704
1839 60369 60368 0.0223662 0.00352139
1840 44948 46984 0.0145468 0.112062
1841 46365 50696 0.0250727 0.18251
1842 82970 88199 0.248313 0.0303308
1843 115211 115770 0.34219 0.110587
1844 91344 91288 0.132972 0.0162994
1845 58965 58965 0 0
1846 96031 96031 0 0
1847 39349 39347 0.0716465 0.0773202
1848 59037 59037 0 0
1849 90785 89349 0.099214 0.0749992
1850 154945 154946 0.0313166 0.177453
1851 49906 49907 0.0482221 0.0573414
1852 113417 113268 0.0267939 0.0500805
1853 51345 51332 0.0439695 0.020529
1854 79277 86630 0.00834934 0.181008
1855 103602 103605 0.148047 0.468308
1856 83057 83057 0 0
1857 49148 49148 0 0
1858 20003 34980 0.447031 0.0577457
1859 111995 111996 0.00448974 0.387811
1860 159697 159200 0.0600006 0.0459803
1861 43564 42285 0.0561386 0.00325763
1862 50183 50168 0.0805404 0.0759648
1863 14192 14192 0 0
1864 165693 165662 0.0430519 0.0267984
1865 34125 34126 0.024404 0.0297047
1866 75499 75316 0.382839 0.0468171
1867 147118 147119 0.814891 0.0650386
1868 100815 100166 0.121798 0.00905789
1869 165786 165786 0 0
1870 4068 4069 0.26059 0.550875
1871 102582 100602 0.0107359 0.124196
1872 43223 43225 0.102547 0.0384996
1873 130341 130339 0.0498616 0.0355002
1874 157687 156755 0.0308261 0.235666
1875 11050 11426 0.0655695 0.0249594
1876 18352 18354 0.121681 0.0118421
1877 88990 93513 0.089394 0.0096026
1878 164856 164855 0.0225475 0.109271
1879 85791 79001 0.288816 0.139232
1880 26967 26966 0.275938 0.0559356
1881 2613 2613 0 0
1882 100808 101772 0.129486 0.13464
1883 45191 45169 0.187598 0.0114193
1884 110992 110991 0.0551779 0.0276746
1885 92818 92817 0.00736568 0.318878
1886 19738 19739 0.378426 0.0343947
1887 60364 57311 0.147647 0.0221801
1888 84288 84022 0.161128 0.0587385
1889 146961 146961 0 0
1890 67151 67145 0.0741644 0.18404
1891 71300 71299 0.0309417 0.0863104
1892 115981 120134 0.0618178 0.103316
1893 121916 121915 0.0149623 0.0340531
1894 2513 2110 0.0752317 0.0696771
1895 92750 92750 0 0
1896 90172 92978 0.0562894 0.163872
1897 15292 15293 0.112323 0.140438
1898 85592 85592 0 0
1899 69016 69015 0.0825658 0.0563666
1900 167667 167667 0 0
1901 60131 60131 0 0
1902 15022 16005 0.335115 0.297323
1903 79053 78871 0.0363942 0.0655786
1904 14558 14911 0.0221984 0.505675
1905 40603 40602 0.0320407 0.246496
1906 81694 81699 0.0205858 0.107145
1907 139016 137628 0.165215 0.0644833
1908 141896 142701 0.0337044 0.203165
1909 85314 85314 0 0
1910 2097 2098 0.0873513 0.386481
1911 36037 21323 0.476229 0.392978
1912 51477 51478 0.0702833 0.0598618
1913 98518 92889 0.0215611 0.0737736
1914 14279 14283 0.0448622 0.19432
1915 94015 94013 0.0902497 0.0509957
1916 93258 93258 0 0
1917 170278 170290 0.192077 0.618534
1918 14546 14552 0.0647719 0.21094
1919 148547 148488 0.481228 0.101613
1920 92739 92739 0 0
1921 51432 51430 0.027372 0.0547768
1922 28328 28431 0.0479781 0.334052
1923 127101 127101 0 0
1924 83748 83748 0 0
1925 153317 153318 0.0919022 0.00573792
1926 121872 121870 0.0150432 0.331087
1927 81626 81626 0 0
1928 3102 3103 0.028303 0.0633781
1929 122310 132907 0.157042 0.108444
1930 18232 18231 0.0171475 0.163055
1931 91754 91755 0.0466659 0.0466288
1932 26421 26420 0.0927361 0.0804732
1933 80732 78489 0.13564 0.0455521
1934 17240 16873 0.00586295 0.0608511
1935 54596 46261 0.0431865 0.0104931
1936 94190 94190 0 0
1937 170138 170137 0.0689758 0.331324
1938 31923 34005 0.0304218 0.7412
1939 82437 82436 0.00329274 0.0202304
1940 27606 29349 0.213064 0.145455
1941 89521 89521 0 0
1942 63997 63997 0 0
1943 93843 95408 0.113727 0.015272
1944 154036 154009 1.14224 0.0596014
1945 89167 89167 0 0
1946 152342 152341 0.0817427 0.130283
1947 75448 77740 0.00858436 0.178752
1948 76222 76550 0.00278249 0.180885
1949 100750 100743 0.00988433 0.21262
1950 45145 46900 0.0818773 0.0586666
1951 113626 113307 0.0310891 0.0491674
1952 64850 62517 0.00532233 0.0867488
1953 89056 97607 0.0615269 0.0559645
1954 77142 77142 0 0
1955 114995 118477 0.105548 0.0187593
1956 113306 113542 0.102956 0.37846
1957 63571 63568 0.0356333 0.0467211
1958 66543 66543 0 0
1959 43004 42677 0.0554377 0.0307935
1960 29771 29771 0 0
1961 138033 138970 0.254769 0.116565
1962 88902 88902 0 0
1963 165436 165540 0.0488626 0.00668404
1964 111489 111123 0.0650028 0.166186
1965 14161 14726 0.121792 0.00780208
1966 136635 136635 0 0
1967 63230 56249 0.27793 0.065143
1968 52551 52550 0.0163472 0.0366085
1969 168093 168144 0.0326305 0.174202
1970 102896 103943 0.0281542 0.0329715
1971 38572 36819 0.198144 0.0829625
1972 70033 70032 0.219067 0.2398
1973 43046 43044 0.0530428 0.0389003
1974 165810 165810 0 0
1975 138947 138945 0.300079 0.0711327
1976 59036 59036 0 0
1977 157869 156393 0.572209 0.34436
1978 114686 114687 0.0810314 0.00641101
1979 52944 52945 0.0714623 0.0915138
1980 140840 140841 0.136483 0.0386057
1981 61930 61929 0.0251292 0.0944685
1982 150803 150803 0 0
1983 16790 16789 0.545064 0.285081
1984 102300 102299 0.141376 0.069634
1985 52843 52843 0 0
1986 59363 59362 0.00516797 0.147684
1987 98493 97396 0.0320688 0.137004
1988 49138 49141 0.0756938 0.00874383
1989 84548 84548 0 0
1990 127002 127003 0.127805 0.147161
1991 1448 1448 0 0
1992 130456 130456 0 0
1993 55598 55598 0 0
1994 31704 31704 0 0
1995 138684 138682 0.0488287 0.0656981
1996 63953 63075 0.111009 0.119229
1997 15162 16285 0.503141 0.198688
1998 43250 43251 0.00790763 0.0107231
1999 95534 95535 0.0198494 0.0556513
2000 44309 44308 0.0412606 0.0842037
2001 138945 138947 0.0263279 0.344884
2002 70812 71828 0.12605 0.145636
2003 89920 89920 0 0
2004 97995 97992 0.111968 0.206546
2005 10408 10403 0.143768 0.0825104
2006 8331 8331 0 0
2007 16636 16636 0 0
2008 142393 142042 0.203231 0.21198
2009 142035 142788 0.0274703 0.18411
2010 46739 47326 0.0685805 0.127986
2011 61884 58977 0.0529331 0.0602253
2012 5 6 0.352421 0.0519171
2013 74239 74085 0.177182 0.0371055
2014 44938 48183 0.127667 0.0436709
2015 3216 3218 0.0411928 0.0586523
2016 94061 98674 0.0794797 0.0285125
2017 53170 53171 0.0264437 0.0667182
2018 119729 119728 0.189879 0.0570738
2019 1036 1035 0.715384 0.170918
2020 43197 43488 0.0593257 0.00418183
2021 75150 75151 0.170249 0.176538
2022 121939 121940 0.1567 0.0322372
2023 69868 70063 0.0292816 0.141941
2024 16733 17191 0.0675819 0.147019
2025 168906 168904 0.154228 0.188838
2026 74132 74132 0 0
2027 167213 167117 0.385965 0.126715
2028 72479 72480 0.0065428 0.119758
2029 121532 121533 0.0352522 0.344622
2030 97355 97354 0.061301 0.0865934
2031 78920 85299 0.0989496 0.0461468
2032 57792 57839 0.407062 0.630972
2033 58010 59536 0.0362084 0.320361
2034 31345 31345 0 0
2035 61309 61360 0.229242 0.0967548
2036 16858 16858 0 0
2037 139238 139949 0.0130709 0.0570719
2038 121264 121264 0 0
2039 56406 55055 0.108789 0.147687
2040 132638 130534 0.128343 0.198979
2041 98787 98787 0 0
2042 48026 45197 0.0159023 0.100632
2043 96575 92900 0.107594 0.0577167
2044 46800 45110 0.052476 0.0745218
2045 60368 60368 0 0
2046 166898 166754 0.171206 0.108103
2047 129457 129458 0.127862 0.231799
2048 66201 67448 0.0855691 0.0357547
2049 19313 19313 0 0
2050 96401 96402 0.0718515 0.165713
2051 60795 58951 0.00722317 0.0368946
2052 156745 157659 0.0240623 0.115661
2053 134058 131542 0.0231274 0.0267457
2054 26048 26050 0.0705052 0.167629
2055 71378 69540 0.052894 0.326834
2056 11408 11407 0.0163489 0.498721
2057 101113 101131 0.0876211 0.137903
2058 1557 1558 0.0521647 0.0597896
2059 82287 82287 0 0
2060 1150 1250 0.0422133 0.0327895
2061 80803 80803 0 0
2062 92740 92739 0.0806781 0.167047
2063 130988 130536 0.0958572 0.131998
2064 99494 99665 0.0221396 0.166148
2065 95188 95188 0 0
2066 24586 24585 0.221629 0.0346149
2067 136993 136994 0.219874 0.115151
2068 78307 78307 0 0
2069 97398 88370 0.0114644 0.0833118
2070 140187 139963 0.00235561 0.0743882
2071 61944 59096 0.0992549 0.106256
2072 113775 113775 0 0
2073 55124 55124 0 0
2074 141052 141057 0.998936 0.00950134
2075 164967 164633 0.034986 0.0454281
2076 153029 152076 0.109241 0.184728
2077 88907 96908 0.0229722 0.0568291
2078 151616 151445 0.0604682 0.00190083
2079 70672 70671 0.0907412 0.00502958
2080 129779 129778 0.0672573 0.0143634
2081 93441 93440 0.00439544 0.0523823
2082 156567 156568 0.0345435 0.0851044
2083 167426 167427 0.0354573 0.0955479
2084 52115 52115 0 0
2085 42773 44376 0.110702 0.0743582
2086 93806 93804 0.0863438 0.0222418
2087 23283 23283 0 0
2088 65905 65905 0 0
2089 51505 51503 0.0487779 0.0243307
2090 36904 37454 0.0373125 0.0917356
2091 58959 61927 0.0509071 0.149284
2092 88266 88267 0.00824093 0.0847676
2093 129573 129570 0.0456815 0.132851
2094 156568 156567 0.0851044 0.0345435
2095 49113 51706 0.0236085 0.0836723
2096 91742 93743 0.0536356 0.0594569
2097 32212 32233 0.0239917 0.126438
2098 80026 80026 0 0
2099 50579 50580 0.0688069 0.06796
2100 4789 4790 0.0120352 0.238377
2101 99222 96100 0.0490091 0.102167
2102 59862 62460 0.0415173 0.153496
2103 56604 56604 0 0
2104 70119 70120 0.060321 0.679522
2105 86584 86589 0.0283015 0.0543185
2106 119027 119026 0.00760333 0.0790874
2107 99000 95521 0.0116841 0.0476794
2108 88528 93522 0.0977028 0.00299852
2109 163963 163963 0 0
2110 42838 42014 0.171015 0.0244967
2111 35409 32906 0.0659831 0.0498504
2112 103520 103520 0 0
2113 75477 75982 0.151483 0.119008
2114 93362 93367 0.135694 0.0463014
2115 48540 48540 0 0
2116 2384 2385 0.215359 0.0148865
2117 17576 17578 0.013169 0.074205
2118 49521 49521 0 0
2119 72221 72222 0.0339902 0.105896
2120 119946 115093 0.112303 0.570103
2121 87614 84541 0.165608 0.0506056
2122 7921 7921 0 0
2123 87914 87914 0 0
2124 157898 157897 0.0543004 0.0793426
2125 58049 60634 0.0714741 0.232156
2126 79978 80392 0.012816 0.0333973
2127 98805 93471 0.0148265 0.09124
2128 1757 1758 0.704388 0.143653
2129 54929 54929 0 0
2130 91466 91466 0 0
2131 49263 49269 0.0576369 0.0461234
2132 15523 15523 0 0
2133 76559 76558 0.140083 0.0363784
2134 119410 115826 0.325218 0.113257
2135 57929 55505 0.0701005 0.122567
2136 115930 115929 0.128573 0.0198545
2137 65348 65347 0.0261648 0.0234557
2138 45350 45347 0.0207303 0.0299581
2139 64665 58472 0.0428349 0.0527618
2140 83700 83701 0.0384595 0.0734021
2141 159194 159194 0 0
2142 142233 142232 0.0340809 0.0398676
2143 77126 77126 0 0
2144 161076 161077 0.433773 0.0838299
2145 91595 91595 0 0
2146 89120 89128 0.0665445 0.011641
2147 98639 94620 0.0653235 0.126033
2148 49806 49805 0.0124041 0.0564659
2149 161258 161557 0.238519 0.306649
2150 19740 19742 0.0180798 0.226715
2151 124774 124774 0 0
2152 1071 1071 0 0
2153 45644 45644 0 0
2154 74539 74540 0.0170899 0.103553
2155 70593 72533 0.0151706 0.1229
2156 1513 1515 0.235542 0.127496
2157 74617 75134 0.183532 0.150685
2158 33299 33299 0 0
2159 74365 74365 0 0
2160 137131 137128 0.0389543 0.0396452
2161 147301 147138 0.00232267 0.14932
2162 156568 156568 0 0
2163 81324 87308 0.0860615 0.0769249
2164 41520 41893 0.048296 0.0520509
2165 45372 45110 0.0456095 0.00676925
2166 121651 121650 0.0266117 0.0604465
2167 152096 152095 0.14033 0.0988195
2168 82906 78951 0.0407492 0.133905
2169 64696 61988 0.0665353 0.0368039
2170 146089 146296 0.0548144 0.112517
2171 110177 110179 0.0109167 0.122321
2172 3973 3973 0 0
2173 50151 50151 0 0
2174 62138 62133 0.0964553 0.0825223
2175 94384 97804 0.00466392 0.304341
2176 44336 44340 0.0761617 0.0671014
2177 76925 76927 0.0629542 0.103289
2178 160640 160640 0 0
2179 114739 116597 0.0673232 0.0519252
2180 18670 18902 0.555348 0.0795689
2181 125321 124782 0.00277992 0.0160343
2182 157973 157973 0 0
2183 88998 88996 0.043281 0.00686634
2184 55962 55962 0 0
2185 60979 60980 0.109778 0.131299
2186 86589 86584 0.0543185 0.0283014
2187 56388 56388 0 0
2188 43668 43310 0.189804 0.303385
2189 63236 59197 0.0934095 0.030466
2190 31124 29660 0.131933 0.239138
2191 61497 61378 0.106809 0.0236585
2192 404 404 0 0
2193 90805 89028 0.0198365 0.271806
2194 169255 169255 0 0
2195 56123 56123 0 0
2196 78939 78939 0 0
2197 93709 93709 0 0
2198 88848 88848 0 0
2199 68338 68339 0.0142557 0.0962326
2200 88592 88593 0.145594 0.0786461
2201 55917 55908 0.0249629 0.0972919
2202 66948 66948 0 0
2203 125106 125104 0.0135082 0.205191
2204 88098 88098 0 0
2205 162313 162307 0.00871667 0.19093
2206 81508 81427 0.0342711 0.116152
2207 159428 159652 0.139858 0.023811
2208 45944 45932 0.252854 0.00342092
2209 45458 45458 0 0
2210 124514 124515 0.0698162 0.00722317
2211 122216 122217 0.0140662 0.127387
2212 98653 98653 0 0
2213 95451 87891 0.0308815 0.100307
2214 58761 57466 0.11818 0.0581278
2215 61324 61325 0.00139235 0.0713708
2216 45339 45338 0.0186855 0.0963873
2217 56688 59055 0.19649 0.340335
2218 153655 153659 0.121769 0.0507163
2219 151692 151692 0 0
2220 116842 114993 0.165235 0.148807
2221 100864 99621 0.0646947 0.0405202
2222 31098 30842 0.040912 0.26813
2223 24427 24428 0.0777739 0.50312
2224 114151 114152 0.0643474 0.0439814
2225 92467 92466 0.0729928 0.0133058
2226 2753 2752 0.230863 0.156292
2227 63975 63976 0.00300943 0.0120917
2228 96941 96941 0 0
2229 58817 58817 0 0
2230 155525 155525 0 0
2231 94220 93822 0.0100617 0.0492937
2232 16830 16831 0.124666 0.22612
2233 78982 82968 0.162151 0.0918924
2234 160021 160026 0.154284 0.628305
2235 26581 26218 0.0381715 0.0388855
2236 70074 70074 0 0
2237 70813 70814 0.0745997 0.0642588
2238 91339 91338 0.0804475 0.0256448
2239 93275 88735 0.0469914 0.0850412
2240 26365 26364 0.120305 0.0064404
2241 76110 76117 0.177039 0.0351598
2242 157717 157718 0.0116004 0.036402
2243 156771 156772 0.0887005 0.0467605
2244 74208 74207 0.142498 0.316684
2245 155053 155053 0 0
2246 90425 90425 0 0
2247 57857 57857 0 0
2248 115194 116351 0.114266 0.0128053
2249 113234 113235 0.0720121 0.0614165
2250 83364 83731 0.0175252 0.160923
2251 70032 70034 0.157138 0.261938
2252 2485 2486 0.0513547 0.0884577
2253 51140 48336 0.117414 0.142567
2254 112611 112637 0.420686 0.672137
2255 90397 88877 0.179574 0.300828
2256 76248 76249 0.376428 0.148793
2257 115362 115364 0.0890563 0.0655098
2258 45394 45417 0.0561187 0.03852
2259 76705 76488 0.121564 0.493546
2260 28202 28525 0.0343894 0.0621579
2261 97357 92596 0.095127 0.0510468
2262 112650 112717 0.411727 0.0760556
2263 119844 117204 0.0284494 0.0582777
2264 91708 91708 0 0
2265 11424 11425 0.512575 0.0313755
2266 50679 50678 0.0676567 0.114744
2267 61737 61737 0 0
2268 61640 56347 0.011814 0.158562
2269 152763 152764 0.0180356 0.0342337
2270 78876 78876 0 0
2271 21514 21513 0.0549765 0.00263287
2272 54567 45219 0.137984 0.0350283
2273 86948 86946 0.12588 0.118555
2274 145086 145352 0.421672 0.0938342
2275 111306 111305 0.0140712 0.0233933
2276 15710 15710 0 0
2277 69938 70498 0.0754942 0.109852
2278 50977 50975 0.0704479 0.0349109
2279 152393 153044 0.0943621 0.0915079
2280 81404 78639 0.0951559 0.0887702
2281 55753 55732 0.0371223 0.0145419
2282 95535 95534 0.009124 0.0663767
2283 111226 111226 0 0
2284 17055 17054 0.110251 0.332234
2285 85391 85391 0 0
2286 25631 25634 0.0145325 0.101903
2287 117611 117611 0 0
2288 50677 54537 0.0796719 0.0404561
2289 140093 140092 0.247098 0.0616267
2290 90760 98216 0.0163271 0.00349694
2291 60077 60079 0.0353623 0.0902689
2292 430 431 0.831759 0.0837659
2293 80638 79574 0.137852 0.0485775
2294 92476 92476 0 0
2295 103003 102998 0.206727 0.151672
2296 72776 72777 0.0451387 0.0602473
2297 96963 89127 0.0295593 0.0540473
2298 35597 32021 0.17419 0.135853
2299 94020 88525 0.0366625 0.0611366
2300 74633 74633 0 0
2301 83691 83692 0.0034215 0.0213418
2302 103516 102796 0.0174769 0.487077
2303 55664 57470 0.0549339 0.103885
2304 17054 17055 0.332234 0.110251
2305 111170 111171 0.165571 0.0276112
2306 51632 51631 0.111142 0.0223396
2307 77000 76996 0.108592 0.304551
2308 92256 92255 0.0489568 0.0536473
2309 167516 167545 0.116985 0.421397
2310 88802 88804 0.102602 0.112002
2311 93681 95638 0.0520199 0.135642
2312 46155 46137 0.27921 0.064335
2313 89270 89271 0.0277522 0.0217459
2314 2702 2404 0.0948958 0.219657
2315 80638 79574 0.143017 0.043413
2316 82487 83511 0.0607639 0.00544478
2317 126790 127322 0.0337663 0.598573
2318 79351 79352 0.184199 0.0408167
2319 41313 41824 0.114344 0.766873
2320 164937 164936 0.0726118 0.282559
2321 75865 75862 0.0806069 0.055997
2322 49417 49417 0 0
2323 142264 142264 0 0
2324 92650 92649 0.12358 0.0372994
2325 134743 134744 0.498505 0.10404
2326 95137 95137 0 0
2327 141761 143092 0.142218 0.169803
2328 49708 46394 0.0930554 0.0231119
2329 62242 62243 0.036215 0.0533044
2330 69387 69386 0.0193885 0.0505547
2331 11177 11174 0.0467715 0.0237871
2332 168814 168684 0.45486 0.32901
2333 145978 145979 0.180287 0.105161
2334 31614 32216 0.0711035 0.144012
2335 115760 115760 0 0
2336 74528 74526 0.667003 0.143421
2337 48122 48122 0 0
2338 56669 62586 0.0163458 0.143793
2339 97671 97671 0 0
2340 77978 77977 0.168703 0.0685277
2341 110795 110795 0 0
2342 69311 69312 0.0401328 0.137117
2343 47845 47840 0.00608267 0.0680031
2344 47994 47995 0.0302298 0.0349593
2345 167041 167040 0.108163 0.0267293
2346 2757 2571 0.109268 0.065926
2347 129049 129240 0.148804 0.240802
2348 89381 88775 0.0779505 0.08371
2349 203 203 0 0
2350 60397 60281 0.0466234 0.0370229
2351 77737 75823 0.710582 0.00699473
2352 89185 89185 0 0
2353 3169 3160 0.111343 0.145596
2354 114466 114466 0 0
2355 91347 91349 0.0191882 0.0566568
2356 95959 95958 0.0715507 0.0234291
2357 15679 16303 0.0558967 0.0326799
2358 99680 99681 0.0502701 0.197819
2359 24585 24586 0.0346149 0.221629
2360 37080 37084 0.220956 0.0192677
2361 61878 61878 0 0
2362 92982 92981 0.0419874 0.0480284
2363 16035 16042 0.0737688 0.221045
2364 43965 43965 0 0
2365 45701 45721 0.0103307 0.262853
2366 102545 102544 0.122447 0.0711596
2367 125215 125220 0.00152067 0.00880968
2368 42838 42014 0.00556919 0.189942
2369 2306 2305 0.346111 0.076774
2370 55699 55800 0.189637 0.012294
2371 3118 3119 0.877228 0.0702337
2372 17004 18557 0.410961 0.154382
2373 2326 2326 0 0
2374 79880 79089 0.689182 0.159774
2375 61715 61714 0.18725 0.0222575
2376 103027 103026 0.0289125 0.188287
2377 168723 168723 0 0
2378 81400 78630 0.165899 0.0345497
2379 118688 118688 0 0
2380 133666 133675 0.0397586 0.0322711
2381 114573 114923 0.0448498 0.0675297
2382 160892 160892 0 0
2383 155553 155575 0.167935 0.0678832
2384 43261 42562 0.290078 0.0176449
2385 121940 121939 0.0134042 0.175533
2386 164258 164260 0.147638 1.02247
2387 142068 142066 0.0346146 0.0575928
2388 80268 80268 0 0
2389 111305 111926 0.0992986 0.247929
2390 52055 52056 0.0016322 0.0140171
2391 47598 52550 0.100198 0.0237527
2392 22409 22408 0.0707741 0.296918
2393 85365 85366 0.0433547 0.0247108
2394 79242 78441 0.666864 0.0727373
2395 165711 165711 0 0
2396 54978 54977 0.0303272 0.0664833
2397 76375 76376 0.332358 0.00596478
2398 97813 97814 0.041058 0.031934
2399 168230 168231 0.0411954 0.270232
2400 135769 135767 0.175225 0.30842
2401 43033 43030 0.0891936 0.0107491
2402 92668 92669 0.113443 0.0764604
2403 56135 57566 0.0326931 0.237408
2404 165591 165592 0.134007 0.220229
2405 61927 58959 0.0562998 0.143892
2406 124781 124783 0.0155973 0.197948
2407 68711 67438 0.0478867 0.0128583
2408 44632 43254 0.150539 0.0747106
2409 116955 116955 0 0
2410 34638 34639 0.184627 0.016416
2411 112852 112850 0.153595 0.0222969
2412 48855 48856 0.154753 0.164296
2413 49424 49425 0.00549369 0.0216819
2414 102999 103000 0.118188 0.0939957
2415 32748 34115 0.562259 0.221533
2416 34148 34149 0.134911 0.006843
2417 141968 142379 0.103721 0.0248143
2418 85473 85472 0.150593 0.113978
2419 98981 98980 0.0121653 0.132172
2420 91417 91417 0 0
2421 41879 41880 0.020936 0.0063984
2422 69944 69946 0.101454 0.117236
2423 42942 42944 0.0707413 0.0572303
2424 93773 88895 0.0669499 0.0224298
2425 1603 1571 0.0963606 0.414826
2426 118115 118116 0.0329572 0.458508
2427 101745 100589 0.250947 0.00984177
2428 164374 164371 0.240244 0.102931
2429 111683 112223 0.047681 0.0128803
2430 2277 2638 0.126553 0.0108563
2431 1224 1224 0 0
2432 34125 34126 0.0280194 0.0260892
2433 13988 14259 0.285259 0.0586658
2434 140801 140789 0.113913 0.405688
2435 67583 65657 0.140436 0.0149202
2436 82973 82973 0 0
2437 91669 91670 0.0374194 0.0103808
2438 147619 147619 0 0
2439 55814 58243 0.00950417 0.0171082
2440 109308 109306 1.02682 0.00672817
2441 84295 88262 0.205348 0.212603
2442 131842 131843 0.163604 0.0683207
2443 137796 138267 0.105224 0.21369
2444 65252 58126 0.218587 0.0784058
2445 66470 66468 0.1209 0.117887
2446 124200 124844 0.234583 0.00471604
2447 34075 32850 0.110202 0.0778736
2448 164035 164400 0.192476 0.0283652
2449 52657 52656 0.0022304 0.0252176
2450 6455 6456 0.0716278 0.15147
2451 99239 99238 0.0904994 0.0389663
2452 154418 154433 0.0488339 0.088332
2453 86516 86516 0 0
2454 101385 101843 0.106158 0.114321
2455 68567 66035 0.0813557 0.164857
2456 16082 16085 0.124223 0.204568
2457 8764 8765 0.0550586 0.298716
2458 1566 1429 0.0518404 0.325427
2459 98768 95867 0.0405679 0.0396541
2460 132370 132371 0.0349906 0.087967
2461 59258 59259 0.0172011 0.180204
2462 58875 58876 0.0687966 0.0221786
2463 97334 92564 0.0176788 0.0437454
2464 139346 139348 0.0801841 0.044329
2465 51491 51492 0.0319865 0.006843
2466 29426 29426 0 0
2467 15782 15487 0.314076 0.295699
2468 75342 75342 0 0
2469 63741 63740 0.0533105 0.00245562
2470 78912 78297 0.0179058 0.146624
2471 93472 93461 0.0607776 0.0455079
2472 43334 43334 0 0
2473 45127 45136 0.0701842 0.18719
2474 101422 68057 0.371862 0.142321
2475 71800 71801 0.177164 0.0646327
2476 61914 61915 0.108364 0.0606164
2477 97608 97608 0 0
2478 9677 9720 0.58471 0.161711
2479 158546 158868 0.148047 0.229435
2480 61710 60160 0.0607211 0.0338504
2481 170108 170107 0.22703 0.108275
2482 44964 48422 0.0589374 0.029653
2483 112540 112539 0.107791 0.392844
2484 129785 129559 0.128639 0.137861
2485 68334 68336 0.0851763 0.215678
2486 96247 96246 0.0501223 0.0291307
2487 59036 59033 0.0562264 0.0638983
2488 93195 96224 0.197791 0.21319
2489 122409 122432 0.0341416 0.0320133
2490 126354 126354 0 0
2491 145511 145510 0.0591072 0.172396
2492 74328 74328 0 0
2493 5493 5171 0.0750476 0.0106099
2494 159133 159133 0 0
2495 94787 94787 0 0
2496 75068 74958 0.209506 0.096029
2497 47969 47969 0 0
2498 90400 88901 0.101435 0.224098
2499 138947 138945 0.312845 0.0583665