116.419881	40.557264
116.650843	40.627598
116.166866	40.524154
116.821471	40.541044
117.130904	40.536906
117.111456	40.60431
117.107945	40.604287
117.110462	40.602634
116.643734	40.736109
117.117607	40.649384
116.166737	40.52478
117.331848	40.640068
116.165295	40.529048
116.165896	40.529132
115.961458	40.522099
117.427133	40.649902
117.175897	40.509532
116.088671	40.550031
116.08929	40.551452
116.510709	40.413025
116.484254	40.412903
116.002086	40.461334
116.765758	40.407368
116.771087	40.401285
117.127424	40.404045
117.127208	40.537566
117.1268	40.537197
115.979358	40.465639
116.343408	40.410499
115.973805	40.472381
117.054213	40.505574
116.97785	40.566341
116.977914	40.567314
117.073252	40.572968
116.842391	40.474826
115.858954	40.478574
116.046238	40.481698
116.227016	40.567982
116.745715	40.792649
117.039222	40.626049
117.226519	40.606584
116.348691	40.694565
117.331003	40.639928
116.145903	40.571418
117.163553	40.69205
116.623269	40.898164
116.711825	40.84591
115.98142	40.466498
115.981511	40.466233
116.561302	40.338083
116.64411	40.736717
116.689945	40.390947
116.460034	40.359906
116.68364	40.410729
115.985166	40.466194
115.984734	40.466123
116.564187	40.336
116.030189	40.434688
116.88052	40.387661
115.983379	40.466023
116.557115	40.426235
116.835126	40.379459
116.841212	40.388443
117.127209	40.537566
116.307379	40.357451
115.987487	40.463298
116.770915	40.431656
116.94054	40.415439
115.979209	40.460811
116.80258	40.414019
116.775846	40.401638
115.997321	40.46583
115.985231	40.462699
115.982566	40.450255
115.986488	40.462429
115.980203	40.461136
115.974923	40.465221
115.996413	40.469144
116.805196	40.420038
115.980739	40.471783
115.97496	40.464703
115.981967	40.450133
115.97827	40.447169
115.984248	40.446901
116.476762	40.412566
116.235481	40.432153
116.64812	40.413093
116.674967	40.432765
115.861512	40.479048
116.688598	40.409902
115.901247	40.380892
115.977793	40.471362
116.835272	40.381419
116.837661	40.428315
116.288318	40.211092
116.238114	40.204376
116.236031	40.204004
116.851427	40.379089
116.852791	40.376548
116.860208	40.373418
116.633003	40.30892
117.003274	40.124441
116.415225	40.218603
117.109399	40.39334
116.727724	40.201037
116.641916	40.325444
116.66413	40.212771
116.579011	40.291344
116.833574	40.377349
116.631873	40.311948
116.907945	40.175964
117.059634	40.19531
116.228992	40.271598
117.051546	40.251494
117.051691	40.250658
117.318408	40.198559
116.129055	40.234048
116.123204	40.234705
115.985204	40.468922
115.987465	40.469762
115.989257	40.135073
116.064879	40.169315
116.40048	40.163721
116.497749	40.155882
116.779866	40.245617
117.267449	40.17918
116.653209	40.288136
116.700474	40.297433
116.647224	40.309224
116.838943	40.372239
116.834345	40.375577
116.635227	40.314679
116.850332	40.370396
116.84999	40.370285
116.845825	40.371386
117.159026	40.18818
117.019633	40.240076
115.905607	40.371218
115.90477	40.37149
116.838391	40.472164
116.845787	40.377398
116.84742	40.375946
116.604052	40.260928
116.850716	40.37052
116.845242	40.370987
116.838812	40.372304
116.844067	40.370003
116.6833	40.295522
116.653338	40.30895
116.627399	40.277998
116.628368	40.292327
116.814981	40.360287
116.633815	40.34148
116.845482	40.373469
116.845448	40.37307
116.84704	40.375931
116.843489	40.363784
116.169781	40.183127
116.631009	40.31502
116.634577	40.332001
116.640497	40.331649
116.63855	40.327813
116.638512	40.32805
116.638534	40.328572
116.414417	40.225872
116.852012	40.384124
116.636722	40.319104
116.639073	40.321382
116.635448	40.316302
116.630793	40.319479
116.638051	40.313324
116.63517	40.341429
116.851119	40.369521
116.532014	40.248399
116.636103	40.316337
116.286411	40.207422
116.123627	40.239663
116.834218	40.377341
116.857916	40.376725
116.126273	40.240446
116.128801	40.239011
116.826185	40.377259
116.859521	40.37677
116.827003	40.368492
116.819348	40.366553
116.858959	40.23207
116.812858	40.360255
117.054274	40.203182
115.95598	40.428177
116.819421	40.367649
116.851675	40.368692
116.857187	40.376544
116.631428	40.314836
117.21122	40.200091
117.32873	40.210022
116.638895	40.309236
116.169313	40.179688
116.353443	40.220057
116.03996	40.157968
116.057673	40.166484
116.986137	40.167125
116.59069	40.212008
116.635183	40.324858
116.637029	40.335522
116.635903	40.334766
116.630294	40.326673
116.802586	40.358971
116.637738	40.325921
116.414853	40.22588
117.003171	40.128194
117.004116	40.130192
116.526452	40.210011
116.524341	40.210896
116.560771	40.146485
116.618035	40.158438
116.570877	40.125166
116.42285	40.117745
117.132839	40.160934
116.626882	40.293026
116.628157	40.293109
117.010564	40.190057
116.830833	40.152901
116.831963	40.151565
116.831503	40.152298
116.827347	40.111182
116.222001	40.223705
116.243964	40.224877
116.256877	40.221332
117.132635	40.149905
116.227795	40.229579
116.630287	40.320864
116.386001	40.175638
116.389462	40.176174
116.399313	40.175829
116.63093	40.317063
116.391921	40.17687
116.23178	40.224017
116.226796	40.228176
116.610133	40.126655
117.024045	40.143362
116.639368	40.165738
116.239525	40.222513
116.63093	40.317063
116.088762	40.234925
117.261564	40.233161
116.234201	40.224187
116.761204	40.155786
116.168676	40.179621
116.165828	40.181606
117.26507	40.180538
116.945939	40.15163
116.857837	40.232017
116.802734	40.358921
116.630728	40.32352
116.630228	40.328701
116.267311	40.221987
116.267181	40.221982
116.506091	40.168553
116.26932	40.245007
116.840859	40.34012
116.465904	40.176108
116.010961	40.138956
116.226546	40.22956
116.245066	40.167988
116.659414	40.17566
117.004212	40.140752
116.635901	40.336102
116.663138	40.171356
116.663097	40.171357
117.062179	40.147285
116.660825	40.361064
116.638402	40.335326
116.640412	40.335075
116.637765	40.335848
116.820654	40.36778
116.827001	40.36849
116.214731	40.114632
116.320461	40.166424
116.6537	40.170752
116.642442	40.316704
116.136547	40.244674
116.233214	40.221884
116.642499	40.313986
116.658312	40.21245
116.654235	40.211636
116.65431	40.211629
116.85835	40.376874
116.85031	40.37638
116.72951	40.199364
116.20669	40.138404
116.786271	40.245889
116.786178	40.245908
116.85301	40.375962
116.791163	40.245658
116.85903	40.375599
116.409199	40.128543
116.226642	40.218292
116.253794	40.212972
116.862245	40.378303
116.251173	40.212716
116.234985	40.199574
116.858281	40.376003
116.630529	40.129312
116.251145	40.21282
116.235739	40.200095
116.248517	40.213301
116.42334	40.130775
116.634867	40.3085
117.220818	40.169456
117.22419	40.171413
116.248251	40.212828
116.460594	40.223558
116.371127	40.112536
116.685338	40.290637
116.680655	40.118946
116.678391	40.117182
116.226593	40.219771
116.227576	40.220551
116.738532	40.134605
116.639915	40.321401
116.633561	40.308382
117.224187	40.171393
116.448765	40.119098
116.654145	40.20798
116.244493	40.212438
116.260021	40.213755
116.259037	40.213274
116.625371	40.129283
116.631013	40.314938
116.63102	40.315253
116.630921	40.316213
116.631656	40.316036
115.900805	40.377173
116.631315	40.341465
116.643359	40.335576
116.630757	40.328714
116.854669	40.387925
116.658446	40.357943
116.637177	40.342026
115.978173	40.460214
116.639471	40.313692
115.977949	40.362462
116.644609	40.323627
116.827741	40.3783
116.639141	40.332129
116.639138	40.331544
116.788718	40.347977
116.643151	40.342783
116.636932	40.319589
116.573245	40.290866
116.576049	40.289334
116.230363	40.224462
116.812868	40.367088
116.831157	40.377523
116.220158	40.182709
116.469941	40.360732
116.640574	40.31629
116.939877	40.381741
115.975126	40.446041
116.178225	40.12498
115.993734	40.464964
116.630712	40.333898
116.555261	40.37763
116.85743	40.392645
116.868598	40.391516
116.695247	40.326587
116.697312	40.326254
117.14664	40.344229
115.977371	40.462611
115.977567	40.460247
116.85867	40.382214
116.858697	40.381884
116.859261	40.383304
116.865707	40.382164
116.86631	40.381925
116.94159	40.378697
115.900849	40.376571
116.825679	40.378949
115.971935	40.458615
116.990776	40.362579
116.728756	40.199484
116.694651	40.362154
116.51441	40.266176
116.994688	40.36195
116.834395	40.376232
116.853693	40.380969
116.371505	40.365443
115.977554	40.460248
117.156429	40.165158
115.970219	40.458765
116.852267	40.384741
116.85238	40.384829
116.010048	40.356525
116.663566	40.356608
116.664843	40.347394
116.629484	40.319255
116.626946	40.314369
116.631004	40.315015
116.630767	40.325848
116.630263	40.321774
116.683855	40.352754
116.662093	40.362308
116.676409	40.362291
116.738862	40.331706
116.684024	40.374854
116.249876	40.294405
117.048039	40.274331
117.13292	40.28518
116.229714	40.213033
116.974787	40.337908
115.968113	40.363656
116.712137	40.287759
117.020965	40.24048
116.272523	40.133637
116.272947	40.133651
116.360203	40.284502
116.830745	40.374248
116.725624	40.30173
117.06843	40.277337
116.815588	40.360176
116.660196	40.133228
116.67016	40.120525
116.670444	40.120546
116.243572	40.221236
116.66887	40.111954
116.231104	40.22025
116.27122	40.127535
117.102505	40.145392
117.122719	40.154974
117.122713	40.15473
116.270432	40.123326
117.113754	40.153953
116.669354	40.127515
116.121349	40.090056
116.706299	40.347673
116.449144	40.119054
116.259077	40.221871
117.129495	40.146018
116.208209	40.04706
116.259727	40.221882
116.830932	40.377517
116.122973	40.059277
116.123062	40.059372
116.631564	40.309804
116.63064	40.311281
117.059706	40.147397
117.024002	40.143045
116.688385	40.133194
116.715847	40.133874
115.974937	40.459389
115.974892	40.460051
116.226044	40.220021
116.233229	40.218235
116.137109	40.238771
116.225822	40.199236
116.817974	40.199935
117.087339	40.144516
115.989141	40.362571
116.699083	40.132398
116.268331	40.124301
116.665513	40.13009
116.668791	40.12873
117.015239	40.186153
116.608441	40.136969
116.88427	40.152804
117.159699	40.189069
116.828034	40.150341
116.14461	40.139983
116.21419	40.100735
117.11638	40.150048
117.118099	40.150556
117.118707	40.150776
116.947807	40.151848
117.173691	40.125957
116.227002	40.225724
116.142057	40.140735
116.862776	40.380512
116.95159	40.151947
117.17447	40.126241
116.649486	40.126239
116.64988	40.121587
116.291414	40.099806
116.298064	40.09912
116.628044	40.319481
116.233475	40.228814
116.139865	40.138092
116.633921	40.31892
116.632635	40.318455
116.633526	40.320951
116.239033	40.220978
117.089562	40.134084
117.097171	40.145112
117.096984	40.144988
116.117882	40.106827
116.24003	40.216379
117.120397	40.113904
116.64069	40.137048
116.650563	40.137023
116.650862	40.137401
116.651841	40.140261
116.724375	40.134262
117.099941	40.144662
117.099497	40.144583
116.967455	40.293502
117.122439	40.154121
116.240576	40.215508
116.273226	40.12286
116.650999	40.136554
116.659642	40.130198
116.663159	40.129553
116.686423	40.263168
116.803426	40.301864
116.294067	40.110946
117.095994	40.139053
117.100308	40.145242
117.09993	40.144244
116.642505	40.137683
116.642567	40.137664
116.497926	40.062513
116.340588	40.089473
116.339685	40.086092
116.329777	40.055982
116.623886	40.044119
116.318482	40.0751
116.463111	40.047528
115.903665	40.078722
115.89345	40.034553
117.105204	40.141577
117.118582	40.139561
116.321467	40.084883
116.322796	40.082905
116.327817	40.077917
116.209094	40.063043
117.119511	40.145983
117.115019	40.145501
116.821572	40.154278
117.107292	40.146302
116.654639	40.126126
117.105302	40.141018
116.66121	40.108428
116.66137	40.108417
116.29209	40.041846
116.648774	40.12625
116.652648	40.126098
116.173942	40.067903
116.158934	40.052758
117.107808	40.145973
117.107764	40.14595
117.111458	40.154163
116.64097	40.126609
116.545537	40.104555
116.323275	40.065049
116.30429	40.045732
116.650872	40.125053
117.105309	40.160133
116.924946	40.086319
116.151733	40.104269
117.113952	40.140021
116.322173	40.067407
116.413986	40.074727
116.159653	40.077516
116.6822	40.290831
116.404741	40.176625
117.111453	40.137495
116.299045	40.050216
116.333556	40.077931
116.414368	40.076866
116.414435	40.077132
116.40957	40.072443
116.42162	40.075486
117.1302	40.145588
116.16612	40.051549
116.168527	40.050379
116.258872	40.214062
117.059381	40.087877
116.405495	40.104136
116.643238	40.060841
116.34974	40.078474
116.367425	40.079126
116.417388	40.062975
116.547769	40.147401
116.562437	40.14634
116.2536	40.221195
116.657656	40.111679
116.59135	40.058303
116.58582	40.078027
117.125947	40.139724
117.167473	40.124693
117.114584	40.110502
116.328633	40.047026
117.1236	40.140175
117.015549	40.185179
117.015549	40.185179
116.327336	40.048183
116.343801	40.088383
116.48374	40.042871
116.639528	40.117669
117.123314	40.140624
116.463561	40.044647
116.30582	40.046312
116.300923	40.053069
116.236385	40.220669
117.095989	40.136476
116.291224	40.099769
116.826804	40.07073
116.306182	40.075993
116.171637	40.047693
116.637073	40.129735
116.666631	40.120083
116.416337	40.066004
116.591434	40.061452
116.59186	40.079306
116.591856	40.079313
116.591873	40.079321
116.41458	40.060785
116.327243	40.05594
116.591869	40.079319
117.094865	40.13155
116.328202	40.05852
116.591144	40.060194
116.59135	40.062007
116.345699	40.055892
116.34798	40.060869
116.661957	40.112291
116.368673	40.075968
116.334696	40.058403
116.664486	40.094458
116.356907	40.061898
116.352157	40.068092
116.660797	40.108434
116.314854	40.054173
116.335559	40.080095
116.333164	40.082311
116.6623	40.11193
116.658155	40.111399
116.547595	40.062782
117.008065	40.0529
116.581767	40.064147
117.112022	40.137357
116.313041	40.05061
116.547708	40.067019
116.547711	40.067039
116.562281	40.068915
116.565777	40.062075
116.429649	40.067128
116.322219	40.080067
116.587638	40.061012
116.657323	40.11238
116.594796	40.050759
116.666382	40.050946
116.4397	40.086616
117.008246	40.054763
116.415046	40.056427
116.41798	40.094635
117.008668	40.053679
116.414129	40.064045
116.404139	40.047097
116.299394	40.050458
116.657913	40.112403
116.435956	40.073797
116.594693	40.048736
116.666442	40.050903
117.119673	40.133516
116.701007	40.101915
115.831778	40.021984
116.421616	40.06216
116.557677	40.022666
116.367631	40.075256
116.346185	40.060541
117.114743	40.137289
116.337555	40.059083
116.647329	40.01376
116.464739	40.020765
116.322776	40.085531
116.304916	40.052109
116.301796	40.053267
116.344645	40.059733
116.34443	40.060209
116.438237	40.001344
116.456924	39.997466
116.426395	40.041756
116.426152	40.040969
116.37004	39.983265
116.370115	39.982429
116.732277	40.014025
116.71862	40.040122
116.456193	39.997373
116.350244	40.080801
116.312859	40.026673
116.311897	40.027559
117.055166	40.086506
116.716129	40.040496
115.615857	39.949102
116.354412	40.080914
116.354801	40.080962
116.594936	40.04739
116.595159	40.047399
116.437366	40.068357
116.312448	40.026582
116.322028	40.021519
116.320385	40.018594
116.31306	40.027344
115.622402	39.943537
115.622399	39.943545
116.414294	40.032572
116.312407	40.027576
116.311795	40.026535
116.339223	40.059255
116.300551	40.049958
116.414043	40.088982
116.24708	40.074025
117.096208	40.129096
116.264431	40.051164
116.658129	40.113245
116.562647	40.06996
116.56103	40.06743
116.562224	40.06856
116.677531	40.103586
116.657764	40.114992
116.658263	40.112752
116.634812	40.128871
116.650228	40.129708
116.65083	40.12966
116.671336	40.120531
116.233462	40.216631
116.267964	40.125845
116.75292	40.085443
116.757719	40.091024
116.655759	40.125752
116.344022	40.059614
116.267819	40.129428
116.267849	40.12798
117.107618	40.139731
116.556618	40.101274
116.884224	40.09025
116.65697	40.121659
117.111633	40.134384
117.112144	40.135043
116.417347	40.116846
116.326201	40.077357
116.354421	40.080965
116.829074	40.065517
116.758341	40.091905
116.336593	40.075522
116.668042	40.108394
116.885068	40.088433
116.564516	40.076866
116.334618	40.067817
116.415195	40.066477
117.010358	40.081243
117.10767	40.149953
115.900482	40.034664
116.165743	40.067924
116.159214	40.075113
117.008617	40.053614
116.429445	40.067297
116.159543	40.077595
116.343178	40.07298
116.650838	40.12805
116.653678	40.126112
116.207642	40.040732
116.664082	40.108412
117.009563	40.068637
116.232534	40.085618
116.227613	40.070245
116.662288	40.109016
116.414975	40.057395
116.415167	40.057588
116.650691	40.120182
116.259822	40.049749
117.112408	40.145946
117.1193	40.142741
117.117269	40.1338
117.117261	40.13379
117.130557	40.136517
116.654618	40.136809
116.374777	40.061404
116.408911	40.059293
116.666045	40.123599
116.26206	40.042435
116.257223	40.049466
116.370222	39.982337
116.370445	39.982327
116.697019	39.986821
116.692218	39.986671
116.591499	40.049096
116.635371	40.128802
117.115342	40.140611
116.661775	40.101351
116.661856	40.102361
116.313975	40.025251
116.615314	40.055876
116.269282	40.124703
117.129092	40.140037
116.47339	40.012082
116.358066	40.084534
117.123756	40.143239
116.649311	40.132245
116.563556	40.062288
115.914093	39.956804
116.412379	39.989085
116.408037	39.99278
116.268527	40.079317
117.111097	40.148595
115.696882	39.972632
116.473446	40.010978
116.482239	40.021405
116.408301	39.99212
116.413679	40.116945
116.258865	40.214111
116.104275	40.004105
116.662572	40.135233
116.653946	40.130367
116.373175	40.108339
116.095696	40.001947
116.209256	40.034902
116.2871	40.033562
116.265468	40.023966
116.371982	40.013276
116.306082	40.043605
116.287339	40.033561
116.326898	40.054103
117.105431	40.136493
116.271789	40.020523
116.244833	40.001668
116.245232	40.002025
116.369501	39.991744
116.319758	40.032285
116.412897	40.033163
116.413109	40.033154
116.668853	40.040553
116.241817	40.22076
117.105552	40.135105
116.758138	40.090839
116.71967	40.078333
116.309378	40.037592
116.309768	40.037116
116.381944	39.999936
116.282947	40.020041
116.277668	40.020726
116.368825	39.991637
116.456978	39.996598
116.420754	39.98962
116.420772	39.989671
116.553443	40.10679
116.552115	40.107007
116.554538	40.096441
116.885313	40.092672
116.919036	40.08728
116.921046	40.090153
117.111536	40.136314
116.200629	39.992635
116.202917	39.994869
116.413743	40.032279
116.412697	40.030402
116.382039	40.009596
116.387509	39.999709
116.38513	39.999468
116.385022	39.997667
116.367734	39.99414
116.382875	39.990787
116.278323	40.014402
116.415879	40.00704
116.550725	40.0881
116.384438	39.997638
116.755342	40.000098
116.439042	40.03266
116.387264	39.977233
116.592326	40.043834
116.395067	39.972039
116.390711	39.968921
116.242924	40.05198
116.652795	40.122082
116.401872	39.990905
116.408395	40.006196
116.408395	40.006361
115.989332	39.96961
116.389878	39.972441
116.390797	39.968989
116.257437	40.048697
116.257254	40.049284
116.656291	40.142409
116.614612	40.117921
116.377632	39.993725
116.404839	40.003034
116.343365	40.003282
116.207969	40.036917
116.283963	40.005267
116.383803	39.979895
116.384364	39.977164
116.660534	40.133956
116.65663	40.132112
116.283923	40.006162
116.386598	39.977249
116.328423	40.009641
115.984698	39.971272
116.274128	40.029945
116.031272	39.905902
116.069133	39.934286
116.072114	39.934953
116.404938	40.005461
116.342436	40.007817
116.40538	40.004038
116.401495	40.002835
116.402416	40.002227
116.404319	40.003638
116.097586	39.953234
116.597524	40.0449
116.395059	39.972226
116.212542	39.973503
116.384746	39.977153
116.111456	39.96213
116.407378	40.003825
116.210811	39.959135
116.437131	39.990702
116.09888	39.951335
116.594855	40.045697
116.390798	39.968989
116.424873	39.988241
116.425249	39.986857
116.415358	39.98359
116.368711	40.035995
116.268816	40.032181
116.1118	39.961935
116.109465	39.961754
116.408818	40.003066
116.398604	39.969179
116.397725	39.96917
116.565615	40.062115
116.274335	40.03105
116.407195	39.992982
116.406865	39.992506
116.406135	40.004494
116.431699	39.988411
115.698978	39.973492
116.398648	39.969208
116.296899	39.990841
116.366949	40.080797
116.571137	40.062406
116.571508	40.062367
116.406881	39.974345
116.400914	39.972516
116.350015	40.035219
116.417605	40.023502
116.254535	40.005499
116.414744	39.989253
116.208882	39.933967
116.207122	39.943306
116.285574	39.982944
116.294678	39.993315
116.291894	39.994087
116.523319	40.024298
116.330366	39.993296
116.595382	40.045576
116.438635	40.076211
116.33056	39.993333
116.307107	39.965314
116.302669	39.968614
116.314467	39.997943
116.412281	40.033031
116.208294	39.980607
116.206841	39.981013
116.207253	39.980062
116.500798	40.009992
116.246376	39.967252
116.371015	40.013683
116.370662	40.013952
116.303206	39.961207
116.302608	39.960368
116.413671	39.998664
116.410525	39.995563
116.411149	39.994918
116.410369	39.995555
116.303309	39.960762
116.307246	39.963097
116.101884	39.938283
116.414852	40.039857
116.420858	40.041241
116.295573	40.024492
116.295866	40.024646
116.381582	40.000628
116.374791	39.980317
116.314383	39.997351
116.312074	40.037072
116.412987	39.99829
116.352973	40.0051
116.46834	40.004501
116.28654	40.012038
116.348847	40.004157
116.403602	39.957433
116.366902	39.980265
116.47257	40.002267
116.344737	40.031639
116.324806	39.977756
116.342914	40.030677
116.341333	40.031001
116.468147	40.012064
116.325291	39.980841
116.3994	39.960333
116.399896	39.963105
116.365257	40.008815
116.407284	39.958558
116.366869	40.00659
116.409625	40.067727
116.467401	40.002161
116.099914	39.944259
116.415065	39.991812
116.113896	39.929181
116.113701	39.929904
116.324367	39.981275
116.324544	39.981594
116.3321	39.976973
116.323445	39.981265
116.408554	39.958706
116.333711	39.987246
116.333752	39.987167
116.334104	39.977062
116.116017	39.931911
116.407293	40.001402
116.40729	40.001718
116.408326	40.003822
116.590929	39.978908
115.771225	39.995406
115.832178	40.017369
116.33305	39.978922
116.334214	39.977817
116.287918	39.961104
116.288227	39.960991
116.286388	39.961316
116.334049	39.977853
116.309466	39.988907
116.309622	39.988915
116.462356	39.993685
116.424111	39.980902
116.339196	40.001006
116.410054	40.005667
116.408326	40.003137
116.403643	40.005576
116.062131	39.930011
116.073082	39.932613
116.483815	39.99124
116.485201	39.990413
116.104311	39.937575
116.402872	40.00218
116.345079	39.999775
116.434511	39.987025
116.409871	40.005687
116.301908	39.964874
116.430187	39.99445
116.430731	39.994507
116.329795	39.982883
116.325253	39.998969
116.408365	39.962313
116.400328	39.969299
116.42487	39.986093
116.424859	39.98609
116.271768	40.03194
116.410942	39.989071
116.343962	40.039393
116.302608	39.968832
116.110615	39.936208
116.111429	39.935519
116.11033	39.937206
116.324418	39.999433
116.406856	40.002244
116.423828	39.985359
116.352913	40.012348
116.398624	39.969198
116.324538	39.999498
116.324263	39.998716
116.423779	39.991472
116.402396	39.970641
116.324133	39.998604
116.334645	39.996233
116.303301	39.968736
116.406899	39.9735
116.331446	40.039556
116.271782	40.032049
116.110597	39.935715
116.416106	39.979541
116.343703	40.003062
116.30335	39.96863
116.301498	39.967421
116.334826	39.997522
116.276898	40.026985
116.407942	39.973122
116.333637	39.996716
116.406538	39.975215
116.407028	39.973929
116.393132	39.978188
116.391229	39.982223
116.401562	39.972026
116.306222	39.989496
116.473853	39.997924
116.47268	39.995973
116.344615	39.981858
116.344615	39.981802
116.308844	39.983774
116.307838	39.984386
116.407068	39.972436
116.370599	39.977568
116.331305	40.040182
116.472887	39.995536
116.475269	39.998209
116.321568	39.975692
116.321764	39.976572
116.320988	39.976516
116.40728	39.964177
116.479134	39.989744
116.384716	39.966282
116.370163	39.958163
116.369795	39.958471
116.32624	39.992963
116.326236	39.992953
116.37518	39.986951
116.291924	39.993703
116.280942	39.957954
116.372406	39.949824
116.400847	39.951695
116.379901	39.956337
116.385547	39.963325
116.38421	39.963247
116.418428	40.027681
116.409018	39.998449
116.378943	39.959642
116.366437	39.945421
116.371732	39.943181
116.524045	40.041439
116.200949	39.943833
116.127922	39.955132
116.302535	39.960899
116.304462	39.961093
116.303427	39.960515
116.380539	39.95547
116.339866	39.993504
116.386469	39.962664
116.338968	39.991857
116.408576	39.953962
116.408557	39.954278
116.407577	39.95393
116.308483	39.983597
116.12813	39.954841
116.395577	39.964768
116.389808	39.967894
116.407648	39.95458
116.410796	39.972301
116.303054	39.974567
116.257199	40.007633
116.324617	39.992753
116.490378	39.984983
116.371651	39.955323
116.411915	39.961776
116.379013	39.960575
116.488813	39.984365
116.379885	39.955908
116.381111	39.951659
116.095931	39.942322
116.32505	39.992763
116.310294	39.983435
116.336344	39.978532
116.308261	39.964028
116.470078	40.006325
116.382374	39.951577
116.327403	39.99311
116.320887	39.969633
116.320903	39.969299
116.331369	39.99392
116.395636	39.957437
116.367959	39.995283
116.462431	40.000507
116.311592	39.960319
116.191066	39.933128
116.310474	39.983718
116.4191	39.980267
116.418426	40.028292
116.218332	39.909917
116.379921	39.954358
116.352021	40.031144
116.464151	40.000843
116.294881	39.967657
116.295357	39.967636
116.352236	40.03067
116.370877	39.956739
116.217946	39.909744
116.398154	39.957342
116.397388	39.956908
116.407444	39.95186
116.378851	39.953932
116.378794	39.955452
116.308009	39.96572
116.35712	40.03287
116.355821	40.033553
116.379921	39.954879
116.409022	39.951881
116.490519	39.979226
116.462565	39.990219
116.38758	39.954548
116.337	39.977241
116.200445	39.920851
116.200672	39.921078
116.193758	39.926476
116.490554	39.979996
116.279792	39.961767
116.337566	40.034352
116.223685	39.996573
116.221098	39.995694
116.479849	39.985642
116.197623	39.947913
116.483618	39.990463
116.333847	39.984871
116.278943	39.961614
116.478686	39.988154
116.108208	39.935384
116.382484	39.974315
116.296917	39.966857
116.271692	39.953606
116.304701	39.984
116.306009	39.983726
116.379554	39.96528
116.458153	39.987291
116.372384	39.949986
116.490213	39.986666
116.27744	39.954293
116.275296	39.95497
116.378679	39.967433
116.371048	39.9619
116.352303	39.99714
116.37941	39.963856
116.278652	39.953991
116.37887	39.961887
116.325419	39.984262
116.324459	39.983784
116.379433	39.964331
116.13945	39.937803
116.12804	39.938629
116.434682	39.986984
116.335314	39.993323
116.334767	39.993259
116.472856	39.995516
116.312627	39.975575
116.474414	39.993911
116.317931	39.973656
116.380392	39.964144
116.407174	39.964947
116.410816	39.968439
116.1052	39.934965
116.468998	39.995895
116.371741	39.94412
116.256337	39.986499
116.381433	40.008832
116.421738	40.041217
116.467025	40.006998
116.311547	40.034705
116.2839	39.95842
116.3823	39.972081
116.466957	40.007744
116.413673	39.999102
116.372196	40.001952
116.372518	40.00195
116.373293	40.001324
116.463364	40.001975
116.466722	40.008978
116.462362	40.001458
116.096189	39.93799
116.473643	39.993328
116.313061	40.030175
116.308886	40.036244
116.311188	40.03593
116.401406	39.995261
117.124347	40.14013
116.31091	40.030515
116.311901	40.031183
116.389951	39.967738
116.099677	39.949124
116.284545	39.959935
116.309979	39.984342
116.309789	39.984408
116.385896	40.001694
116.421784	40.041747
116.307529	40.035969
116.331359	39.993353
116.372856	39.979594
116.37554	40.003407
116.305845	39.975292
116.337214	39.989908
116.095162	39.943563
116.473682	40.004404
116.389301	39.967993
116.369087	39.979118
116.369244	39.97983
116.369162	39.980172
116.382606	39.997621
116.381106	39.981239
116.417859	39.995331
116.418349	39.996831
116.309729	39.983477
116.417839	39.995963
116.395468	39.961305
116.097399	39.943154
116.378779	39.955732
116.229564	39.925052
116.230295	39.92587
116.409014	39.951875
116.407104	39.951794
116.395363	39.963513
116.293957	39.967553
116.394565	39.957288
116.273799	39.959539
116.373246	39.967532
116.375493	39.968469
116.193833	39.922912
116.310745	39.976412
116.087713	39.968845
116.356053	40.029708
116.311536	39.976068
116.423072	39.999217
116.573526	40.002469
116.555522	39.971754
116.318868	40.011366
116.104874	39.93645
116.105827	39.935896
116.099911	39.943986
116.402981	39.995165
116.282659	39.972942
116.190828	40.040454
116.35333	40.025704
116.338902	39.999335
116.297048	39.966424
116.409917	39.967176
116.41073	39.96743
116.385016	39.974184
116.411943	40.026591
116.431379	39.979941
116.112738	39.912836
116.111976	39.908613
116.468816	40.00228
116.406681	39.990827
116.406672	39.991115
116.406679	39.990593
116.352699	40.016279
116.258204	40.042427
116.348829	40.039701
116.085755	39.937943
116.402631	39.98952
116.278767	40.024815
116.25904	40.042032
116.339791	39.996586
116.409006	40.002302
116.4574	39.987796
116.457399	39.98803
116.370882	39.963454
116.411024	39.991922
116.416537	39.983626
116.41198	39.982899
116.385624	39.972875
116.432762	40.065186
116.420697	39.98963
116.298437	39.961091
116.344792	40.009941
116.294654	39.972252
116.364717	40.034908
116.401663	39.989108
116.408113	39.970646
116.100709	39.941722
116.410708	39.982757
116.256668	40.007306
116.308889	39.984135
116.37128	39.959768
116.411405	39.982947
116.416799	39.982903
116.122997	39.958051
116.311865	40.031343
116.271992	40.002859
116.411507	39.969838
116.4668	40.004613
116.5111	40.024088
116.436886	39.983843
116.289277	39.961367
116.462498	39.992022
116.433593	39.983761
116.433419	39.983762
116.286687	39.959982
116.370449	39.97061
116.369622	39.970145
116.305783	39.987196
116.281197	39.952324
116.306398	39.978284
116.305783	39.977797
116.306438	39.977946
116.477769	40.002428
116.478145	40.002671
116.370954	40.001883
116.378003	39.968854
116.313236	40.029729
116.316405	39.991615
116.373688	39.971161
116.190327	39.934787
116.483069	39.98994
116.279933	40.024565
116.400764	40.003926
116.382367	39.973077
116.331137	39.993207
116.332514	39.993768
116.275891	39.91473
116.37076	39.968629
116.408137	39.994597
116.297567	39.964651
116.297642	39.964363
116.331261	39.995841
116.331895	39.995028
116.324334	39.981225
116.316536	39.99072
116.280842	39.951865
116.184003	39.932125
116.348956	39.995706
116.273399	39.913485
116.393432	39.95072
116.391304	39.95129
116.305397	39.982065
116.47585	40.001459
116.352199	40.00039
116.310663	39.97758
116.351472	39.993679
116.38421	39.963248
116.381283	39.997925
116.10553	39.932298
116.48913	39.986641
116.386351	39.965561
116.3805	39.962591
116.308772	39.981696
116.31873	39.971213
116.398195	39.950849
116.398084	39.95116
116.31057	39.984332
116.312055	39.984401
116.311573	39.983813
116.479038	39.976964
116.311667	39.984598
116.308505	39.982852
116.207103	39.917192
116.207546	39.917126
116.112053	39.909546
116.490118	39.977021
116.470512	40.011992
116.299008	40.024519
116.198405	39.921882
116.468063	39.986106
116.475546	39.985786
116.198465	39.915175
116.198494	39.914479
116.277344	39.923478
116.264241	39.912464
116.264449	39.914078
116.264449	39.91379
116.306943	39.978831
116.555867	39.976657
116.288912	39.958226
116.303876	39.985892
116.304882	39.986501
116.275616	39.942552
116.350002	39.991556
116.309272	39.979472
116.31132	39.980052
116.311346	39.979664
116.371348	39.968644
116.273446	39.937686
116.304912	39.987196
116.322128	39.961076
116.312401	39.980868
116.312237	39.979242
116.389864	39.948373
116.32352	39.992733
116.403342	39.962644
116.40348	39.962569
116.403612	39.962483
116.478887	39.98632
116.169319	39.927372
116.473624	39.983436
116.408028	39.974464
116.40688	39.974345
116.407039	39.974911
116.408075	39.974278
116.369072	39.985432
116.105766	39.960585
116.38458	39.953789
116.490091	39.977879
116.19631	39.928864
116.404144	39.994521
116.233608	39.955552
116.306298	39.979608
116.257216	39.974579
116.200443	39.946061
116.341264	40.040988
116.391792	39.953926
116.335906	40.037596
116.335086	40.036782
116.378684	39.954405
116.513014	40.000816
116.526449	40.007531
116.418098	40.001759
116.254197	40.006251
116.424518	39.995301
116.306669	39.981296
116.198449	39.915843
116.469446	39.980515
116.394898	39.953254
116.410181	39.968369
116.19731	39.927677
116.106537	39.932833
116.106601	39.932627
116.338815	40.037542
116.335323	40.036736
116.378931	39.954519
116.28108	39.966538
116.281114	39.966568
116.283166	39.963003
116.280692	39.961198
116.387126	39.968882
116.371342	40.001849
116.402395	39.998496
116.194194	39.910158
116.194907	39.910761
116.192556	39.910778
116.107596	39.931054
116.660551	39.954918
116.658179	39.969477
116.658955	39.964551
116.279905	39.961172
116.556647	39.948089
116.202333	39.910655
116.728925	39.915276
116.730167	39.915647
116.732199	39.915483
116.30723	39.972938
116.329679	39.994967
116.329706	39.99478
116.434945	39.939907
116.435395	39.940417
116.377193	39.932169
116.377206	39.932488
116.373756	39.924245
116.329244	39.939287
116.333368	39.939005
116.590184	39.929079
116.357888	39.923404
116.47809	40.003372
116.326431	39.933166
116.32745	39.932838
116.325017	39.933481
116.357494	39.923421
116.436707	39.940255
116.436719	39.940407
116.408472	39.957831
116.259018	39.947164
116.3163	39.97759
116.316463	39.977543
116.364986	39.988798
116.365868	39.988902
116.731016	39.944312
116.731849	39.942848
116.276771	39.916458
116.467553	39.995314
116.168713	39.928677
116.327518	39.911282
116.341566	39.924122
116.343008	39.923898
116.342265	39.923831
116.366511	39.93215
116.32328	39.963738
116.330016	39.911156
116.359526	39.922237
116.339809	39.914168
116.301393	39.945734
116.33772	39.968068
116.305403	39.983108
116.286355	39.958942
116.289522	39.959279
116.307541	39.970336
116.355576	39.925911
116.551121	39.911733
116.280314	39.913758
116.467623	39.99459
116.378436	39.955797
116.357771	39.929309
116.300731	39.945935
116.323169	39.966292
116.18437	39.914225
116.344451	39.976804
116.360495	39.975052
116.359424	39.976898
116.354389	39.922633
116.366247	39.977421
116.358622	39.937672
116.269719	39.917884
116.315563	39.960653
116.315577	39.96067
116.323137	39.992711
116.360649	39.967379
116.273676	39.951368
116.297124	39.960757
116.354644	39.918244
116.362207	39.967353
116.403456	39.924353
116.424364	39.974533
116.424357	39.974589
116.424349	39.975225
116.349072	39.932842
116.344818	39.939517
116.489294	39.9795
116.254421	39.968331
116.354253	39.918133
116.32222	39.954198
116.322895	39.955489
116.322775	39.954229
116.323438	39.964549
116.323454	39.964564
116.349672	39.934106
116.349837	39.93392
116.341967	39.938869
116.407598	39.95679
116.199934	39.946149
116.199989	39.946009
116.199116	39.909432
116.26109	39.929044
116.553688	39.966039
116.356506	39.993106
116.393312	39.952298
116.35329	40.001868
116.353136	40.00284
116.40461	39.994563
116.338061	39.976462
116.350394	39.928473
116.321817	39.953768
116.349685	39.934478
116.762937	39.940754
116.424445	39.972826
116.476444	39.980467
116.276817	39.933294
116.556165	39.949604
116.315266	39.98112
116.361633	39.961627
116.424248	39.964242
116.639121	39.926091
116.282116	39.932045
116.35485	39.923098
116.354855	39.922906
116.345164	39.937125
116.358849	39.92318
116.34553	39.974114
116.344856	39.974076
116.344803	39.973982
116.364293	39.92256
116.354544	39.977231
116.287229	39.927747
116.546132	39.961027
116.435469	39.940006
116.353271	39.977335
116.35347	39.922852
116.337664	39.931894
116.365067	39.921974
116.354515	39.977228
116.333734	39.938812
116.336449	39.92576
116.673329	39.931257
116.329243	39.947222
116.30474	39.939571
116.337866	39.914519
116.335648	39.914233
116.35315	39.918208
116.377997	39.922815
116.32504	39.971222
116.333649	39.970283
116.333495	39.971823
116.310649	39.940281
116.366426	39.927446
116.484326	39.971242
116.292294	39.936699
116.551664	39.916113
116.405148	39.91503
116.357276	39.92986
116.318836	39.954461
116.340551	39.914174
116.341708	39.914208
116.313145	39.98367
116.312961	39.983581
116.41861	39.967065
116.696262	39.945659
116.696735	39.945633
116.32828	39.966801
116.395683	39.936152
116.37692	39.925524
116.417261	39.967244
116.323372	39.966324
116.764123	39.916783
116.568304	39.916001
116.442109	39.941622
116.347802	39.932834
116.347549	39.932866
116.347445	39.932861
116.348709	39.932822
116.354241	39.932793
116.351935	39.932826
116.353062	39.932257
116.354655	39.932796
116.358328	39.918168
116.563508	39.913549
116.311807	39.943287
116.409993	39.915619
116.344661	39.912356
116.344072	39.913742
116.378965	39.961135
116.332798	39.92698
116.356398	39.993103
116.557219	39.915578
116.57799	39.914075
116.364252	39.982058
116.322429	39.957692
116.339364	39.961938
116.411012	39.915605
116.332909	39.926981
116.373734	39.923059
116.353296	39.981546
116.354527	39.981797
116.366479	39.98163
116.417887	39.961855
116.333511	39.92846
116.563094	39.915582
116.436022	39.93839
116.32345	39.948945
116.354878	39.92466
116.333503	39.927067
116.290169	39.958346
116.318247	39.95318
116.324943	39.975924
116.325377	39.97577
116.425021	39.966912
116.623011	39.906897
116.337467	39.93568
116.32441	39.953471
116.408707	39.942306
116.334657	39.927271
116.317144	39.981523
116.351756	39.932817
116.298354	39.940307
116.42442	39.964948
116.325756	39.975928
116.33616	39.976104
116.424373	39.965009
116.411337	39.919617
116.346457	39.963762
116.332302	39.938858
116.35877	39.931977
116.358834	39.934625
116.727007	39.942639
116.265008	39.909459
116.181756	39.914273
116.358995	39.985584
116.358979	39.985531
116.286411	39.931782
116.333975	39.925152
116.327916	39.936883
116.325008	39.934907
116.302499	39.944492
116.305136	39.943563
116.305634	39.944396
116.308949	39.953312
116.323686	39.959055
116.323593	39.959305
116.364323	39.922165
116.327428	39.938205
116.342441	39.914371
116.355336	39.961905
116.365278	39.932711
116.365281	39.932715
116.305639	39.944397
116.253878	39.917884
116.253296	39.909021
116.260984	39.917465
116.317081	39.983337
116.352811	39.938919
116.344553	39.915828
116.324989	39.935206
116.312858	39.980212
116.31337	39.982034
116.313158	39.982058
116.301302	39.960008
116.467011	39.997627
116.311302	39.942842
116.323153	39.96612
116.323119	39.965446
116.312354	39.979299
116.323644	39.949095
116.3211	39.987524
116.269786	39.947646
116.424643	39.994071
116.31973	39.976558
116.319368	39.97649
116.319909	39.951573
116.395751	39.937649
116.478822	39.977009
116.352636	39.992958
116.312707	39.980276
116.389524	39.951297
116.292926	39.947059
116.313727	39.986697
116.467727	39.986559
116.345326	39.917325
116.41773	39.964495
116.387905	39.966054
116.292907	39.94725
116.292974	39.946772
116.317196	39.973416
116.320429	39.976379
116.38244	39.962479
116.273639	39.935937
116.352241	39.985771
116.261279	40.006142
116.481021	39.978528
116.191066	39.934025
116.333303	39.927511
116.333496	39.927908
116.32857	39.957446
116.556099	39.915541
116.556095	39.915531
116.308235	39.958258
116.308433	39.957273
116.192055	39.926222
116.185181	39.929356
116.165166	39.916561
116.326341	39.925009
116.347246	39.923009
116.348362	39.968334
116.287574	39.942448
116.410974	39.91484
116.298434	39.947038
116.35604	40.030592
116.28759	39.942666
116.469647	39.985291
116.436169	39.93862
116.355155	39.981738
116.358714	39.936874
116.290075	39.941864
116.357642	39.989583
116.357302	39.990362
116.410336	39.918787
116.309057	39.951477
116.153586	39.933563
116.154998	39.932418
116.154992	39.932416
116.344915	39.923901
116.328511	39.922924
116.350491	39.923874
116.289457	39.942433
116.25359	39.92321
116.253588	39.923548
116.357757	39.931916
116.201526	39.910985
116.164272	39.926886
116.469851	39.98616
116.264098	39.928569
116.201076	39.914041
116.202505	39.910659
116.353297	39.978746
116.265015	39.909773
116.340544	39.927925
116.303359	39.94525
116.186409	39.913401
116.345342	39.917851
116.437274	39.969884
116.334891	39.928338
116.59522	39.912031
116.590903	39.915748
116.589582	39.912794
116.302429	39.945528
116.340247	39.913852
116.373767	39.919924
116.33975	39.922781
116.342397	39.927289
116.439438	39.940713
116.437541	39.969794
116.322351	39.928349
116.655631	39.918324
116.65569	39.917982
116.363707	39.918051
116.363427	39.918252
116.418421	39.96983
116.412984	39.961823
116.327674	39.938218
116.327819	39.938216
116.340901	39.966899
116.28685	39.924914
116.325011	39.948596
116.325011	39.95308
116.347188	39.976162
116.314049	39.986692
116.314356	39.986737
116.36537	39.917745
116.361901	39.918092
116.362717	39.917872
116.362735	39.917618
116.34478	39.912485
116.344779	39.913533
116.432744	39.937896
116.286389	39.923647
116.356832	39.951008
116.338086	39.97165
116.324863	39.949046
116.324929	39.948872
116.35177	39.923897
116.285164	39.950167
116.285884	39.949962
116.325466	39.973685
116.284386	39.923651
116.416755	39.961958
116.355701	39.949173
116.349009	39.976828
116.348521	39.918236
116.349285	39.97613
116.348734	39.976135
116.335506	39.957262
116.289769	39.946902
116.349896	39.976816
116.371256	39.940532
116.452747	39.93318
116.340408	39.958215
116.342684	39.932072
116.325224	39.94572
116.368085	39.941199
116.335417	39.952955
116.315868	39.982174
116.468855	39.992882
116.353074	39.931631
116.436159	39.936879
116.339168	39.970275
116.338123	39.971387
116.371322	39.932363
116.359461	39.920363
116.359496	39.919477
116.36794	39.941324
116.313203	39.941625
116.319747	39.976641
116.436729	39.935167
116.35779	39.920619
116.35779	39.920619
116.35779	39.920619
116.360217	39.919487
116.35763	39.918885
116.429624	39.968857
116.359306	39.918885
116.35885	39.918811
116.364141	39.967364
116.303836	39.936941
116.361711	39.954213
116.729381	39.941034
116.3565	39.957412
116.408065	39.94642
116.372664	39.932315
116.357805	39.920631
116.339234	39.936059
116.425312	39.94152
116.361107	39.919048
116.406079	39.922836
116.345418	39.976088
116.330816	39.967814
116.644857	39.9133
116.372878	39.929631
116.361718	39.955647
116.302359	39.928337
116.437431	39.933282
116.436929	39.933165
116.387317	39.933504
116.426307	39.941398
116.345579	39.937056
116.360875	39.918175
116.384826	39.932868
116.346182	39.937883
116.310856	39.929715
116.411118	39.926322
116.30949	39.928567
116.438754	39.933174
116.330792	39.911354
116.545516	39.94088
116.3034	39.956408
116.361221	39.952605
116.373778	39.919932
116.357646	39.920956
116.490481	39.97504
116.490543	39.974606
116.490564	39.974109
116.351148	39.968101
116.351022	39.923157
116.304883	39.986472
116.313646	39.928595
116.590027	39.919934
116.322789	39.928333
116.359368	39.989068
116.742983	39.961267
116.324104	39.928443
116.367812	39.940278
116.368983	39.940501
116.416286	39.968758
116.432646	39.926229
116.293126	39.921457
116.365149	39.920925
116.594918	39.914085
116.428704	39.924122
116.300063	39.924578
116.409772	39.933045
116.422304	39.957121
116.450899	39.933031
116.46375	39.951895
116.314395	39.91104
116.335241	39.953668
116.440566	39.970271
116.440427	39.970077
116.302649	39.911952
116.432985	39.938978
116.41053	39.927448
116.432244	39.931057
116.436265	39.930885
116.356074	39.952775
116.288451	39.92245
116.285192	39.926841
116.430842	39.936806
116.49055	39.972973
116.433165	39.927357
116.414532	39.91891
116.43304	39.938624
116.420355	39.958951
116.293644	39.925249
116.302887	39.913255
116.412457	39.91884
116.341162	39.92799
116.409067	39.939393
116.415612	39.918539
116.415221	39.91849
116.292457	39.924851
116.292262	39.924896
116.346006	39.957885
116.343143	39.929533
116.450762	39.930053
116.327463	39.951599
116.656268	39.914653
116.656972	39.913806
116.363277	39.950344
116.30951	39.910439
116.419731	39.955319
116.451585	39.970562
116.444829	39.927271
116.359579	39.91609
116.450821	39.930014
116.44525	39.964443
116.35856	39.912601
116.359428	39.911451
116.357897	39.912578
116.360266	39.912531
116.290723	39.920924
116.449502	39.936761
116.432758	39.939268
116.35959	39.916089
116.323805	39.947267
116.445667	39.964168
116.438417	39.967712
116.160452	39.928488
116.436124	39.936526
116.452355	39.971873
116.439494	39.96712
116.436016	39.966828
116.417289	39.924948
116.36775	39.933141
116.360477	39.918837
116.650718	39.914469
116.347555	39.954478
116.417613	39.926421
116.41293	39.924119
116.448638	39.963812
116.449457	39.963729
116.368175	39.937383
116.673384	39.909883
116.692829	39.916055
116.35613	39.952887
116.160292	39.927582
116.380074	39.930251
116.428869	39.962424
116.385708	39.932904
116.385422	39.932865
116.372525	39.914312
116.38069	39.912482
116.686195	39.92767
116.458561	39.948493
116.356337	39.934814
116.316891	39.932757
116.476037	39.953529
116.420395	39.94895
116.35514	39.950614
116.354885	39.951007
116.411581	39.92451
116.294615	39.910715
116.295296	39.91238
116.497612	39.955796
116.304837	39.924414
116.433002	39.923612
116.349616	39.945057
116.42555	39.969839
116.342265	39.92383
116.342265	39.923831
116.342265	39.92383
116.342265	39.923831
116.342265	39.92383
116.342265	39.923831
116.342265	39.92383
116.342999	39.922883
116.341443	39.922759
116.444962	39.943497
116.463269	39.949277
116.502947	39.964872
116.304155	39.923288
116.297303	39.913152
116.46508	39.949882
116.298522	39.924602
116.33428	39.96255
116.295345	39.909601
116.294593	39.909234
116.46061	39.951515
116.591513	39.915629
116.460796	39.951268
116.320189	39.924117
116.345286	39.949373
116.465372	39.950062
116.464836	39.949876
116.465075	39.9499
116.465099	39.949909
116.405447	39.928486
116.348895	39.944269
115.68544	39.869984
115.763845	39.89007
116.426981	39.918496
116.426577	39.909684
116.359272	39.910368
116.359189	39.909731
116.357976	39.909779
116.360396	39.911444
116.431266	39.909352
116.411659	39.933136
116.438311	39.94906
116.424934	39.955631
116.468494	39.947083
116.424731	39.958974
116.417868	39.91937
116.456764	39.958085
116.425588	39.915336
116.425115	39.915332
116.424628	39.958923
116.365053	39.915798
116.376417	39.93825
116.339502	39.95814
116.342056	39.927963
116.343143	39.929529
116.365504	39.915871
116.36495	39.917075
116.3579	39.910719
116.360396	39.911444
116.359217	39.910668
116.294948	39.923121
116.29114	39.927302
116.364204	39.917167
116.360409	39.914376
116.429117	39.915336
116.432524	39.915368
116.36447	39.915139
116.469816	39.951512
116.34954	39.90966
116.438603	39.962212
116.433987	39.959974
116.298519	39.925625
116.359533	39.91514
116.433137	39.935282
116.377499	39.914404
116.700758	39.918477
116.423851	39.924018
116.439978	39.960107
116.366149	39.9118
116.496106	39.962036
116.426637	39.923891
116.467268	39.958022
116.4171	39.928415
116.417186	39.940017
116.467208	39.958197
116.440259	39.961721
116.369369	39.916931
116.35144	39.958228
116.424515	39.924034
116.494956	39.962174
116.372511	39.913459
116.686069	39.913748
116.373843	39.91678
116.373937	39.916721
116.373993	39.917463
116.373975	39.917652
116.675957	39.909478
116.373358	39.914944
116.308986	39.925138
116.459734	39.955404
116.37098	39.90965
116.421289	39.948923
116.685559	39.913606
116.311053	39.925376
116.372662	39.911128
116.693738	39.916426
116.694035	39.915879
116.693264	39.91629
116.490959	39.959152
116.477354	39.950257
116.311915	39.924634
116.30335	39.923535
116.303073	39.923529
116.455931	39.950913
116.459718	39.955524
116.459417	39.953933
116.37447	39.912278
116.373227	39.913389
116.374342	39.911577
116.424755	39.948932
116.300508	39.924491
116.313207	39.923522
116.41731	39.935394
116.42408	39.948864
116.41771	39.911277
116.460389	39.952871
116.315658	39.924366
116.299959	39.924677
116.418269	39.910627
116.417599	39.910771
116.36447	39.914848
116.353211	39.915398
116.354041	39.916886
116.354037	39.91689
116.354056	39.91689
116.354134	39.917326
116.3153	39.924367
116.424448	39.948484
116.427015	39.917797
116.32021	39.910317
116.346471	39.91212
116.595946	39.90969
116.452703	39.934958
116.464496	39.945834
116.464508	39.945843
116.464508	39.945843
116.440491	39.960039
116.352967	39.914298
116.357976	39.913452
116.364675	39.914386
116.425784	39.958969
116.422261	39.96968
116.435448	39.968708
116.430119	39.933177
116.323136	39.932913
116.431324	39.934222
116.432295	39.933064
116.417712	39.969913
116.666028	39.909507
116.431206	39.933204
116.448326	39.934107
116.348573	39.940058
116.34841	39.940012
116.409207	39.94018
116.450794	39.929366
116.462439	39.934258
116.445759	39.934072
116.409194	39.94037
116.325755	39.968624
116.345688	39.917623
116.345688	39.917623
116.345688	39.917623
116.345688	39.917623
116.301866	39.909697
116.344585	39.954016
116.450904	39.970803
116.435469	39.940006
116.362497	39.946254
116.357852	39.945236
116.347863	39.939877
116.456112	39.933109
116.455994	39.932975
116.283681	39.914847
116.357137	39.946785
116.357089	39.945687
116.357148	39.946267
116.360972	39.946924
116.413241	39.972563
116.399112	39.940698
116.437992	39.959897
116.418208	39.973907
116.41706	39.929625
116.361325	39.946541
116.353209	39.93977
116.417511	39.918003
116.490528	39.965781
116.640215	39.91563
116.333605	39.969687
116.642396	39.915605
116.365985	39.957755
116.396116	39.933068
116.404702	39.91503
116.283794	39.91261
116.283679	39.911851
116.377465	39.917043
116.334711	39.969588
116.481338	39.966195
116.668286	39.909536
116.425713	39.962447
116.424741	39.96198
116.451534	39.961014
116.451882	39.960637
116.447287	39.963799
116.348107	39.944496
116.348518	39.944368
116.444504	39.938212
116.450544	39.963223
116.435716	39.932817
116.315632	39.90841
116.360282	39.952303
116.425404	39.95448
116.405392	39.933264
116.439678	39.934174
116.435401	39.930628
116.435383	39.930614
116.412581	39.940601
116.324999	39.934604
116.323065	39.931962
116.440626	39.929509
116.440629	39.930078
116.413771	39.964799
116.428283	39.933306
116.427185	39.933933
116.29461	39.911206
116.429684	39.959064
116.424738	39.956692
116.424162	39.959044
116.319623	39.933423
116.450131	39.940891
116.444269	39.941559
116.429824	39.933197
116.440709	39.92806
116.411651	39.913305
116.411858	39.912236
116.275443	39.88495
116.372649	39.908179
116.433972	39.912991
116.433951	39.912975
116.434288	39.913343
116.317778	39.924193
116.439393	39.955719
116.291882	39.90796
116.250925	39.875263
116.432498	39.942728
116.427101	39.915385
116.721408	39.856365
116.721529	39.85469
116.440391	39.923408
116.317042	39.922745
116.645635	39.907094
116.811152	39.854937
116.411864	39.903456
116.416104	39.901868
116.644185	39.906922
116.435895	39.914096
116.464478	39.958889
116.324521	39.951404
116.421477	39.948928
116.457975	39.956724
116.432656	39.9564
116.439602	39.923747
116.438478	39.923738
116.37278	39.913163
116.356819	39.939574
116.662542	39.909154
116.302248	39.923499
116.466885	39.958729
116.431315	39.940289
116.456367	39.951853
116.417102	39.94358
116.381756	39.91825
116.447235	39.965531
116.459424	39.9558
116.474009	39.95431
116.461057	39.954048
116.464126	39.957909
116.463406	39.956596
116.349271	39.944155
116.461119	39.953982
116.46248	39.95584
116.416579	39.910415
116.667755	39.912873
116.349485	39.947552
116.417571	39.914796
116.417552	39.915277
116.464317	39.95314
116.421794	39.909915
116.418205	39.974322
116.301523	39.912854
116.417724	39.913642
116.425747	39.95291
116.433084	39.953494
116.464263	39.953283
115.786086	39.888284
116.031991	39.876635
116.340734	39.948342
116.304762	39.936486
116.309535	39.9386
116.472147	39.945281
116.360372	39.91722
116.360499	39.91513
116.304788	39.937492
116.314191	39.941325
116.309496	39.93597
116.642397	39.915466
116.104671	39.902518
116.497887	39.959688
116.440511	39.950747
116.438247	39.946944
116.364081	39.913602
116.440919	39.960066
116.413464	39.941325
116.424945	39.933191
116.424945	39.933191
116.30627	39.927871
116.417078	39.9291
116.417078	39.928995
116.253998	39.907035
116.241898	39.90342
116.312522	39.93199
116.309483	39.93575
116.30951	39.935549
116.457322	39.957203
116.242668	39.903281
116.209852	39.846231
116.309532	39.935056
116.433263	39.931103
116.433183	39.931928
116.43332	39.931418
116.435789	39.931922
116.446153	39.941631
116.465209	39.959749
116.454032	39.916067
116.453267	39.917867
116.435269	39.931861
116.228884	39.901006
116.224763	39.899274
116.311675	39.925087
116.311675	39.925087
116.31165	39.923338
116.236405	39.901346
116.241662	39.900305
116.235237	39.900977
116.235187	39.903384
116.371469	39.907707
116.419648	39.907389
116.283706	39.902003
116.367434	39.875644
116.230621	39.847194
116.314944	39.93307
116.319501	39.933086
116.321982	39.93293
116.590662	39.918726
116.495914	39.954239
116.491456	39.958024
116.373235	39.913396
116.373227	39.913389
116.264141	39.906841
116.225589	39.851194
116.433971	39.91299
116.420815	39.907399
116.282914	39.900653
116.233064	39.846467
116.320977	39.93283
116.323496	39.932874
116.440165	39.927448
116.281141	39.900538
116.371921	39.876013
116.232671	39.848542
116.422489	39.907475
116.373239	39.913398
116.434139	39.912574
116.436501	39.912927
116.436045	39.912663
116.253435	39.873457
116.721106	39.853541
116.436152	39.91412
116.436426	39.914075
116.433972	39.912992
116.719336	39.858384
116.74693	39.850632
116.422489	39.907475
116.282134	39.900568
116.422661	39.909053
116.228859	39.892454
116.649339	39.90145
116.373469	39.903814
116.225313	39.904175
116.45115	39.923834
116.595236	39.853225
116.426281	39.866106
116.426331	39.866297
116.224722	39.90276
116.216056	39.89865
116.228876	39.900885
116.316536	39.905457
116.721335	39.857375
116.274786	39.905443
116.383009	39.862697
116.444785	39.922325
116.110541	39.901105
116.218983	39.900991
116.646906	39.90723
116.470114	39.909999
116.470924	39.909253
116.46529	39.90754
116.449907	39.948448
116.449557	39.947851
116.264171	39.888809
116.264282	39.888362
116.45476	39.947574
116.454789	39.950912
116.302325	39.90114
116.45075	39.918174
116.311675	39.925087
116.194099	39.906874
116.453087	39.916224
116.454195	39.913896
116.45318	39.9161
116.438111	39.924858
116.264205	39.893523
116.44714	39.922793
116.24496	39.903336
116.440095	39.924644
116.446835	39.923584
116.203283	39.907842
116.26007	39.900237
116.645202	39.894376
116.46941	39.944327
116.468333	39.893695
116.264284	39.900078
116.437414	39.923734
116.467255	39.892776
116.258831	39.907685
116.264668	39.899611
116.267022	39.900099
116.453774	39.944128
116.434131	39.914242
116.437717	39.915269
116.311067	39.899104
116.257942	39.90667
116.464847	39.946987
116.434102	39.913772
116.253389	39.889053
116.456449	39.951174
116.287526	39.907875
116.287848	39.908097
116.286361	39.90796
116.452986	39.954868
116.364477	39.914842
116.314475	39.897721
116.314756	39.897692
116.258477	39.855506
116.264288	39.895295
116.19702	39.851157
116.412287	39.909141
116.412287	39.909141
116.412291	39.909444
116.286681	39.907697
116.256695	39.907668
116.473723	39.894058
116.473711	39.893976
116.323037	39.896023
116.412036	39.908926
116.434725	39.917811
116.476091	39.893656
116.476339	39.893668
116.416264	39.909191
116.463191	39.908987
116.259403	39.907869
116.260706	39.906881
116.259532	39.907058
116.43233	39.94061
116.278443	39.907044
116.412148	39.909556
116.477058	39.895325
116.456602	39.907617
116.416626	39.907427
116.419584	39.909365
116.408527	39.873436
116.456824	39.907514
116.286647	39.889744
116.269357	39.880843
116.228415	39.903335
116.42554	39.865492
116.424445	39.865977
116.374873	39.905116
116.373261	39.871816
116.378338	39.907799
116.379002	39.907886
116.425236	39.905483
116.457317	39.906958
116.456576	39.906941
116.187343	39.907189
116.362395	39.913717
116.264967	39.902167
116.451414	39.921375
116.425093	39.866006
116.649648	39.901306
116.477072	39.894108
116.476947	39.893758
116.450733	39.925271
116.191765	39.906705
116.47076	39.909995
116.465505	39.907616
116.644227	39.901738
116.446453	39.925581
116.418328	39.895529
116.41821	39.895615
116.444947	39.92209
116.383651	39.861999
116.413569	39.908855
116.662662	39.905355
116.37596	39.907354
116.427729	39.907567
116.41918	39.895136
116.419261	39.895566
116.419232	39.894489
116.658287	39.905296
116.649361	39.902354
116.371571	39.901836
116.371579	39.901832
116.411705	39.908432
116.45528	39.906159
116.418344	39.894024
116.463365	39.907454
116.464055	39.906405
116.477074	39.907275
116.452789	39.948207
116.453375	39.948299
116.24513	39.889343
116.428819	39.905512
116.295991	39.890709
116.480751	39.909491
116.481662	39.909053
116.481568	39.90907
116.392506	39.861324
116.39242	39.860942
116.277508	39.872932
116.279855	39.872681
116.276219	39.871357
116.301876	39.909262
116.30347	39.908078
116.256388	39.889746
116.477158	39.907592
116.634894	39.891887
116.302573	39.908631
116.302705	39.908082
116.3027	39.908081
116.304009	39.908073
116.415237	39.909415
116.458233	39.905484
116.450561	39.94805
116.431048	39.897247
116.416012	39.909213
116.416012	39.909213
116.358551	39.909901
116.430074	39.897241
116.427794	39.899466
116.63513	39.884748
116.428416	39.8972
116.429689	39.906665
116.451355	39.919429
116.448264	39.923564
116.276154	39.892451
116.314685	39.907073
116.314987	39.90706
116.313467	39.906733
116.320725	39.903626
116.320747	39.902116
116.37555	39.898203
116.29547	39.887669
116.453999	39.944182
116.454914	39.920572
116.303963	39.908188
116.414324	39.859929
116.453082	39.922669
116.665294	39.90869
116.413762	39.85988
116.451373	39.919011
116.473781	39.909309
116.43866	39.924926
116.4388	39.924843
116.459156	39.906441
116.371211	39.909262
116.441837	39.918236
116.665321	39.906368
116.454832	39.918072
116.31173	39.909266
116.427254	39.896804
116.458076	39.89921
116.45854	39.897674
116.387277	39.861298
116.387368	39.860186
116.387207	39.862485
116.245078	39.903332
116.300255	39.884303
116.482789	39.903449
116.476682	39.907597
116.428302	39.894021
116.462483	39.900332
116.462302	39.899941
116.436141	39.915834
116.477098	39.896468
116.412281	39.909436
116.412282	39.909437
116.412281	39.909436
116.421603	39.876282
116.374012	39.895536
116.44047	39.920927
116.656811	39.899709
116.209158	39.841701
116.463533	39.907647
116.464879	39.907594
116.464413	39.907542
116.309579	39.892976
116.309575	39.89285
116.441311	39.921716
116.314657	39.897733
116.658528	39.908415
116.576432	39.893485
116.477095	39.896606
116.281166	39.893299
116.662641	39.905652
116.66213	39.905427
116.576551	39.895744
116.428081	39.906861
116.414334	39.893321
116.413622	39.893265
116.420455	39.89805
116.375975	39.907342
116.41452	39.909801
116.41452	39.909801
116.41452	39.909801
116.41452	39.909801
116.413709	39.897019
116.440078	39.909727
116.441541	39.955345
116.373179	39.906131
116.372655	39.906423
116.372668	39.906445
116.46248	39.905886
116.462654	39.905288
116.264896	39.903474
116.26504	39.905642
116.631721	39.903444
116.414138	39.9092
116.266035	39.904121
116.462656	39.900587
116.440433	39.922886
116.294666	39.900941
116.373824	39.868433
116.431057	39.869652
116.431201	39.869178
116.375533	39.905854
116.375533	39.905854
116.432032	39.898078
116.441598	39.923382
116.23845	39.861014
116.420261	39.915834
116.644244	39.901793
116.387249	39.872449
116.444309	39.922832
116.411858	39.915017
116.411844	39.915041
116.41183	39.91499
116.428081	39.906861
116.428081	39.906861
116.428081	39.906861
116.111424	39.903541
116.662743	39.904283
116.631828	39.898987
116.451193	39.919816
116.414854	39.915276
116.466793	39.945842
116.468628	39.944089
116.430312	39.909555
116.43032	39.909561
116.415674	39.910396
116.423379	39.909664
116.425502	39.907677
116.426644	39.909603
116.448529	39.958758
116.445063	39.956162
116.374995	39.89439
116.430279	39.907671
116.430312	39.909555
116.430312	39.909555
116.411737	39.911082
116.368407	39.902646
116.446484	39.956436
116.267164	39.881431
116.445017	39.956134
116.30714	39.908977
116.449511	39.910485
116.390168	39.873067
116.448971	39.95919
116.358565	39.909904
116.358551	39.909901
116.433352	39.869417
116.374744	39.903678
116.374754	39.903186
116.269806	39.865974
116.278926	39.901467
116.468464	39.906866
116.27473	39.864863
116.270972	39.881397
116.270655	39.88137
116.414335	39.915215
116.360731	39.913125
116.474935	39.907597
116.474652	39.907598
116.631831	39.89893
116.309735	39.904247
116.607044	39.889009
116.213746	39.908154
116.218523	39.906863
116.171675	39.860447
116.172254	39.859396
116.608988	39.889989
116.426049	39.905506
116.426039	39.905492
116.220518	39.906806
116.178159	39.907642
116.172834	39.906994
116.610124	39.891471
116.412256	39.909617
116.299419	39.906637
116.188433	39.907649
116.373522	39.868752
116.299143	39.907056
116.650189	39.907586
116.650829	39.907785
116.648527	39.90739
116.314076	39.921098
116.280839	39.893291
116.460535	39.905069
116.300136	39.907062
116.30067	39.908184
116.441714	39.909192
116.440158	39.909192
116.471149	39.945069
116.660469	39.892607
116.321649	39.905986
116.295314	39.906257
116.375	39.893844
116.456915	39.894044
116.456627	39.893148
116.302575	39.907123
116.374895	39.894862
116.294641	39.902048
116.431442	39.894762
116.419269	39.899169
116.422125	39.901271
116.370836	39.86569
116.371036	39.865698
116.414483	39.897046
116.414792	39.89262
116.430312	39.909555
116.412287	39.909141
116.428663	39.893233
116.441483	39.919978
116.294055	39.900453
116.430352	39.865162
116.427207	39.865512
116.462183	39.89465
116.462244	39.896729
116.462991	39.892928
116.446716	39.907676
116.416408	39.914974
116.670855	39.893567
116.42819	39.861327
116.368153	39.900104
116.321573	39.90535
116.430312	39.909555
116.430016	39.909367
116.42943	39.907707
116.448416	39.907782
116.407193	39.907432
116.308243	39.891278
116.446342	39.905747
116.43373	39.862547
116.430505	39.859039
116.429852	39.90686
116.429852	39.90686
116.431594	39.86002
116.407294	39.903553
116.407297	39.903606
116.396948	39.898612
116.394899	39.899625
116.309069	39.885942
116.448098	39.90758
116.448098	39.90758
116.448098	39.90758
116.448098	39.90758
116.488003	39.885155
116.461022	39.898623
116.457166	39.933157
116.457227	39.932788
116.460798	39.897598
116.635913	39.907553
116.491797	39.893509
116.447956	39.907775
116.449102	39.907601
116.487676	39.889051
116.65738	39.900623
116.202221	39.839695
116.494129	39.893562
116.368414	39.855164
116.36792	39.854693
116.373698	39.856464
116.381312	39.882861
116.319985	39.88962
116.439991	39.873741
116.439927	39.873434
116.380613	39.87902
116.322465	39.890612
116.321986	39.890722
116.457687	39.909774
116.438797	39.92267
116.413296	39.91041
116.450429	39.905572
116.450254	39.907835
116.458183	39.909443
116.458183	39.909443
116.458182	39.909443
116.458182	39.909443
116.458183	39.909443
116.458183	39.909443
116.458194	39.909452
116.458194	39.909451
116.458194	39.909452
116.563523	39.862842
116.375712	39.895081
116.254534	39.841984
116.376583	39.90816
116.377963	39.90845
116.32209	39.897957
116.320361	39.898005
116.376153	39.895034
116.607184	39.892022
116.304756	39.894045
116.442833	39.920075
116.317585	39.876274
116.411569	39.899467
116.212013	39.90038
116.437519	39.894092
116.437737	39.894114
116.239759	39.838047
116.427671	39.858827
116.416844	39.898951
116.384401	39.901172
116.478724	39.932406
116.137316	39.809055
116.44035	39.892129
116.208236	39.825931
116.083547	39.774626
116.384478	39.885083
116.399055	39.866588
116.430312	39.909555
116.482299	39.909538
116.665216	39.877399
116.440993	39.906671
116.440993	39.906671
116.440993	39.906671
116.449727	39.909455
116.467967	39.877505
116.387783	39.901262
116.665969	39.88022
116.429728	39.86554
116.440993	39.906671
116.443421	39.906818
116.375581	39.878797
116.477129	39.930735
116.666624	39.881004
116.485583	39.931577
115.936372	39.816992
116.405494	39.888364
116.381193	39.850824
116.381813	39.849931
116.377268	39.900028
116.373887	39.898511
116.312391	39.906044
116.407958	39.857503
116.459436	39.932495
116.28005	39.870391
116.438345	39.907314
116.438346	39.907314
116.22075	39.774717
116.393413	39.883209
116.450547	39.872059
116.416155	39.838655
116.155131	39.808661
116.156443	39.809604
116.395579	39.882609
116.396835	39.883917
116.485921	39.88833
116.160248	39.817912
116.164326	39.812327
116.406064	39.857573
116.406649	39.857567
116.477917	39.889165
116.476973	39.889816
116.403078	39.900155
116.52714	39.886434
116.459493	39.897745
116.484963	39.926406
116.177982	39.814225
116.396784	39.884164
116.453104	39.906039
116.462531	39.891394
116.368576	39.855464
116.407703	39.890678
116.371059	39.878139
116.481686	39.94014
116.442092	39.866198
116.442356	39.866209
116.316667	39.882123
116.66854	39.899934
116.41452	39.909801
116.395102	39.854193
116.447737	39.87584
116.65738	39.8937
116.387903	39.878958
116.388365	39.88095
116.451899	39.904789
116.37237	39.87878
116.472858	39.884783
116.466868	39.884855
116.467359	39.885136
116.396745	39.854685
116.406179	39.865363
116.384661	39.899174
116.383891	39.899119
116.66626	39.881127
115.874403	39.80987
116.4411	39.857253
116.441884	39.858368
116.67222	39.881965
116.387562	39.8864
116.436278	39.89415
116.432345	39.849305
115.980248	39.797532
115.991179	39.793497
116.209366	39.835554
116.239683	39.836413
116.667444	39.885789
116.66665	39.885917
116.43049	39.889362
116.460856	39.929144
116.439104	39.862818
116.03325	39.774175
116.38351	39.895372
116.654965	39.88861
116.656109	39.887949
116.44066	39.858392
116.46081	39.929867
116.441497	39.85836
116.456478	39.885071
116.439487	39.862816
116.367084	39.845415
116.4344	39.866251
116.47497	39.931314
116.473875	39.93124
116.464501	39.889042
116.438968	39.863337
116.479568	39.923283
116.424552	39.855669
116.476917	39.880358
116.298929	39.833886
116.282129	39.869972
116.666934	39.884315
116.39849	39.8923
116.291984	39.832414
116.477983	39.884814
116.300932	39.831808
116.438345	39.907314
116.292849	39.834712
116.292866	39.833758
116.479459	39.923301
116.383772	39.899371
116.682782	39.894414
116.442926	39.856938
116.4845	39.92513
116.383405	39.899636
116.68035	39.895252
116.436972	39.838739
116.378721	39.895035
116.283671	39.867403
116.394059	39.899154
116.292379	39.877632
116.406196	39.901301
116.197947	39.831357
116.308232	39.831842
116.433021	39.858169
116.452569	39.876
116.459357	39.897653
116.459445	39.897687
116.477887	39.928635
116.479269	39.928678
116.387019	39.846615
116.208316	39.829511
116.196799	39.832095
116.688557	39.894666
116.467517	39.882661
116.467473	39.883319
116.376744	39.87888
116.170678	39.808186
116.033427	39.774655
116.190784	39.808618
116.460015	39.884063
116.460448	39.882751
116.456118	39.829329
116.476996	39.890457
116.286386	39.784631
116.482293	39.927469
116.486907	39.899428
116.373827	39.882639
116.415514	39.838855
116.372137	39.888555
116.424203	39.887867
116.371274	39.834429
116.28557	39.871683
116.317238	39.880147
116.375509	39.839905
116.676561	39.906146
116.372838	39.888443
116.374604	39.83563
116.372706	39.888503
116.38028	39.849202
116.390967	39.844814
116.499578	39.931803
116.428018	39.843474
116.266716	39.852115
116.398403	39.893139
116.398009	39.894641
116.382021	39.849891
116.466652	39.934167
116.688618	39.901873
116.676905	39.903196
116.368607	39.888957
116.155504	39.804503
116.369664	39.846191
116.43973	39.907929
116.440394	39.907941
116.44011	39.907935
116.317371	39.87841
116.650087	39.883196
116.460982	39.931471
116.405771	39.84985
116.655822	39.888594
116.466854	39.93185
116.435106	39.865636
116.430499	39.889374
116.661794	39.889767
116.460637	39.930396
116.438505	39.894132
116.656831	39.888539
116.657158	39.888598
116.657292	39.889607
116.65652	39.888538
116.665121	39.892199
116.284035	39.836431
116.370458	39.846691
116.491528	39.899776
116.288067	39.83668
116.288047	39.836663
116.495706	39.875498
116.495051	39.876278
116.421162	39.866037
116.497144	39.877484
116.389119	39.895269
116.389104	39.895255
116.434201	39.905335
116.317295	39.88401
116.40724	39.901839
116.320713	39.886466
116.32143	39.885857
116.496803	39.877067
116.473781	39.909309
116.210537	39.806969
116.45948	39.893004
116.395086	39.901756
116.472016	39.934298
116.450801	39.897718
116.40903	39.858616
116.4018	39.854206
116.399584	39.852322
116.321396	39.887825
116.473931	39.907368
116.460925	39.891403
116.400716	39.891482
116.399663	39.851548
116.280389	39.868825
116.409431	39.900337
116.386227	39.851702
116.449113	39.907609
116.643711	39.891114
116.643724	39.890951
116.64374	39.888446
116.646239	39.891912
116.405012	39.892971
116.386237	39.851679
116.311627	39.882485
116.44703	39.894034
116.398046	39.894449
116.455554	39.889013
116.455471	39.890248
116.247917	39.907667
116.381913	39.881016
116.46488	39.928401
116.460578	39.897028
116.655927	39.892568
116.316954	39.888136
116.470621	39.859235
116.387747	39.881844
116.450892	39.894141
116.460609	39.888862
116.405484	39.893054
116.391179	39.890235
116.376749	39.893197
116.400677	39.867342
116.444021	39.859456
116.231514	39.890538
116.230845	39.891047
116.396776	39.855586
116.396788	39.855135
116.379829	39.899521
116.385959	39.89938
116.458743	39.893934
116.476854	39.889027
116.285743	39.840017
116.416481	39.893606
116.413031	39.892573
116.417493	39.897408
116.436907	39.897526
116.424597	39.842287
116.428005	39.843218
116.436548	39.894119
116.417416	39.893609
116.379496	39.893375
116.396472	39.859858
116.401788	39.859384
116.398684	39.859166
116.397616	39.864406
116.384968	39.894763
116.439734	39.906956
116.449492	39.907779
116.447362	39.907781
116.448961	39.907719
116.479647	39.909622
116.396287	39.842345
116.39791	39.859192
116.433373	39.894105
116.433454	39.894657
116.393841	39.886449
116.393928	39.886575
116.385007	39.894312
116.371028	39.85226
116.48599	39.877004
116.190262	39.804912
116.403669	39.848329
116.417485	39.86567
116.386522	39.854777
116.349616	39.906853
116.42332	39.803083
116.459102	39.913229
116.339894	39.849649
116.497447	39.900515
116.348214	39.887244
116.347417	39.887829
116.346725	39.891708
116.362028	39.899838
116.360646	39.899826
116.348204	39.887303
116.421517	39.787651
116.504603	39.811467
116.345716	39.906864
116.353086	39.87748
116.330993	39.785293
116.358466	39.845567
116.359606	39.845522
116.329165	39.876836
116.359269	39.846428
116.33888	39.907871
116.290196	39.900697
116.353048	39.845499
116.350299	39.790519
116.347354	39.888584
116.517019	39.934941
116.309854	39.851455
116.308834	39.851236
116.309324	39.850784
116.38118	39.889055
116.456463	39.911312
116.513198	39.934277
116.387359	39.85211
116.450339	39.806655
116.494662	39.799196
116.490536	39.801385
116.285788	39.851067
116.470283	39.914002
116.460409	39.821743
116.460004	39.910017
116.346792	39.906847
116.345475	39.905811
116.339109	39.906255
116.495266	39.7998
116.471596	39.91043
116.2825	39.85414
116.293525	39.858269
116.499598	39.935002
116.326756	39.886629
116.385229	39.88662
116.384554	39.884157
116.286809	39.848325
116.480709	39.794781
116.289555	39.849423
116.418798	39.797111
116.418797	39.797131
116.4128	39.805531
116.40916	39.864931
116.516786	39.927247
116.347224	39.873961
116.502295	39.92769
116.412282	39.909437
116.480464	39.801469
116.46057	39.91491
116.460483	39.914263
116.357676	39.905917
116.378499	39.858676
116.482199	39.800423
116.418332	39.805554
116.459393	39.91606
116.46025	39.916221
116.362495	39.906411
116.375229	39.850857
116.417216	39.805546
116.45803	39.915034
116.351721	39.892531
116.395268	39.902069
116.403345	39.907284
116.303343	39.889551
116.337434	39.861609
116.33142	39.868696
116.335609	39.822625
116.339641	39.87331
116.339659	39.873318
116.341174	39.823399
116.676471	39.887268
116.679129	39.887295
116.293975	39.868399
116.476841	39.868365
116.513576	39.866963
116.342517	39.898915
116.468174	39.870911
116.680186	39.890063
116.681961	39.891964
116.377194	39.815329
116.474267	39.871042
116.293842	39.867164
116.330821	39.785182
116.331465	39.785304
116.514438	39.866307
116.338265	39.791306
116.333551	39.902782
116.692254	39.871475
116.330134	39.890208
116.44752	39.840956
116.447538	39.841169
116.477868	39.921416
116.434485	39.882732
116.434485	39.882732
116.45972	39.864566
116.477822	39.92134
116.424403	39.884326
116.47827	39.914895
116.334307	39.849843
116.46186	39.865655
116.457323	39.838454
116.402657	39.815957
116.482549	39.915174
116.495759	39.86503
116.473283	39.912642
116.482402	39.916128
116.473206	39.912475
116.472238	39.912017
116.471595	39.913316
116.473084	39.912233
116.471396	39.91331
116.32548	39.896572
116.460284	39.881944
116.394982	39.880708
116.516778	39.927796
116.702835	39.850124
116.293654	39.860936
116.293632	39.860774
116.389476	39.884432
116.326773	39.886646
116.291608	39.850043
116.293961	39.851152
116.29347	39.859038
116.327784	39.896575
116.325506	39.89667
116.49706	39.916
116.475007	39.910704
116.49145	39.914906
116.328713	39.893876
116.465492	39.884035
116.461707	39.880421
116.491584	39.915022
116.470476	39.867624
116.417115	39.846116
116.421684	39.87693
116.466983	39.867655
116.407186	39.838336
116.290456	39.841671
116.314634	39.844878
116.28528	39.825239
116.434401	39.86625
116.360063	39.908368
116.360046	39.908057
116.360087	39.908035
116.418113	39.842081
116.495414	39.915104
116.462964	39.920558
116.404811	39.836126
116.460575	39.920369
116.320948	39.844213
116.320052	39.845192
116.287836	39.829427
116.287836	39.829427
116.287836	39.829427
116.468606	39.861245
116.285342	39.825318
116.401564	39.808286
116.401506	39.808032
116.461029	39.921661
116.287334	39.831994
116.288309	39.823653
116.292198	39.811724
116.468582	39.860338
116.461128	39.922241
116.328014	39.868588
116.434749	39.778489
116.47118	39.922372
116.283691	39.826161
116.466069	39.875973
116.332467	39.867381
116.435484	39.884705
116.436804	39.884776
116.437608	39.885094
116.470442	39.912752
116.479977	39.911159
116.478553	39.911773
116.477169	39.910484
116.394779	39.807127
116.478035	39.798329
116.663138	39.867892
116.301244	39.867007
116.44691	39.881896
116.446731	39.881889
116.45113	39.884089
116.470817	39.913993
116.328678	39.900847
116.466704	39.871596
116.469172	39.912969
116.320542	39.858456
116.305505	39.811234
116.662233	39.867938
116.477002	39.913299
116.379376	39.801663
116.473033	39.910889
116.401517	39.838025
116.465762	39.923596
116.530248	39.937471
116.523136	39.9406
116.459235	39.920698
116.460593	39.92294
116.493382	39.915131
116.308387	39.857645
116.420675	39.879083
116.704731	39.847604
116.708169	39.846946
116.704248	39.846712
116.285272	39.838447
116.499711	39.91604
116.49122	39.912871
116.327322	39.896529
116.477165	39.912001
116.317779	39.869393
116.459351	39.914147
116.459331	39.914132
116.314358	39.852012
116.287046	39.842304
116.460483	39.914263
116.460703	39.916239
116.491449	39.912458
116.460259	39.871033
116.321622	39.868505
116.284519	39.823856
116.28605	39.824012
116.460421	39.910842
116.343117	39.893253
116.445629	39.805132
116.446856	39.805351
116.29104	39.824314
116.459899	39.868166
116.456181	39.913712
116.457165	39.913907
116.2853	39.825261
116.494772	39.915128
116.493587	39.915138
116.289977	39.818273
116.338405	39.897134
116.327796	39.890501
116.326853	39.889259
116.326145	39.889475
116.336802	39.82335
116.437984	39.884897
116.288261	39.824465
116.336341	39.89335
116.335638	39.893339
116.346858	39.890159
116.444295	39.805817
116.440499	39.805053
116.358881	39.907963
116.457043	39.9132
116.295059	39.869173
116.328997	39.8905
116.457182	39.913914
116.343631	39.908627
116.344911	39.907866
116.455181	39.913891
116.418297	39.786664
116.436063	39.884871
116.436065	39.88487
116.342201	39.907855
116.466907	39.871606
116.338448	39.904661
116.460354	39.865571
116.455891	39.881176
116.473426	39.913253
116.283363	39.857859
116.329259	39.903796
116.328466	39.905236
116.329269	39.902233
116.449325	39.834616
116.503132	39.895486
116.45638	39.880254
116.448884	39.883488
116.456152	39.829108
116.498847	39.898349
116.159402	39.810234
116.427931	39.851325
116.500892	39.893578
116.414871	39.849437
116.328544	39.905813
116.329183	39.906544
116.326437	39.906992
116.328609	39.906531
116.328613	39.906443
116.367872	39.838104
116.462306	39.884036
116.427999	39.884688
116.398782	39.849435
116.456737	39.919912
116.320188	39.847683
116.415747	39.842176
116.451924	39.907795
116.456479	39.92013
116.287585	39.838009
116.382361	39.801729
116.469519	39.843325
116.456415	39.87891
116.318076	39.848311
116.330434	39.907895
116.438679	39.867225
116.312632	39.858252
116.330278	39.90794
116.43839	39.866359
116.462052	39.888553
116.462274	39.88777
116.399549	39.847015
116.479082	39.871006
116.478773	39.870996
116.460086	39.873988
116.417812	39.846137
116.46738	39.923764
116.466837	39.931247
116.472501	39.874507
116.478446	39.915906
116.288671	39.829716
116.292798	39.83487
116.286825	39.866406
116.289657	39.865415
116.414012	39.854332
116.413887	39.856096
116.313602	39.823183
116.492971	39.90364
116.466867	39.884858
116.47611	39.916044
116.637066	39.873219
116.387372	39.852773
116.636354	39.873217
116.329208	39.90474
116.440613	39.8877
116.474615	39.913269
116.471171	39.915669
116.477731	39.917555
116.478442	39.915907
116.324011	39.731287
116.789045	39.709654
116.340859	39.732016
116.325768	39.746644
116.328572	39.737726
116.328555	39.737361
116.333306	39.711541
116.486898	39.899422
116.33646	39.727661
116.339306	39.727971
116.335601	39.727815
116.147431	39.749294
116.350906	39.722411
116.066593	39.712828
116.37912	39.839577
116.299872	39.807183
115.962007	39.72791
115.956564	39.730231
116.129469	39.739271
116.132786	39.733488
116.342992	39.737519
116.349593	39.728638
116.123847	39.726604
116.126867	39.726565
116.139913	39.736217
116.347776	39.759917
116.537228	39.770579
116.141796	39.739607
115.984541	39.706842
116.13567	39.737723
116.122013	39.72665
116.347814	39.760788
116.143343	39.730803
116.139258	39.726303
116.140544	39.747414
116.545101	39.755023
116.130698	39.731337
116.132077	39.731327
116.132111	39.723063
116.13631	39.729618
116.126652	39.730835
116.500664	39.931149
116.547335	39.755442
116.331933	39.727772
116.338621	39.731601
116.339272	39.730997
116.333377	39.908251
116.333447	39.908456
116.466257	39.934225
116.327454	39.737376
116.325847	39.735785
116.327521	39.733033
116.332813	39.735569
116.326175	39.731306
116.330535	39.73183
116.338598	39.74718
116.337848	39.748746
116.462695	39.878139
116.156667	39.722689
116.153897	39.72267
116.330282	39.737678
115.953123	39.726918
115.955246	39.728729
115.984619	39.706605
116.141779	39.740207
116.467859	39.922552
116.471165	39.922359
115.969243	39.724355
116.339364	39.723586
116.151397	39.740972
116.324209	39.750333
116.135384	39.731425
116.331962	39.762354
116.556387	39.757896
116.555965	39.75773
116.126188	39.738484
116.885731	39.713254
116.147425	39.749708
116.092632	39.712253
116.378969	39.84198
116.380218	39.764859
116.339716	39.737075
116.339466	39.737849
116.147393	39.732512
116.141797	39.747006
116.467957	39.873323
116.335232	39.750541
116.336563	39.753316
116.331761	39.736959
116.340668	39.726616
115.956395	39.730048
116.339619	39.743845
116.343815	39.733248
116.343038	39.732034
116.422766	39.799295
116.399225	39.720444
116.339253	39.796793
116.516643	39.916053
116.52031	39.911181
116.521309	39.922137
116.335984	39.756553
116.347769	39.905096
116.355989	39.902966
116.537717	39.916962
116.363312	39.884816
116.582281	39.803237
116.337931	39.722252
116.332943	39.818709
116.329278	39.884887
116.6493	39.831765
116.76276	39.830164
116.362453	39.905984
116.346477	39.876634
116.174583	39.751322
116.516693	39.923741
116.358511	39.888355
115.956843	39.731546
116.704113	39.718528
116.358494	39.888674
116.903	39.779289
116.52505	39.783855
116.524702	39.783724
116.332703	39.756136
116.332673	39.748901
116.514803	39.916599
116.513404	39.915808
116.362832	39.904897
116.139718	39.742441
116.13917	39.742076
116.140853	39.743247
116.344093	39.747493
116.522498	39.916339
116.335217	39.775574
115.535519	39.735136
115.840262	39.769918
115.931487	39.738235
116.53194	39.9173
116.356467	39.738842
116.339847	39.737743
116.642833	39.831828
115.748137	39.728162
116.362757	39.905175
116.214683	39.704418
116.508759	39.800868
116.508336	39.800587
116.507662	39.801584
116.055949	39.724742
116.793496	39.776352
116.53485	39.917116
116.521469	39.913694
116.506511	39.800394
116.506873	39.800073
116.653037	39.752818
116.509519	39.801638
116.448854	39.763669
116.340519	39.887814
116.448764	39.765955
116.690597	39.762269
116.689846	39.76328
116.364761	39.875975
116.366909	39.888865
115.955879	39.721979
115.961134	39.723454
115.953117	39.723338
116.059169	39.734691
116.717121	39.799249
116.34208	39.888991
116.365369	39.906137
116.353439	39.897508
116.352646	39.89752
116.354418	39.897451
116.352467	39.900985
116.507821	39.801346
116.509033	39.797213
116.35045	39.88153
116.364256	39.875452
116.417808	39.806154
116.36368	39.875684
116.510661	39.794405
116.511895	39.79411
116.553065	39.821865
116.556109	39.810809
116.504483	39.861374
116.504799	39.861373
116.356971	39.890415
116.178565	39.745633
116.150641	39.741499
115.963705	39.757122
115.964581	39.754158
115.965887	39.757597
115.963133	39.756395
116.168195	39.767482
116.338436	39.887965
116.154949	39.748666
116.163475	39.760576
116.417676	39.735132
115.953124	39.723812
115.971407	39.721448
115.953113	39.724932
116.701657	39.808041
115.983685	39.707758
115.956954	39.730699
116.339138	39.889558
116.50133	39.74021
116.135679	39.744273
116.345694	39.758413
116.881617	39.816228
116.062061	39.73597
116.062448	39.710561
116.290451	39.752862
116.129501	39.740501
116.371915	39.741413
116.788456	39.709046
116.791283	39.708941
116.128773	39.739587
116.059044	39.709441
115.961105	39.728619
115.958387	39.733062
115.958393	39.733255
116.126929	39.730847
115.963745	39.756962
116.141485	39.744263
116.167898	39.76708
116.166788	39.768667
116.147106	39.748061
115.957781	39.736257
115.957576	39.736232
115.958362	39.736289
115.961481	39.722032
116.521287	39.924167
116.652621	39.75201
116.33274	39.756374
116.765221	39.745627
116.477832	39.708688
116.502135	39.770142
116.145073	39.735887
116.144787	39.749868
116.328212	39.749963
116.330272	39.75031
116.363897	39.888421
116.553091	39.762951
116.062096	39.715697
116.020795	39.706536
115.842565	39.768535
116.149154	39.741453
116.138882	39.722974
116.418436	39.798414
116.351911	39.906733
116.292417	39.782113
116.292321	39.782227
116.351434	39.906867
116.317154	39.771848
116.346877	39.902827
116.364054	39.883643
116.57114	39.802734
116.571198	39.803853
116.360072	39.900053
116.360351	39.899954
116.364661	39.907925
116.364636	39.907946
116.365357	39.906116
116.36425	39.906108
116.357792	39.902071
116.316656	39.761973
116.352867	39.903576
116.358993	39.900664
116.583035	39.803274
116.57046	39.80272
116.357948	39.878179
116.360389	39.906004
116.359541	39.906347
116.359874	39.90579
116.359923	39.906066
116.361597	39.906391
116.358162	39.904517
116.298319	39.782759
116.338404	39.889127
116.364798	39.906098
116.364798	39.906098
116.364798	39.906098
116.362448	39.793919
116.346496	39.909251
116.493272	39.794363
116.501516	39.915212
116.497856	39.790602
116.497676	39.790821
116.336811	39.886272
116.355696	39.889849
116.498015	39.791249
116.326099	39.881257
116.347788	39.870773
116.794478	39.780307
116.383396	39.764068
116.577945	39.80277
116.57945	39.802794
116.352572	39.900158
116.361121	39.896508
116.354269	39.888928
116.353667	39.888738
116.835137	39.800066
116.497608	39.790565
116.840372	39.79992
116.511375	39.793864
116.862795	39.810412
116.362372	39.896031
116.518566	39.80561
116.34742	39.88794
116.350725	39.886335
116.352974	39.883551
116.352639	39.89704
116.520292	39.821977
116.346404	39.898438
116.351428	39.877392
116.348756	39.877325
116.35407	39.883542
116.352466	39.882965
116.362128	39.878338
116.3656	39.848309
116.880621	39.816052
116.33437	39.891768
116.366265	39.868713
116.357158	39.889046
116.356721	39.889074
116.343018	39.817217
116.50431	39.861375
116.284881	39.851263
116.284881	39.851263
116.342727	39.843317
116.342744	39.843336
116.365038	39.86794
116.366345	39.868477
116.363829	39.867743
116.365014	39.860665
116.364031	39.866987
116.140407	39.731245
116.140624	39.731207
116.341749	39.758321
116.419441	39.793509
116.284016	39.849951
116.355926	39.846175
116.3425	39.790791
116.356128	39.84619
116.555511	39.810846
116.358701	39.884394
116.470266	39.839796
116.342736	39.790618
116.347568	39.865914
116.507834	39.9307
116.51336	39.865037
116.282287	39.84851
116.353074	39.908621
116.352985	39.908376
116.353044	39.908601
116.352349	39.906574
116.363394	39.881502
116.507249	39.826694
116.509167	39.841455
116.480454	39.911135
116.05865	39.741069
116.455933	39.812435
116.418558	39.798415
116.068338	39.647847
115.989711	39.689044
115.984207	39.690992
115.984579	39.699585
116.365352	39.906124
116.361949	39.906307
116.359923	39.906066
116.361949	39.906307
116.345044	39.889093
116.345228	39.889096
116.324536	39.881326
116.348248	39.882756
116.348111	39.871865
115.984077	39.695026
115.984538	39.694933
116.348216	39.882106
116.477776	39.85467
115.981443	39.702563
115.98182	39.70291
116.359787	39.84843
115.984164	39.691495
116.332948	39.877449
115.984078	39.699029
116.333828	39.877466
116.340663	39.871325
115.971636	39.602409
115.595731	39.644836
116.418551	39.798037
116.419577	39.792752
116.460223	39.915128
115.980891	39.686613
115.98379	39.68408
116.776576	39.638055
115.935726	39.656
116.325769	39.630738
116.655396	39.62773
116.596162	39.684962
116.325755	39.631056
116.403808	39.631439
116.77627	39.638038
116.529245	39.673595
115.799323	39.544916
116.397263	39.506752
116.627395	39.655036
115.980737	39.65304
115.777078	39.538974
116.325363	39.51814
116.325735	39.521524
116.626229	39.6548
116.624852	39.65451
116.460034	39.558792
115.717674	39.571599
115.819981	39.551603
116.414265	39.665269
115.985195	39.702162
115.984734	39.703312
116.322554	39.510231
116.320282	39.510315
115.984201	39.687983
115.984207	39.688091
115.984224	39.688398
116.780289	39.638372
116.317215	39.481696
115.979854	39.64958
115.979772	39.641995
116.324968	39.624222
116.403808	39.631439
115.717663	39.571685
115.990117	39.697092
116.353167	39.550648
115.716424	39.571004
115.908944	39.616429
115.910021	39.614367
115.984105	39.692297
116.699053	39.614078
115.90035	39.578138
115.89901	39.578961
115.900167	39.579721
116.593267	39.641523
115.93891	39.685586
115.861389	39.691064
116.509248	39.677697
115.908665	39.614418
116.302044	39.682183
115.943606	39.681199
116.513914	39.678622
116.029652	39.601093
116.029095	39.602779
116.302042	39.681905
116.278713	39.604468
116.202049	39.615258
116.699042	39.61408
115.756274	39.617739
116.043106	39.59591
116.117187	39.608314
116.15402	39.679776
116.494956	39.617432
116.339853	39.725912
116.02128	39.597596
116.020179	39.597038
116.042456	39.5964
115.984768	39.70414
116.326497	39.732057
116.31947	39.691981
116.319714	39.691993
116.323601	39.757487
116.292666	39.675199
116.339848	39.729665
116.073845	39.712386
116.068022	39.651738
115.943679	39.680596
116.067699	39.644069
116.112237	39.676928
116.148277	39.680752
116.821817	39.676788
116.513824	39.679072
116.319339	39.691979
116.302035	39.683051
116.733317	39.681565
116.494675	39.617516
116.414612	39.631633
116.02115	39.597271
116.339646	39.74313
116.342576	39.728452