0 130039 129588 0.363129 0.082428 116.153 40.1224
1 154781 154779 0.079379 0.069092 116.58 40.3633
2 127172 127173 0.0717147 0.0276225 116.742 40.0796
3 110070 110189 0.0099275 0.0496625 115.976 40.3627
4 76491 76493 0.0938628 0.0293167 116.233 39.9482
5 133582 133584 0.0182882 0.197521 116.416 40.1287
6 94130 90800 0.115054 0.0354151 116.431 39.9366
7 163038 162965 0.153566 0.100677 116.748 40.6372
8 23068 23067 0.102148 0.0564667 116.823 39.6931
9 40026 39811 0.0257981 0.318522 116.866 39.8113
10 163703 163389 0.0585072 0.0238973 117.007 40.0522
11 37912 37912 0 0 116.518 39.7838
12 42541 42540 0.117192 0.0387486 116.213 39.9008
13 99743 101752 0.00103633 0.0210133 116.547 39.9545
14 81532 78413 0.00148111 0.0163636 116.31 39.9628
15 31353 31354 0.0605149 0.0330166 116.316 39.751
16 141787 141787 0 0 116.234 40.2126
17 31547 31522 0.00137606 0.0797203 116.439 39.8181
18 59051 59050 0.0219465 0.00739375 116.43 39.8596
19 115673 114603 0.00544235 0.0027171 116.265 40.031
20 33498 33500 0.211788 0.0856939 116.427 39.7932
21 145828 145316 0.00653276 0.103739 116.463 40.232
22 103319 103320 0.0529418 0.140536 116.683 39.9269
23 104382 104378 0.00434583 0.00674048 116.657 39.9395
24 53473 46688 0.149255 0.0934363 116.266 39.8895
25 19813 19381 0.0282307 0.00460154 116.429 39.7188
26 59227 59228 0.0311961 0.00417362 116.484 39.8391
27 91636 91635 0.00855624 0.00310076 116.472 39.9893
28 31473 31474 0.00382099 0.0331984 116.429 39.8214
29 149327 149327 0 0 116.93 40.2117
30 106098 106099 0.148022 0.181578 116.836 39.9441
31 155164 155165 1.23161 0.0512604 116.739 40.3691
32 51100 51270 0.00621619 0.00431973 116.253 39.8411
33 37285 37287 0.0353919 0.0120954 116.616 39.7607
34 43156 43152 0.0927398 0.0155465 116.248 39.9153
35 78941 82961 0.116226 0.100479 116.366 39.9283
36 78194 78195 0.00718023 0.0626635 116.355 39.9407
37 141837 141837 0 0 116.187 40.1716
38 166267 166493 0.014946 0.1579 117.039 40.1794
39 13249 13363 0.037691 0.209736 116.827 39.6226
40 18064 17315 0.121589 0.0103079 116.328 39.7459
41 25885 26500 0.125605 0.162554 116.181 39.7506
42 60509 64907 0.067106 0.02647 116.49 39.9132
43 39085 39010 0.212426 0.0501526 116.689 39.8213
44 165615 165876 0.0403077 0.00796163 117.193 40.1357
45 4436 4437 0.0346802 0.0874991 116.323 39.4362
46 144413 144411 0.00689885 0.00706643 116.262 40.1668
47 13767 13766 0.0945649 0.0761299 116.111 39.7147
48 167556 167757 0.0803547 0.056969 117.075 40.2811
49 69522 69587 0.168016 0.0155037 116.719 39.9119
50 139239 139228 0.0656341 0.251386 116.82 40.1341
51 82956 82953 0.0252034 0.0752414 116.368 39.9378
52 94167 95685 0.119221 0.0288795 116.485 39.9565
53 140801 140789 0.206057 0.313544 116.879 40.1578
54 59435 56758 0.0498303 0.297528 116.489 39.9083
55 70777 70772 0.043704 0.0563629 116.669 39.889
56 15221 15227 0.0419329 0.00295284 116.22 39.7034
57 18278 18277 0.234487 0.00861613 116.259 39.7381
58 129448 129449 0.00501005 0.00677831 116.216 40.0871
59 84815 84822 0.0239879 0.00227796 116.326 39.9462
60 62050 56498 0.0109794 0.0224943 116.421 39.8576
61 134256 134258 0.00124992 0.0124854 116.406 40.1039
62 101983 101981 0.0809122 0.103869 116.588 39.9579
63 159596 159604 0.0306599 0.0128247 116.057 40.4618
64 50065 50066 0.0013543 0.0325033 116.357 39.8644
65 120201 118607 0.0220191 0.0105125 116.362 40.0346
66 133274 133273 0.357299 0.247764 116.389 40.1062
67 102743 102742 0.359248 0.0246314 116.658 39.9427
68 159299 159300 0.151482 0.112842 116.039 40.436
69 105631 105631 0 0 116.75 39.9444
70 6433 6197 0.47586 0.63605 116.331 39.558
71 35681 35680 0.173303 0.0626272 116.5 39.7526
72 49024 49025 0.0300484 0.00606746 116.333 39.886
73 122150 122151 0.191075 0.223747 116.444 40.0395
74 21652 21653 0.0835455 0.03013 116.68 39.6845
75 139430 139612 0.25861 0.0533442 116.874 40.1066
76 29379 28523 0.305521 0.0984604 116.369 39.8211
77 144240 144241 0.0691492 0.0544151 116.271 40.2373
78 98848 92852 0.0195689 0.00140527 116.46 39.9856
79 123808 123807 0.0130634 0.0217092 116.385 40.058
80 157823 157334 0.00640378 0.0712663 116.764 40.3346
81 156787 156787 0 0 116.768 40.3678
82 133610 133611 0.0098378 0.0460588 116.442 40.1203
83 4557 4428 0.330324 0.0224422 116.298 39.4415
84 62493 58305 0.0202781 0.149656 116.415 39.8938
85 13356 13217 0.0240059 0.139542 116.816 39.6525
86 40497 40590 0.0577521 0.0866212 116.853 39.8108
87 135137 134846 0.120017 0.0834018 116.569 40.135
88 126629 126630 0.0357866 0.0544608 116.693 40.0405
89 87482 87481 0.0450409 0.0156783 116.318 39.9869
90 125148 125149 0.245392 0.137694 116.51 40.0377
91 164001 163998 0.00329756 0.00371852 117.023 40.1427
92 64867 59263 0.0237588 0.00705677 116.452 39.9067
93 12860 12854 0.217416 0.14575 116.782 39.6118
94 109874 109872 0.00594087 0.0070022 115.979 40.3895
95 44477 44476 0.0611374 0.2018 116.234 39.8686
96 160239 160238 0.126517 0.610431 116.463 40.4527
97 75621 75620 0.349771 0.15814 116.221 39.9846
98 103110 103454 0.117799 0.0904003 116.639 39.9266
99 67659 68090 0.108004 0.0272752 116.625 39.912