0 89341 94453 0.0129225 0.179699 116.434 39.9867
1 22299 23001 0.306291 1.27239 116.859 39.7088
2 148443 148442 0.18391 0.592081 116.872 40.2153
3 121962 122454 0.0540074 0.0562685 116.41 40.022
4 77777 77778 0.00556695 0.0279689 116.189 39.9394
5 43460 43461 0.00277675 0.121672 116.249 39.874
6 153747 153746 0.0750407 0.0789173 116.878 40.3102
7 64671 58483 0.00702894 0.0349976 116.395 39.86
8 79615 79616 0.0624462 0.101019 116.362 39.9441
9 20064 20065 0.352552 0.00219134 116.543 39.6859
10 143744 143745 0.0328022 0.131862 116.268 40.1964
11 41968 41969 0.00506174 0.00314205 116.094 39.881
12 130210 130211 0.130896 0.115343 116.225 40.1414
13 112311 159237 0.665494 0.0900858 116.008 40.482
14 46890 52008 0.00900995 0.00397269 116.348 39.846
15 24740 24742 0.00661738 0.0754554 116.025 39.7901
16 74551 74548 0.00326549 0.00254499 116.121 39.9592
17 149778 149779 0.0127996 0.0614789 116.075 40.2922
18 57278 61804 0.084172 0.00251389 116.387 39.858
19 62555 62556 0.0136267 0.0255305 116.434 39.89
20 54924 56462 0.0688427 0.0719399 116.413 39.8725
21 161142 161143 0.013351 0.306246 116.903 40.4501
22 119760 116507 0.00292672 0.130106 116.366 40.0739
23 56843 56211 0.144053 0.14738 116.48 39.8453
24 137264 136778 0.260719 0.206635 116.704 40.1205
25 68513 68518 0.00991917 0.0373884 116.509 39.8605
26 171401 171422 0.0841652 0.0118036 117.286 40.6847
27 163015 163014 0.283347 0.218962 116.681 40.6633
28 62549 62549 0 0 116.431 39.8843
29 42914 42915 0.056888 0.0302299 116.173 39.8474
30 26578 42404 0.0320737 0.201514 116.21 39.8336
31 48548 48557 0.0145869 0.0589159 116.306 39.913
32 86512 86513 0.0626102 0.015126 116.274 39.9794
33 84074 84069 0.00745089 0.0545972 116.347 39.9305
34 13749 14753 0.0254556 0.0398152 116.105 39.7381
35 55307 55308 0.0747181 0.0986418 116.451 39.8756
36 55160 55162 0.0399956 0.0195665 116.457 39.8582
37 144405 143887 0.033567 0.0648699 116.269 40.1847
38 35406 35414 0.0172253 0.112358 116.489 39.8015
39 160684 160830 0.057456 0.0509877 116.839 40.4738
40 98330 98327 0.0461912 0.0403399 116.479 39.9311
41 116815 116817 0.0386945 0.10023 116.312 40.0813
42 27224 29378 0.0328226 0.0705066 116.369 39.8194
43 89196 89206 0.0261539 0.00578005 116.468 39.9254
44 146812 146809 0.00186038 0.0544318 116.602 40.2467
45 151271 151272 0.0600377 0.0822317 116.621 40.274
46 128066 128396 0.0236103 0.0835249 116.757 40.0805
47 60338 60339 0.0376044 0.00556942 116.414 39.8955
48 42632 44922 0.133599 0.00168509 116.204 39.8894
49 111962 110962 0.0493277 0.455437 115.962 40.4762
50 123007 123006 0.0011922 0.00819521 116.375 40.0096
51 95893 95895 0.00828991 0.00743517 116.46 39.9327
52 151205 150881 0.163875 0.0328765 116.569 40.2515
53 80648 80649 0.00955215 0.00445393 116.361 39.9675
54 45515 47001 0.0355115 0.214569 116.316 39.8632
55 86820 86829 0.00171873 0.0108268 116.278 39.9497
56 147362 147357 0.117361 0.0375231 116.72 40.2364
57 72484 72485 0.375408 0.130954 116.666 39.8924
58 158679 158681 0.0707212 0.387735 116.911 40.3979
59 4695 4694 0.0340388 0.116614 116.308 39.4293
60 41526 41871 0.183585 0.155682 116.035 39.873
61 73611 73676 0.0662896 0.0317719 116.998 39.8862
62 100140 99733 0.00686786 0.0101318 116.543 39.9268
63 120282 118655 0.0513735 0.00341164 116.353 40.0125
64 133275 133659 0.344392 0.0185079 116.396 40.1062
65 170068 170067 0.386495 0.0651324 116.626 40.7095
66 14531 14738 0.140913 0.0646947 116.093 39.7467
67 81712 81759 0.0117027 0.029504 116.295 39.9394
68 144820 144825 0.0811258 0.0857997 116.283 40.1704
69 143258 143257 0.0916624 0.20679 116.246 40.201
70 138297 138087 0.00457955 0.0105345 116.75 40.1335
71 115854 115477 0.00386097 0.0461104 116.309 40.0728
72 56953 63620 0.125166 0.0545745 116.438 39.8939
73 7702 7703 0.0203178 0.0315134 116.001 39.5994
74 155710 155708 0.00654792 0.104879 116.705 40.3477
75 106252 106249 0.790728 0.0155623 116.976 39.9524
76 59089 61634 0.183703 0.0139059 116.404 39.8345
77 126208 126206 0.0442006 0.33038 116.54 40.0742
78 89648 97000 0.114123 0.0148523 116.434 39.9323
79 117929 117929 0 0 116.254 40.0524
80 5386 5407 0.255323 1.09414 116.008 39.5712
81 131884 131883 0.00713862 0.0348533 116.322 40.0894
82 169158 169159 0.728121 0.130668 117.298 40.5537
83 33717 33716 0.00470332 0.139007 116.452 39.8114
84 143524 144377 0.141161 0.0194165 116.369 40.2249
85 128257 128257 0 0 116.796 40.0833
86 146238 146237 0.0816223 0.5275 116.555 40.1993
87 9032 9033 0.271629 0.260109 116.348 39.6512
88 71030 71031 0.212822 0.0177184 116.693 39.8958
89 71525 103458 0.297634 0.0305261 116.636 39.9179
90 139775 139778 0.10897 0.0726812 116.769 40.1232
91 44396 44412 0.00178847 0.0211406 116.231 39.8788
92 62983 62981 0.00311951 0.00860797 116.474 39.8655
93 68151 68152 0.0446726 0.0382079 116.501 39.9156
94 153245 153448 0.401573 0.422577 116.757 40.2825
95 163257 163256 0.485716 0.135391 116.914 40.6634
96 70705 70706 0.214864 0.0057065 116.678 39.8863
97 60850 55275 0.0378555 0.00320252 116.419 39.8622
98 93280 98692 0.0175388 0.0132797 116.452 39.9525
99 52760 54145 0.0336921 0.0264298 116.326 39.9004
100 133880 134462 0.0131648 0.0671086 116.484 40.1376
101 113837 113838 0.342946 0.23768 116.222 40.0189
102 151988 151991 0.011487 0.0407231 116.743 40.3147
103 137137 136858 0.00997577 0.00397635 116.649 40.13
104 79000 85889 0.0210567 0.0253237 116.288 39.9219
105 2230 2231 0.0463571 0.117449 115.969 39.72
106 53191 49845 0.0109375 0.00772719 116.317 39.85
107 124390 124388 0.0211643 0.0662915 116.592 40.0634
108 46555 48025 0.0104228 0.0760876 116.372 39.9088
109 3480 3490 0.0369026 0.0298028 115.556 39.8544
110 103149 103151 0.0238667 0.00140327 116.659 39.926
111 26408 26409 0.406247 0.187222 116.214 39.7605
112 169250 169251 0.104942 0.00727659 117.091 40.6113
113 77442 75300 0.0106358 0.0957221 116.135 39.9484
114 103805 103807 0.0329544 0.102284 116.637 39.9286
115 162575 162519 0.227191 0.22464 116.916 40.5757
116 48550 48551 0.026846 0.0788468 116.308 39.9136
117 58167 58651 0.0872324 0.0595054 116.459 39.8359
118 114179 113605 0.0034641 0.267477 116.167 40.051
119 33139 33143 0.0154624 0.00323457 116.426 39.7991
120 63955 65427 0.125408 0.100415 116.5 39.8664
121 154947 154944 0.0272359 0.15563 116.647 40.3368
122 4515 4514 0.622594 0.180693 116.304 39.4928
123 81108 81110 0.0190185 0.0206033 116.372 39.9768
124 56171 65240 0.0040707 0.148625 116.473 39.8535
125 88364 90914 0.00342908 0.00614935 116.488 39.9891
126 96284 96284 0 0 116.425 39.9812
127 23093 23092 0.0897842 0.0302482 116.855 39.6847
128 90003 90002 0.0233299 0.0288623 116.49 39.9313
129 144635 144636 0.402177 0.505423 116.296 40.1766
130 150111 150110 0.0536597 0.080155 116.226 40.2726
131 155061 155061 0 0 116.684 40.3669
132 121413 123217 0.00262781 0.0532831 116.467 40.0115
133 56834 63109 0.0836746 0.0186513 116.488 39.8573
134 2935 2936 0.261012 0.465677 115.64 39.8348
135 160621 160907 0.276239 0.00728755 116.84 40.4706
136 98408 92226 0.0792683 0.071968 116.386 39.9851
137 148673 148591 0.00466527 0.321779 116.761 40.1783
138 46331 50744 0.0162947 0.0261764 116.348 39.89
139 3973 3971 0.0379135 0.00332012 115.7 39.974
140 7742 7744 0.0553889 0.0325967 116.085 39.6162
141 157227 157228 0.122087 0.0772961 116.855 40.3507
142 99733 100524 0.0438723 0.0632109 116.543 39.9273
143 72272 72274 0.0106208 0.133753 116.702 39.8382
144 72763 69929 0.1863 0.0591264 116.667 39.9113
145 446 443 0.435501 0.323212 115.958 39.5806
146 16609 16610 0.0975518 0.152688 116.206 39.6827
147 79499 87717 0.103541 0.0806955 116.312 39.9323
148 86941 86940 0.0462982 0.00855749 116.282 39.9176
149 13990 14717 0.00692184 0.451929 116.014 39.7475
150 26468 26466 0.0101824 0.0052455 116.167 39.7603
151 151249 151248 0.0346103 0.0296967 116.582 40.2647
152 156161 156162 0.00562516 0.00494845 116.869 40.3768
153 165435 165755 0.208419 0.00868413 117.133 40.152
154 26392 25189 0.0494182 0.0342184 116.203 39.7642
155 43346 43345 0.102514 0.0657277 116.225 39.8731
156 10505 10507 0.0136986 0.00825427 116.509 39.5853
157 123434 121643 0.00531435 0.044821 116.4 40.0098
158 160331 160337 0.0400837 0.026287 116.611 40.4766
159 21543 21540 0.0413917 0.383561 116.655 39.7235
160 6437 6444 0.233873 0.0519355 116.341 39.545
161 21541 21544 0.227563 0.200623 116.654 39.7216
162 37491 37489 0.0703489 0.155853 116.551 39.7594
163 85893 80011 0.00453912 0.00362476 116.283 39.9196
164 143908 143909 0.0102413 0.434528 116.302 40.1894
165 53240 50234 0.163796 0.0552124 116.336 39.8519
166 14325 14327 0.0438255 0.029584 116.095 39.6719
167 99277 99418 0.0204038 0.160622 116.514 39.9898
168 44471 44446 0.2169 0.014728 116.233 39.864
169 20320 20656 0.0130107 0.126629 116.563 39.7494
170 58607 58607 0 0 116.47 39.8712
171 104041 103589 0.0175747 0.0118615 116.716 39.9481
172 30035 28522 0.0167413 0.00196653 116.346 39.7903
173 110953 110957 0.0188514 0.042889 115.972 40.4777
174 155173 155171 0.112165 0.13656 116.747 40.3707
175 102808 102809 0.014051 0.00191604 116.631 39.9269
176 123858 123860 0.0294253 0.0393151 116.407 40.047
177 103398 104065 0.00134433 0.0406659 116.698 39.9193
178 137992 137989 0.13288 0.0375663 116.685 40.1268
179 22394 22901 0.185797 0.0211479 116.777 39.7497
180 52386 49721 0.00976264 0.0119804 116.29 39.8494
181 136770 138581 0.0654935 0.0296415 116.704 40.142
182 25801 25800 0.00522463 0.0281613 116.142 39.7539
183 162936 162935 0.217433 0.597967 116.586 40.5943
184 138420 138419 0.245869 0.484668 116.671 40.1626
185 93522 93523 0.0197541 0.138083 116.447 39.9374
186 61737 61738 0.145761 0.0800277 116.413 39.8979
187 142394 143267 0.121127 0.0428738 116.24 40.2219
188 68573 68571 0.0310868 0.0592695 116.513 39.8385
189 46793 46780 0.0747845 0.0347097 116.363 39.8943
190 123468 123467 0.290164 0.0157773 116.411 40.0051
191 54204 54203 0.00289068 0.00410855 116.284 39.9038
192 71037 72560 0.00660459 0.0218635 116.696 39.8927
193 35170 35172 0.0123634 0.0435796 116.485 39.7943
194 93866 93867 0.0765871 0.184545 116.43 39.9557
195 92448 92449 0.0284723 0.0263327 116.438 39.9985
196 115006 117525 0.00243955 0.00940294 116.343 40.0596
197 67063 67062 0.018558 0.0624356 116.599 39.8877
198 33992 32018 0.045254 0.1465 116.484 39.7537
199 110094 110093 0.0139838 0.00906624 115.879 40.4041
200 129526 130100 0.125708 0.0832592 116.184 40.0848
201 15348 15349 0.101895 0.0731693 116.195 39.7341
202 99442 101884 0.0122215 0.195478 116.589 39.9823
203 130570 130571 0.0482976 0.0479127 116.327 40.1073
204 13666 13665 0.152825 0.044699 116.066 39.7354
205 99632 99633 0.0391081 0.0456048 116.564 39.9856
206 76488 76487 0.076828 0.0793561 116.235 39.9472
207 11788 10959 0.322785 0.326709 116.651 39.6534
208 37141 37142 0.00177781 0.00778029 116.557 39.774
209 149525 149538 0.133463 0.0266407 116.925 40.1683
210 117339 117340 0.0196633 0.0188922 116.291 40.0193
211 74601 74280 0.00606313 0.0335013 116.087 39.9443
212 152430 152429 0.0387254 0.210546 116.627 40.3329
213 125122 125817 0.120988 0.23072 116.614 40.0295
214 83189 83663 0.00962568 0.064992 116.36 39.998
215 108974 108934 0.471942 0.712258 115.978 40.2402
216 25268 25349 0.0660535 0.00613612 116.172 39.7524
217 41309 41297 0.441814 0.212522 116.095 39.8501
218 28233 28232 0.00746951 0.00469582 116.325 39.7994
219 87993 85927 0.0766165 0.00595122 116.304 39.9368
220 59399 59397 0.213483 0.00435679 116.458 39.904
221 7753 7753 0 0 116.083 39.5993
222 122182 122182 0 0 116.497 40.0373
223 97088 97082 0.00212133 0.005482 116.389 39.9979
224 44488 44487 0.192297 0.0304994 116.239 39.8659
225 73157 73156 0.175299 0.108414 116.818 39.8724
226 62319 62316 0.0559543 0.0102211 116.416 39.8415
227 91952 91955 0.0651633 0.0553525 116.458 39.9572
228 145223 145217 0.00223826 0.00966738 116.402 40.2142
229 118323 118324 0.0791963 0.00550562 116.335 40.0436
230 64627 64627 0 0 116.479 39.8705
231 10510 10345 0.834454 0.313334 116.542 39.6224
232 121141 121578 0.129843 0.0383899 116.463 40.0602
233 29697 29699 0.0473793 0.0520837 116.346 39.7601
234 95662 95661 0.0757567 0.0322547 116.481 39.9433
235 139217 139212 0.485996 0.149293 116.798 40.0916
236 77412 76980 0.0562256 0.0256828 116.229 39.9773
237 65935 67609 0.113081 0.0331216 116.538 39.86
238 127698 127831 0.226358 0.757849 116.685 40.0303
239 45533 53142 0.00290893 0.0678432 116.354 39.8622
240 30900 30901 0.0611331 0.0956185 116.342 39.7522
241 131399 131020 0.0288921 0.0447894 116.28 40.1102
242 156856 156851 0.0346011 0.0408714 116.771 40.3412
243 110047 110046 0.0506821 0.0268135 115.971 40.361
244 29507 29507 0 0 116.29 39.7824
245 20262 20262 0 0 116.557 39.7244
246 31314 31347 0.171793 0.139332 116.316 39.7501
247 53704 53702 0.00660905 0.021501 116.31 39.8551
248 132946 133528 0.0855344 0.251577 116.392 40.1536
249 563 468 0.0300594 0.0283083 115.974 39.5262
250 163556 163496 0.0239518 0.160067 117.101 40.001
251 40335 39906 0.0411088 0.0973047 116.799 39.7691
252 105174 105175 0.563276 0.365333 116.796 39.9975
253 82205 79279 0.00747465 0.0392742 116.277 39.9706
254 87197 79718 0.198542 0.00220825 116.338 39.9384
255 65159 65157 0.209924 0.137524 116.47 39.8899
256 47540 51765 0.00246501 0.00950104 116.374 39.8771
257 57910 62591 0.0130193 0.0237099 116.441 39.9073
258 139300 139299 0.0364523 0.0419397 116.798 40.1328
259 87741 80043 0.0449447 0.0180031 116.351 39.958
260 62436 58814 0.0635977 0.0146282 116.386 39.884
261 63158 63716 0.0602706 0.036052 116.474 39.8589
262 31953 31954 0.0112931 0.0327068 116.457 39.8296
263 160722 160722 0 0 116.853 40.4564
264 155158 155159 0.0122435 0.00636366 116.744 40.341
265 165840 165595 0.0127876 0.0229319 117.176 40.1267
266 143023 142208 0.0626724 0.0172272 116.223 40.1835
267 120725 120728 0.00291457 0.0233428 116.468 40.005
268 78873 78876 0.0338027 0.0931953 116.339 39.9352
269 112572 112571 0.148789 0.334227 115.915 40.5099
270 22465 22463 0.019942 0.0750345 116.791 39.7099
271 94488 94489 0.0643272 0.0301655 116.409 39.9711
272 158018 158011 0.0366756 0.12073 116.838 40.3545
273 121469 121468 0.0555772 0.0900264 116.407 40.0671
274 37147 37148 0.0319664 0.0290798 116.547 39.7625
275 72901 72900 0.00529204 0.0391789 116.64 39.8873
276 63360 63362 0.00562004 0.0582149 116.494 39.8402
277 18078 18099 0.00803274 0.153372 116.344 39.7347
278 39433 39434 0.0221612 0.116004 116.68 39.794
279 104902 104903 0.340902 0.030856 116.852 39.9701
280 139072 139970 0.135132 0.36093 116.831 40.1575
281 117928 117888 0.0351188 0.0199263 116.254 40.0527
282 45228 45229 0.00872596 0.0658549 116.365 39.9038
283 133371 133372 0.129061 0.0123995 116.479 40.1501
284 166016 166015 0.170951 0.34912 117.201 40.1296
285 144543 144542 0.00659225 0.00153629 116.259 40.2151
286 145565 145346 0.122561 0.0264907 116.488 40.1978
287 139398 139552 0.0335926 0.0187323 116.856 40.153
288 33116 32463 0.0337118 0.092745 116.441 39.8079
289 71036 71965 0.0225016 0.00214418 116.696 39.8931
290 110881 110815 0.311991 0.18402 115.979 40.4747
291 152709 152721 0.0403449 0.0526158 116.735 40.333
292 146799 146801 0.242537 0.0614943 116.601 40.2133
293 41745 41548 0.00461905 0.0199504 116.111 39.9081
294 161381 161380 0.071298 0.0617207 116.014 40.5123
295 99070 92668 0.0185438 0.0202507 116.422 39.9736
296 124170 124170 0 0 116.581 40.0031
297 8286 8130 0.787844 0.0154537 116.225 39.6053
298 17530 17556 0.0698896 0.0143147 116.336 39.7299
299 72448 69957 0.0139512 0.210671 116.643 39.8833
300 146103 146104 0.73758 0.0462457 116.534 40.2099
301 119303 119314 0.0447924 0.0320385 116.34 40.0765
302 159654 159655 0.0121342 0.0305675 116.002 40.4521
303 146278 146715 0.00510367 0.130161 116.507 40.1768
304 101946 101898 0.872067 0.141128 116.601 39.9714
305 129625 130525 0.156049 0.079626 116.216 40.0965
306 10931 11695 0.0951074 0.11458 116.666 39.6552
307 154713 154714 0.0856178 0.098644 116.555 40.4041
308 5548 5548 0 0 116.246 39.5763
309 2317 2563 0.239343 0.189076 115.973 39.6763
310 76096 76097 0.00731989 0.0567953 116.146 39.9268
311 67397 67397 0 0 116.564 39.9031
312 126365 126363 0.0683936 0.0102101 116.575 40.0616
313 26717 25980 0.0165705 0.182758 116.148 39.7965
314 136844 136847 0.0905658 0.125067 116.641 40.1248
315 71580 71579 0.0450571 0.00277422 116.627 39.9012
316 49034 53597 0.143378 0.020858 116.321 39.8848
317 9590 8668 0.00425261 0.255915 116.253 39.6479
318 133506 133506 0 0 116.402 40.1627
319 80681 80680 0.131282 0.0315869 116.342 39.9493
320 69555 69558 0.00636171 0.198855 116.672 39.8403
321 148213 138287 0.16412 0.0803456 116.693 40.1674
322 122184 121407 0.0796258 0.327265 116.475 40.0243
323 8166 8164 0.282413 0.0563443 116.138 39.6438
324 61134 61136 0.178022 0.0442303 116.445 39.8494
325 39498 39625 0.170566 0.573251 116.64 39.769
326 142278 142281 0.0533928 0.0777461 116.19 40.2484
327 21630 21631 0.0293079 0.274524 116.741 39.7332
328 90579 90420 0.0327471 0.0600209 116.409 39.9405
329 159424 159424 0 0 116.004 40.4581
330 87038 87037 0.0348951 0.0161657 116.371 39.988
331 65569 65570 0.00509879 0.0641427 116.573 39.9017
332 76006 75898 0.017051 0.0134517 116.181 39.9182
333 127507 127508 0.0407532 0.0347291 116.717 40.0394
334 50198 50200 0.0224588 0.0477249 116.371 39.8617
335 156105 156127 0.221583 0.00976347 116.786 40.35
336 83310 83309 0.0441203 0.0909463 116.331 39.9799
337 128229 128338 0.0116091 0.00288415 116.783 40.0078
338 149570 149491 0.0546298 0.0338572 116.905 40.2029
339 20541 20544 0.0619177 0.00284977 116.515 39.7362
340 162977 163083 0.761072 0.108441 116.645 40.6222
341 96513 96509 0.0389126 0.00802661 116.451 39.9852
342 35063 32089 0.0325443 0.158049 116.448 39.8306
343 139330 139858 0.0448912 0.074318 116.781 40.0971
344 129884 129885 0.0580074 0.207066 116.193 40.1043
345 7251 7252 0.163575 0.00617684 116.033 39.6397
346 110848 110849 0.0340753 0.119136 115.991 40.4417
347 162648 162522 0.0440899 0.253186 116.988 40.5693
348 43660 41558 0.124537 0.0455957 116.126 39.9022
349 5941 5942 0.050216 0.0987841 116.304 39.5821
350 53502 47240 0.0401543 0.0324575 116.326 39.9123
351 136164 136165 0.0610455 0.0203485 116.607 40.1312
352 52392 52390 0.0403869 0.00208092 116.291 39.8499
353 21414 20366 0.0652542 0.0933488 116.569 39.7213
354 39386 39080 0.00526024 0.0676814 116.678 39.8324
355 126826 126827 0.00757724 0.00124376 116.719 40.0403
356 3325 3326 0.14723 0.0419267 115.981 39.8138
357 94964 94967 0.01913 0.0512008 116.38 39.9581
358 135361 135361 0 0 116.539 40.1187
359 68972 68961 0.232891 0.191063 116.54 39.8431
360 33873 35011 0.151471 0.0196617 116.475 39.7807
361 51286 51286 0 0 116.255 39.8727
362 168392 168391 0.205922 0.683878 117.059 40.4344
363 86796 79337 0.0111085 0.0221504 116.276 39.9578
364 56062 59729 0.00331803 0.0616903 116.474 39.862
365 119017 119017 0 0 116.303 40.0191
366 156916 156085 0.122445 0.0965979 116.806 40.3506
367 91217 92767 0.0174455 0.0414919 116.431 39.9804
368 160477 160476 0.0693379 0.0185655 116.718 40.4488
369 32460 33437 0.0179313 0.0540786 116.423 39.8115
370 80491 80491 0 0 116.308 39.979
371 160990 160989 0.676861 0.161049 116.934 40.4521
372 47296 47296 0 0 116.361 39.8458
373 49336 49337 0.0474796 0.0858901 116.28 39.8667
374 52471 52473 0.0345278 0.00177867 116.308 39.8501
375 119199 117590 0.167222 0.0326435 116.27 40.0353
376 129778 129561 0.14123 0.0160877 116.141 40.1436
377 113624 113835 0.0901519 0.141204 116.21 40.0392
378 62950 62951 0.0282042 0.0236068 116.439 39.8589
379 162886 162367 0.162331 0.0749776 116.608 40.5839
380 48043 48048 0.00104624 0.0176367 116.326 39.8933
381 117954 117938 0.0336969 0.0505202 116.252 40.0047
382 109596 109595 0.246414 0.0567648 115.942 40.4163
383 54726 53819 0.00402832 0.00180983 116.346 39.8396
384 75048 75049 0.540332 0.285406 116.097 39.9968
385 36210 36212 0.0752597 0.43815 116.548 39.777
386 24991 25002 0.00616382 0.103415 116.146 39.8178
387 102520 100558 0.00786927 0.009618 116.517 39.946
388 140464 140465 0.0706188 0.068591 116.884 40.1412
389 84084 84083 0.0579565 0.114021 116.356 39.9333
390 85532 85534 0.0173957 0.00275317 116.295 39.9548
391 2600 2066 0.00680422 0.0518528 115.986 39.6925
392 161211 161212 0.0150091 0.00468789 117 40.4298
393 104930 104931 0.116791 0.00247965 116.832 39.9484
394 113471 113328 0.287748 0.0928712 116.189 40.0569
395 8130 8129 0.408146 0.519009 116.224 39.6087
396 3520 3519 0.144399 0.0843615 115.561 39.8922
397 47030 45835 0.0380185 0.310775 116.328 39.9073
398 141347 141240 0.0477764 0.00469523 116.068 40.2216
399 119352 119353 0.0176434 0.157287 116.335 40.0522
400 37227 37226 0.00886407 0.00166333 116.558 39.7588
401 105194 105266 0.0458586 0.132289 116.79 39.959
402 111565 111566 0.0919415 0.0932975 115.979 40.4696
403 3874 3873 0.730562 0.0718563 115.556 39.9949
404 14700 14874 0.12586 0.0358555 116.11 39.7276
405 87244 87246 0.0108738 0.0790065 116.318 39.9315
406 131674 132829 0.0556472 0.109478 116.26 40.1213
407 38446 38901 0.00266382 0.0052407 116.589 39.7688
408 114097 114096 0.214702 0.606257 116.183 40.0093
409 106580 106562 0.0073039 0.0140525 117.102 39.713
410 33496 33495 0.0161644 0.0538233 116.424 39.7952
411 59126 59125 0.024446 0.00372444 116.413 39.8466
412 103278 103276 0.0138037 0.0646266 116.677 39.9273
413 20082 21231 0.312541 0.629337 116.595 39.6877
414 57106 54967 0.038828 0.290223 116.414 39.8543
415 46358 46358 0 0 116.293 39.9074
416 61642 61647 0.0131443 0.0614171 116.379 39.8339
417 136493 134981 0.0128851 0.148701 116.57 40.1246
418 7750 7749 0.129182 0.0659728 116.082 39.5972
419 66790 65709 0.03192 0.00154686 116.577 39.9012
420 33803 33802 0.0719609 0.0162265 116.498 39.802
421 113626 113628 0.0318769 0.0264764 116.208 40.0365
422 142424 142425 0.0328119 0.137344 116.249 40.218
423 120613 123231 0.0765918 0.0168785 116.493 40.0255
424 115097 115098 0.0224082 0.0742466 116.279 40.0133
425 147754 147753 0.0345791 0.0188662 116.695 40.2055
426 151267 151265 0.0994256 0.00110584 116.606 40.2821
427 60022 60022 0 0 116.498 39.9158
428 38274 38276 0.00641124 0.00176636 116.551 39.8043
429 23039 23040 0.119255 0.032856 116.823 39.7054
430 129695 129681 0.308775 0.59696 116.155 40.1265
431 155137 155135 0.0276587 0.0354891 116.703 40.3386
432 122632 123397 0.0208927 0.121235 116.376 40.0197
433 1671 1670 0.127108 0.449332 115.891 39.604
434 131122 130773 0.0875147 0.0698859 116.328 40.085
435 450 451 0.242747 0.207657 115.899 39.5764
436 52167 52127 0.0605927 0.0154401 116.368 39.8485
437 32015 32136 0.207952 0.0528944 116.409 39.7959
438 123440 122948 0.132672 0.129129 116.401 40.004
439 153367 153368 0.00437816 0.0868334 116.854 40.2503
440 4925 4928 0.0941169 0.00224481 116.435 39.4233
441 66875 66872 0.0786806 0.0743594 116.593 39.9117
442 78461 81579 0.115948 0.0100725 116.32 39.9726
443 21444 21443 0.00683388 0.260096 116.718 39.7213
444 149379 149539 0.253043 0.059163 116.881 40.1903
445 10484 10485 0.0295204 0.0895135 116.622 39.6481
446 5903 6227 0.0537327 0.103309 116.34 39.509
447 9916 9917 0.2072 0.137313 116.427 39.6187
448 106164 106291 0.223395 0.0400365 116.958 39.9626
449 89561 98282 0.01131 0.00161571 116.446 39.9231
450 68312 65521 0.0408747 0.166439 116.506 39.8759
451 3194 3144 0.00840719 0.128628 115.986 39.8086
452 155949 155946 0.322432 0.0173016 116.67 40.3656
453 13705 13610 0.0618995 0.00552915 116.058 39.7097
454 154061 154062 0.176149 0.0343425 116.135 40.3445
455 114366 114367 0.147002 0.0122811 116.214 40.0826
456 29834 29396 0.0354934 0.0439102 116.349 39.8278
457 70956 70957 0.00334764 0.00481734 116.727 39.9104
458 130331 130332 0.101056 0.0484555 116.25 40.1141
459 94286 96815 0.00249337 0.0633765 116.491 39.9648
460 3364 3216 0.0671899 0.0242091 115.971 39.7599
461 57703 57595 0.140139 0.0350517 116.413 39.8929
462 84066 82868 0.0246752 0.0589696 116.349 39.933
463 38883 36099 0.0213997 0.0049222 116.514 39.7669
464 91024 91491 0.0298118 0.0610779 116.388 39.986
465 80414 80414 0 0 116.343 39.9766
466 94949 84200 0.0760215 0.107439 116.376 39.9312
467 45648 49747 0.0683442 0.00344426 116.294 39.848
468 141300 141419 0.0334499 0.0833863 116.105 40.2172
469 43200 44232 0.0111829 0.00975882 116.24 39.9037
470 25985 26082 0.00313067 0.00713383 116.161 39.8014
471 130255 129756 0.0198931 0.0569143 116.175 40.1538
472 164006 164607 0.327602 0.333826 117.005 40.1377
473 148590 148441 0.112674 0.249133 116.764 40.1753
474 120368 120329 0.0546875 0.0236614 116.358 40.068
475 5301 5480 0.233634 0.327715 116.031 39.5097
476 135767 135769 0.482541 0.0011043 116.614 40.1419
477 66568 67408 0.229905 0.0308944 116.563 39.8965
478 15820 15831 0.0768688 0.00293868 116.164 39.7409
479 144814 144814 0 0 116.271 40.168
480 128842 128332 0.0956613 0.0205101 116.875 40.0026
481 32782 32574 0.129368 0.14957 116.41 39.7869
482 85127 85127 0 0 116.364 39.9514
483 55404 55401 0.0832618 0.0590905 116.421 39.9115
484 160987 160988 0.608868 0.193643 116.93 40.4644
485 161671 161673 0.0686976 0.769469 116.09 40.5657
486 24383 24874 0.0281771 0.204784 116.124 39.8018
487 53396 53395 0.0204661 0.0962842 116.252 39.9149
488 44367 44367 0 0 116.203 39.9049
489 118099 118100 0.0206923 0.131672 116.253 40.0503
490 41844 41303 0.0505231 0.0693285 116.083 39.8406
491 145440 145439 0.0723247 0.230062 116.408 40.1882
492 18702 19475 0.162544 0.0563494 116.449 39.7248
493 29692 29693 0.0514145 0.0586808 116.347 39.7612
494 166204 166204 0 0 117.008 40.2429
495 30854 29604 0.0377255 0.00447304 116.324 39.7771
496 159462 159466 0.0666233 0.0513722 116.001 40.4923
497 75539 78004 0.0460082 0.0781201 116.235 39.9985
498 24169 24167 0.0323801 0.015733 116.888 39.7109
499 158463 158463 0 0 116.828 40.3728
500 70857 71822 0.00250701 0.0532044 116.658 39.8899
501 43292 43293 0.260524 0.0319943 116.202 39.8512
502 65195 65194 0.00134515 0.00693885 116.396 39.8377
503 125898 126243 0.00507866 0.0284331 116.594 40.0486
504 142240 142239 0.399931 0.136906 116.239 40.1739
505 17323 17324 0.146427 0.0203782 116.33 39.7443
506 22757 22759 0.0207571 0.0191604 116.756 39.6975
507 51290 51099 0.00597053 0.0161425 116.252 39.8399
508 13322 12768 0.124979 0.285899 116.821 39.5844
509 51688 49068 0.00540699 0.0546707 116.321 39.8776
510 79790 87808 0.00865231 0.0773134 116.354 39.9771
511 39668 39387 0.00311777 0.0283749 116.681 39.8333
512 138103 138095 0.0155978 0.0790325 116.745 40.1293
513 106865 106843 0.118589 0.0307349 117.024 39.756
514 97641 93229 0.00290932 0.0101369 116.444 39.9566
515 25744 25745 0.0299173 0.00499203 116.215 39.808
516 111786 111781 0.00532123 0.172053 115.969 40.4493
517 110069 109192 0.0891876 0.0267911 115.978 40.3627
518 158940 158939 0.117617 0.233153 116.986 40.3769
519 4330 4332 0.120701 0.0717344 116.347 39.4726
520 13260 13260 0 0 116.763 39.5888
521 168581 168582 0.484866 0.341733 117.199 40.4418
522 104680 104679 0.0188945 0.00207609 116.811 39.992
523 157463 157464 0.0173858 0.0131156 116.84 40.3874
524 15940 15938 0.0185272 0.0844015 116.171 39.7285
525 88965 88951 0.00551165 0.031654 116.385 39.9387
526 91977 90712 0.0155522 0.0581551 116.459 39.9488
527 155262 155258 0.0906987 0.0268865 116.679 40.4031
528 43527 43525 0.117199 0.00412501 116.219 39.907
529 1805 1806 0.537403 0.279272 115.51 39.7074
530 121987 121987 0 0 116.409 40.0773
531 22276 21694 0.0879189 0.732462 116.718 39.6826
532 129956 129961 0.00214913 0.176945 116.236 40.0983
533 105120 105652 0.00200821 0.010948 116.777 39.9886
534 168519 168520 0.1215 0.0683276 117.182 40.4367
535 703 703 0 0 115.978 39.5408
536 32681 32810 0.0233991 0.0462818 116.447 39.7651
537 112224 112225 0.0292612 0.0372416 115.887 40.4171
538 93970 93970 0 0 116.405 39.9315
539 81945 81944 0.0908542 0.0538181 116.347 39.9222
540 124231 124162 0.156554 0.183021 116.559 40.0032
541 13866 15012 0.190665 0.0076252 116.075 39.6749
542 60417 62654 0.005331 0.108292 116.443 39.8967
543 80383 81980 0.00210767 0.00558457 116.292 39.9272
544 20136 20133 0.069354 0.192988 116.559 39.7467
545 10845 10388 0.14026 0.157962 116.516 39.6171
546 132018 132017 0.215932 0.0752323 116.374 40.1093
547 66652 66651 0.0167314 0.0419295 116.51 39.8427
548 86598 82083 0.0929612 0.049238 116.297 39.9967
549 3281 3280 0.184116 0.07388 115.902 39.8218
550 28044 30929 0.00646657 0.00170861 116.271 39.8247
551 111873 111874 0.0785786 0.0615232 115.895 40.4462
552 145087 145084 0.00518167 0.00584316 116.463 40.1763
553 9054 9055 0.111488 0.0312006 116.323 39.64
554 103539 103781 0.117976 0.132134 116.635 39.9593
555 64970 64971 0.105942 0.00372881 116.5 39.8953
556 54960 54961 0.01024 0.227899 116.384 39.8569
557 116479 117530 0.00824317 0.0843767 116.33 40.0557
558 147836 147086 0.0131961 0.321236 116.703 40.234
559 76162 76163 0.0472501 0.0150972 116.172 39.9275
560 86854 86853 0.0553249 0.00577949 116.289 39.941
561 87883 87020 0.00642218 0.00164589 116.358 39.9873
562 112313 112191 0.00338519 0.0723104 115.983 40.4682
563 109787 109786 0.0192594 0.0728909 115.921 40.4016
564 148725 149188 0.0188258 0.257651 116.848 40.2214
565 130917 130918 0.0550006 0.0977789 116.276 40.1239
566 167198 167477 0.0393906 0.0427818 117.339 40.1763
567 8852 8912 0.0976781 0.0086383 116.327 39.6111
568 141709 141712 0.00742655 0.00359828 116.245 40.2078
569 124402 124699 0.00375708 0.00565916 116.586 40.0605
570 134683 134684 0.040643 0.100732 116.417 40.1219
571 28712 28711 0.0205128 0.00620083 116.332 39.8113
572 46814 46813 0.00674165 0.00713006 116.374 39.9146
573 113074 113616 0.00729611 0.00398072 116.244 40.0735
574 28191 28188 0.131011 0.0103808 116.337 39.8231
575 97708 93689 0.109771 0.0356211 116.475 39.9381
576 24730 3244 0.338146 0.0322078 116 39.7925
577 138405 127369 0.00489956 0.0163107 116.715 40.0834
578 169603 169605 0.619605 0.202493 117.345 40.6543
579 12860 12857 0.175017 0.218131 116.782 39.6082
580 83827 83824 0.0136041 0.110625 116.286 39.9408
581 98010 98012 0.170458 0.0363758 116.398 39.9912
582 105246 105245 0.00199262 0.00966012 116.854 39.9779
583 110814 111932 0.0313845 0.0732189 115.975 40.4584
584 90209 90784 0.00223918 0.00954598 116.397 39.9492
585 164212 164758 0.00126817 0.1139 117.058 40.1363
586 126960 126959 0.100638 0.0885309 116.654 40.0638
587 30335 29719 0.0256168 0.0302757 116.322 39.7515
588 128656 128659 0.0212982 0.0985368 116.975 40.0568
589 131594 131592 0.00254127 0.00683612 116.344 40.0835
590 116015 119206 0.27795 0.0653684 116.272 40.0329
591 18179 18436 0.444452 0.248848 116.36 39.7236
592 78786 78784 0.0513295 0.00410193 116.321 39.9495
593 134122 134479 0.0116703 0.0573848 116.416 40.1516
594 27646 29179 0.39129 0.305277 116.345 39.8164
595 118252 118253 0.00143292 0.0362755 116.328 40.0692
596 132741 132740 0.00100364 0.500804 116.364 40.1105
597 115640 115641 0.0437323 0.0187424 116.306 40.0401
598 107273 107275 0.0629859 0.163089 117.124 39.7653
599 79075 80356 0.00236278 0.0152699 116.323 39.9568
600 114163 114155 0.0225591 0.00367241 116.166 40.0674
601 155746 155746 0 0 116.716 40.4125
602 81189 85675 0.0490852 0.00984061 116.257 39.923
603 163787 163786 0.116693 0.0420729 117.022 40.0147
604 28897 28896 0.0218705 0.106617 116.352 39.8214
605 94821 102536 0.0422318 0.0323368 116.5 39.9223
606 91094 91093 0.00470722 0.0526979 116.442 39.9314
607 70105 71467 0.0555722 0.0390993 116.66 39.9025
608 88986 88996 0.0366372 0.0367972 116.4 39.9376
609 99152 99155 0.0684392 0.142669 116.496 39.9662
610 52688 52687 0.182244 0.0444733 116.319 39.8794
611 85142 85141 0.0582052 0.12483 116.364 39.9475
612 71099 72144 0.0333949 0.130503 116.681 39.8688
613 155117 154801 0.358958 0.477498 116.703 40.3665
614 58729 57726 0.109558 0.11088 116.43 39.9155
615 124730 124470 0.00664137 0.0341364 116.59 40.0732
616 122138 122137 0.0233147 0.0721696 116.427 40.0406
617 150482 150375 0.379131 0.521041 116.258 40.2712
618 59596 59597 0.013665 0.109097 116.462 39.8762
619 72383 71809 0.0970648 0.165981 116.654 39.9011
620 61256 95271 0.00456961 0.0273857 116.438 39.9167
621 7145 7142 0.134269 0.159536 116.622 39.5093
622 170067 170066 0.629186 0.0851368 116.618 40.7088
623 146611 145987 0.0608732 0.477827 116.527 40.2457
624 97118 97120 0.00663165 0.00269557 116.392 39.998
625 159427 159426 0.0164915 0.0156557 116.001 40.4484
626 92034 92033 0.0026099 0.0273889 116.473 39.9524
627 126028 126029 0.022217 0.145736 116.523 40.0332
628 142676 142674 0.211668 0.0184538 116.164 40.2275
629 21147 21148 0.0725941 0.0169915 116.608 39.6746
630 111763 111766 0.148853 0.0744945 115.968 40.4235
631 103243 103241 0.0399561 0.0730527 116.673 39.9313
632 116978 116988 0.0911948 0.230879 116.374 40.014
633 3625 2947 0.00815302 0.0720252 115.725 39.8337
634 98052 98053 0.0510255 0.0492211 116.413 39.9953
635 103066 103067 0.0457324 0.0718316 116.71 39.9606
636 107980 107635 0.162468 0.0535798 117.081 39.9985
637 11186 11547 0.00180279 0.06825 116.732 39.6589
638 162424 162409 0.129162 0.109536 116.68 40.5551
639 20833 21423 0.009273 0.0219492 116.528 39.7423
640 127815 127814 0.0488847 0.00938073 116.681 40.0318
641 52102 54115 0.0194105 0.0178458 116.373 39.8509
642 9003 9437 0.0908641 0.0455685 116.292 39.6509
643 58553 64757 0.00245626 0.00248591 116.419 39.8459
644 12518 12506 0.00152737 0.026243 116.827 39.5974
645 109526 109524 0.188174 0.0281728 115.942 40.3511
646 147310 147311 0.344255 0.104196 116.673 40.2183
647 170741 170740 0.246281 0.597719 116.972 40.8277
648 167901 167900 0.149001 0.0622276 117.221 40.3279
649 25495 25723 0.0516897 0.00337332 116.215 39.8128
650 90509 93070 0.0693979 0.0875068 116.479 39.9759
651 8004 7265 0.0168096 0.10329 116.06 39.5989
652 40984 40985 0.392924 0.361165 116.912 39.8
653 84753 87996 0.00231521 0.00148645 116.318 39.9546
654 157015 157016 0.0506078 0.0324921 116.833 40.3403
655 148336 148337 0.0182024 0.0296986 116.659 40.1726
656 91964 91160 0.0388074 0.00415142 116.465 39.953
657 91828 91829 0.00482812 0.0118992 116.418 39.96
658 136015 136016 0.00192039 0.0336424 116.553 40.1352
659 145747 145748 0.0672125 0.00259109 116.39 40.1837
660 24989 24990 0.0155937 0.0194483 116.145 39.8179
661 147378 147059 0.140156 0.171995 116.724 40.2115
662 56769 56774 0.162275 0.0388146 116.493 39.9073
663 91215 89536 0.0309084 0.278176 116.428 39.9892
664 43155 43153 0.0251514 0.00865759 116.247 39.9154
665 27464 30509 0.0225043 0.116691 116.359 39.8323
666 143620 143666 0.0227437 0.15634 116.259 40.2216
667 5091 5132 0.49198 0.350764 116.422 39.4292
668 36421 36418 0.0493569 0.00610029 116.518 39.7931
669 45665 49698 0.00243834 0.051747 116.283 39.8436
670 111372 110681 0.116987 0.00303016 115.875 40.4861
671 23636 23634 0.00206049 0.316937 116.986 39.7197
672 85353 85354 0.0776163 0.00754099 116.348 39.9378
673 129364 129365 0.04515 0.0853413 116.174 40.1375
674 45382 45382 0 0 116.357 39.8766
675 105080 105079 0.0575247 0.0754676 116.755 39.92
676 114507 118541 0.00879438 0.0117053 116.35 40.0225
677 58722 58723 0.0878713 0.0918246 116.428 39.911
678 53234 53233 0.0212332 0.0658773 116.322 39.8399
679 78543 83541 0.0896806 0.00136569 116.289 39.9949
680 151326 150710 0.170143 0.313591 116.574 40.2981
681 38516 38513 0.0824296 0.017003 116.505 39.7669
682 135783 135782 0.0165272 0.042941 116.621 40.1499
683 37036 37036 0 0 116.552 39.8088
684 94109 94852 0.00692017 0.42559 116.382 39.949
685 37976 37347 0.0797667 0.0124927 116.553 39.8064
686 72001 72022 0.0715165 0.204691 116.732 39.9151
687 66309 66312 0.00622367 0.00222093 116.534 39.9166
688 105954 105958 0.00333438 0.00211395 116.807 39.9975
689 168187 168184 0.285686 0.00645985 117.155 40.3463
690 63619 61772 0.0429248 0.103078 116.436 39.8942
691 95326 61204 0.436403 0.0254799 116.402 39.9169
692 21916 22210 0.0662436 0.00882933 116.717 39.7421
693 4773 4774 0.0208835 1.14538 116.272 39.4268
694 143447 143741 0.143226 0.265955 116.267 40.1928
695 143827 143494 0.182934 0.135832 116.295 40.2355
696 36187 38858 0.013034 0.225947 116.528 39.8209
697 87410 82017 0.0969192 0.0540323 116.268 39.9394
698 88787 88792 0.00830495 0.123551 116.392 39.9467
699 48455 51043 0.00930141 0.00481302 116.279 39.9166
700 40955 40953 0.0523295 0.0354716 116.895 39.7944
701 32636 32638 0.00806561 0.00676088 116.408 39.7796
702 53821 52044 0.0238289 0.00195995 116.353 39.8399
703 153126 153459 0.00342731 0.0680433 116.779 40.2876
704 26027 26028 0.0874113 0.0400092 116.158 39.8174
705 171273 171272 0.0278376 0.206808 117.147 40.6908
706 104590 104584 0.0672732 0.0378412 116.762 39.9343
707 107635 107980 0.176727 0.0393207 117.081 39.9996
708 36978 36979 0.0162465 0.00229973 116.53 39.803
709 139775 139777 0.0549934 0.0838788 116.767 40.1229
710 117690 117120 0.0103078 0.101506 116.337 40.0337
711 156916 157887 0.230995 0.00391621 116.807 40.3486
712 137660 137660 0 0 116.677 40.1198
713 70965 70966 0.0611346 0.0589727 116.741 39.9132
714 128881 128702 0.0749839 0.222004 116.954 40.0163
715 108273 108275 0.2147 0.141833 117.06 39.989
716 10274 10269 0.0613071 0.284255 116.39 39.6034
717 140625 140387 0.545142 0.0206364 116.944 40.152
718 35315 35319 0.150292 0.00830646 116.402 39.8098
719 159440 159307 0.0249807 0.257409 116.006 40.4231
720 12017 12021 0.406178 0.00896687 116.714 39.627
721 129410 129522 0.102653 0.476587 116.176 40.0866
722 152382 152382 0 0 116.631 40.3131
723 139657 139658 0.062047 0.0138979 116.753 40.1536
724 46748 51808 0.0103661 0.00603598 116.374 39.904
725 86074 86074 0 0 116.312 39.9712
726 103588 103848 0.0184316 0.00107274 116.718 39.9498
727 18250 18248 0.092905 0.00277471 116.375 39.7025
728 135538 135090 0.0112472 0.0958687 116.61 40.1246
729 74047 74243 0.291481 0.296592 116.063 39.9893
730 116353 115765 0.0240072 0.00509244 116.35 40.0766
731 158662 158663 0.0326703 0.0576588 116.953 40.4082
732 85051 88046 0.0133086 0.0556479 116.358 39.9501
733 158844 158843 0.028828 0.0123548 116.936 40.3787
734 147643 147773 0.00238219 0.0337116 116.709 40.1703
735 111864 111863 0.121586 0.0527532 115.905 40.4503
736 58613 58612 0.0215071 0.0882229 116.445 39.8571
737 54323 52735 0.00594233 0.0384034 116.339 39.8871
738 151768 151767 0.212154 0.0583995 116.634 40.3096
739 112396 112395 0.429577 0.440316 115.776 40.5213
740 56940 59218 0.0843819 0.041347 116.483 39.8442
741 55635 55631 0.0371318 0.0180417 116.395 39.8929
742 144357 144358 0.0578108 0.124347 116.364 40.2417
743 139138 139177 0.170162 0.10871 116.757 40.0906
744 94621 90572 0.0175215 0.105049 116.427 39.9473
745 90040 90043 0.1377 0.124656 116.392 39.9884
746 125152 125526 0.0143776 0.0136598 116.511 40.0356
747 155022 155560 0.102146 0.355655 116.659 40.3569
748 72640 72145 0.0101027 0.033632 116.683 39.8681
749 110602 110603 0.406533 0.498644 115.815 40.4541
750 148981 148985 0.15212 0.090482 116.866 40.2362
751 17599 16813 0.015406 0.00465389 116.346 39.7258
752 118363 118364 0.0481963 0.157829 116.371 40.0523
753 86503 86501 0.00332916 0.0229544 116.266 39.9783
754 80180 79230 0.00132056 0.0115004 116.316 39.9921
755 145880 144971 0.268833 0.275787 116.394 40.2118
756 36165 36166 0.00513743 0.00806933 116.545 39.7618
757 119256 119254 0.263697 0.0382402 116.31 40.0412
758 161136 161140 0.0372354 0.0792688 116.904 40.4535
759 13871 13869 0.0147211 0.00474886 116.084 39.6812
760 105888 106025 0.177124 0.00856226 116.812 39.9438
761 52670 44984 0.155961 0.0379003 116.318 39.8784
762 40441 40142 0.0669009 0.0181329 116.833 39.7617
763 96665 96664 0.0214975 0.130967 116.494 39.9815
764 111139 111138 0.176918 0.0135461 115.994 40.492
765 87064 86095 0.0250537 0.0278023 116.324 39.9736
766 112902 112903 0.0706702 0.0913904 116.175 40.0346
767 103184 103185 0.124396 0.141976 116.693 39.9421
768 109563 110070 0.0217253 0.00460839 115.976 40.3628
769 45592 45593 0.00922917 0.0224862 116.321 39.8564
770 151194 151196 0.0905479 0.0616339 116.601 40.3024
771 38119 36218 0.171594 0.0254611 116.61 39.7602
772 112688 112691 0.238188 0.330873 116.022 40.004
773 66470 66471 0.0175425 0.0950539 116.577 39.8649
774 163442 163441 0.0438987 0.00156365 117.014 40.0529
775 21069 21066 0.0601459 0.346155 116.583 39.6907
776 161666 161311 0.350853 0.00765593 116.093 40.5424
777 106342 106343 0.0984728 0.00323667 117 39.9813
778 65005 65006 0.00933289 0.0308951 116.4 39.8625
779 11067 11066 0.168647 0.0300439 116.644 39.639
780 35880 36064 0.0764391 0.185631 116.568 39.7524
781 155400 155403 0.0146692 0.0793644 116.705 40.3823
782 127612 127609 0.153848 0.10603 116.675 40.0807
783 29575 29574 0.0447081 0.171966 116.336 39.7873
784 125291 125293 0.0183198 0.254053 116.554 40.0297
785 17549 17067 0.0552983 0.018734 116.352 39.729
786 127935 127961 0.109224 0.183602 116.822 40.0679
787 15653 15652 0.100041 0.00981309 116.135 39.7472
788 32931 32932 0.201706 0.0236553 116.395 39.8256
789 78746 85607 0.0555528 0.0117117 116.303 39.9533
790 6199 6202 0.00774104 0.0863738 116.339 39.554
791 137965 137966 0.027849 0.0211809 116.671 40.1602
792 82470 83885 0.0263894 0.0129263 116.304 39.9553
793 2206 2037 0.100982 0.00312315 115.961 39.7207
794 15377 15383 0.244315 0.0570521 116.225 39.7253
795 155032 154952 0.138507 0.0276703 116.647 40.3353
796 73564 73565 0.0583043 0.284217 116.766 39.8872
797 95120 95119 0.0358672 0.0253396 116.381 39.9551
798 49539 49538 0.0416837 0.0435124 116.296 39.8562
799 68122 68651 0.0573328 0.0581499 116.502 39.853