0 81445 86956 0.0255601 0.00387808 116.298 39.9242
1 14764 13752 0.245475 0.0159467 116.095 39.723
2 2189 2253 0.0290794 0.132456 115.985 39.7223
3 123663 123982 0.0794792 0.00552529 116.474 40.0292
4 32786 34205 0.0322875 0.0355434 116.41 39.7822
5 148974 148973 0.00984107 0.0470184 116.851 40.23
6 138867 138869 0.00685462 0.00128626 116.629 40.1122
7 123577 120546 0.136377 0.210645 116.451 40.0805
8 134991 135403 0.0245957 0.100298 116.537 40.1083
9 51809 51809 0 0 116.375 39.904
10 112333 112334 0.460638 0.34791 115.696 40.5077
11 64202 64203 0.0233014 0.0255797 116.467 39.8907
12 100900 100900 0 0 116.559 39.9561
13 120626 121035 0.0649715 0.0621271 116.412 40.0099
14 25125 25129 0.193494 0.0541761 116.191 39.805
15 28175 28171 0.092306 0.00599644 116.325 39.8004
16 93778 93778 0 0 116.396 39.942
17 37699 37698 0.0247563 0.00977131 116.502 39.807
18 150149 150148 0.164468 0.0163762 116.217 40.2678
19 94787 92245 0.00121005 0.00349832 116.405 40
20 119844 117204 0.0525156 0.0342115 116.277 40.0303
21 154587 154588 0.209298 0.00403009 116.619 40.3456
22 143897 144409 0.0108737 0.138081 116.261 40.1682
23 157261 157259 0.184852 0.0504418 116.833 40.3418
24 13766 14600 0.0743077 0.0956074 116.11 39.7153
25 89635 89632 0.001683 0.012003 116.433 39.941
26 81817 79075 0.0729425 0.0285385 116.323 39.9568
27 34412 33872 0.0655385 0.0046312 116.474 39.7794
28 141249 141248 0.0472099 0.217991 116.073 40.2303
29 19383 19387 0.0948743 0.00573471 116.43 39.7201
30 159251 159581 0.113427 0.0799208 116.052 40.4706
31 62605 62605 0 0 116.448 39.8986
32 99628 101092 0.00160472 0.0156503 116.507 39.9999
33 77672 78002 0.00180692 0.00519663 116.207 39.9625
34 74258 74258 0 0 116.124 39.9624
35 38118 38335 0.00204833 0.198143 116.584 39.7508
36 102945 102953 0.0322502 0.00359355 116.633 39.9905
37 3097 3096 0.655799 0.291974 115.837 39.7837
38 23412 23413 0.164428 0.188422 116.813 39.68
39 136644 135240 0.00281242 0.00137595 116.622 40.1564
40 94019 97005 0.00709823 0.0507259 116.435 39.935
41 122675 122676 0.0117213 0.00386553 116.417 40.0225
42 170124 170123 0.0194137 0.806737 116.601 40.6905
43 139886 139683 0.0926176 0.0307683 116.755 40.0932
44 132351 132350 0.0108725 0.0523398 116.312 40.084
45 90916 98181 0.045415 0.00584347 116.489 39.9888
46 49463 49461 0.0154323 0.017827 116.293 39.8677
47 154346 154347 0.376753 0.456271 116.435 40.4092
48 1352 1353 0.0851642 0.287988 115.921 39.6115
49 22462 22731 0.0118931 0.0382889 116.803 39.7124
50 57928 57930 0.0320417 0.0961251 116.385 39.8957
51 11644 11647 0.112215 0.070577 116.71 39.604
52 71085 71072 0.047166 0.0339639 116.689 39.8716
53 133125 133122 0.0482911 0.114167 116.414 40.0943
54 25426 25425 0.0580368 0.0611352 116.161 39.8058
55 69589 69590 0.047249 0.0274163 116.745 39.8987
56 35363 35357 0.0854873 0.0237559 116.458 39.8219
57 4915 4914 0.107669 0.019449 116.439 39.4564
58 139474 139473 0.00655305 0.00508647 116.803 40.1481
59 21837 21835 0.011543 0.0793469 116.649 39.7487
60 109146 109064 0.549899 0.0723639 115.868 40.4117
61 35278 35278 0 0 116.388 39.8333
62 124625 126095 0.00852167 0.0125195 116.592 40.0425
63 65684 66518 0.0149201 0.330064 116.574 39.8567
64 60830 60830 0 0 116.422 39.8672
65 76071 75342 0.219617 0.195906 116.154 39.9315
66 141647 141637 0.037596 0.220445 116.241 40.177
67 115879 115878 0.445728 0.247472 116.282 40.0683
68 76690 76691 0.0326705 0.0780037 116.227 39.9545
69 130016 130014 0.0521365 0.0772344 116.225 40.1161
70 133140 133944 0.074741 0.135577 116.489 40.0965
71 93303 93304 0.00601567 0.0254631 116.449 39.9399
72 64050 62426 0.0179052 0.0353841 116.402 39.8931
73 46230 47366 0.007382 0.0393395 116.336 39.8975
74 100255 100254 0.0695411 0.018846 116.578 39.9186
75 53302 30227 0.0149006 0.0531756 116.365 39.8338
76 146630 146626 0.228858 0.0207145 116.546 40.2407
77 48397 48397 0 0 116.264 39.9055
78 96825 96824 0.00701432 0.0050171 116.49 39.9618
79 42724 42824 0.0172827 0.0212089 116.176 39.9145
80 168907 169072 0.998995 0.14076 117.153 40.5692
81 15532 15533 0.294363 0.160437 116.221 39.7474
82 11560 11941 0.0232244 0.00794928 116.724 39.65
83 170273 170241 0.139874 0.147794 116.877 40.7471
84 153869 153866 0.0753448 0.0213164 116.011 40.36
85 26018 26020 0.0629723 0.0661312 116.154 39.8029
86 132045 132044 0.00414641 0.0118629 116.369 40.1134
87 155277 155276 0.00386238 0.0983307 116.684 40.4004
88 40403 40404 0.179039 0.0409839 116.836 39.797
89 21546 21542 0.074044 0.0128621 116.658 39.7226
90 110643 110740 0.0801988 0.0909392 115.766 40.4605
91 62056 62055 0.0130467 0.0127883 116.434 39.8622
92 166665 166663 0.082656 0.00177301 117.108 40.1814
93 19127 19128 0.044229 0.0475324 116.425 39.7079
94 82524 82525 0.137651 0.00537325 116.257 39.9184
95 16517 15166 0.123066 0.0651246 116.142 39.7423
96 95052 95053 0.168334 0.00998594 116.379 39.9751
97 109801 109803 0.0383819 0.0364366 115.935 40.4036
98 61653 61645 0.0964278 0.138092 116.378 39.8337
99 84213 80169 0.0527817 0.0366788 116.353 39.9995
100 53190 53188 0.153175 0.0117461 116.317 39.853
101 158923 158921 0.0384968 0.109754 116.959 40.3761
102 161051 161052 0.00449668 0.0256824 116.898 40.4368
103 43258 43513 0.00140906 0.00810696 116.228 39.8933
104 90579 90578 0.00487536 0.00778792 116.409 39.9409
105 133368 133365 0.0202773 0.108807 116.468 40.1633
106 167064 167063 0.0681874 0.379425 117.214 40.1855
107 134814 134818 0.0141878 0.00101885 116.621 40.1175
108 72708 72132 0.0170393 0.0464011 116.749 39.8513
109 76537 76537 0 0 116.228 39.997
110 93067 93068 0.0681164 0.00623836 116.478 39.9756
111 6915 6988 0.0240085 0.171986 116.593 39.5751
112 96467 96468 0.00569566 0.00266801 116.434 39.9596
113 92485 92483 0.00325486 0.0631708 116.384 39.9739
114 16144 16143 0.0280154 0.00486653 116.183 39.75
115 59165 59166 0.0376352 0.00440864 116.432 39.8448
116 167603 167606 0.166671 0.380035 117.082 40.3221
117 162491 162492 0.758942 0.0564414 116.807 40.5213
118 75402 75403 0.156306 0.0953947 116.227 39.9864
119 60433 64856 0.0655844 0.0292987 116.444 39.9077
120 23762 24010 0.40451 0.0191788 116.936 39.6707
121 124507 124508 0.180074 0.0117842 116.559 40.0686
122 116377 115790 0.0197559 0.106941 116.345 40.0653
123 2081 2757 0.113545 0.107779 115.978 39.6841
124 7563 7562 0.33771 0.0729322 116.1 39.6239
125 71332 71333 0.0516571 0.0291835 116.699 39.8532
126 82442 84147 0.0604536 0.0790668 116.298 39.9399
127 20195 20196 0.0565105 0.202712 116.618 39.6868
128 78584 78597 0.130491 0.015013 116.283 39.9831
129 98292 89092 0.091232 0.0908678 116.468 39.9327
130 155072 155073 0.435966 0.146098 116.684 40.3684
131 88685 94563 0.228286 0.233331 116.467 39.9682
132 56858 64652 0.0361639 0.0164362 116.47 39.8362
133 43754 43744 0.821378 0.180026 116.166 39.843
134 65601 65602 0.259897 0.0283648 116.554 39.8891
135 52663 54006 0.042666 0.07172 116.327 39.8889
136 114853 118803 0.275988 0.0363693 116.273 40.0049
137 9580 9465 0.009653 0.198356 116.255 39.6067
138 101448 101694 0.118779 0.018856 116.501 39.9286
139 152337 151506 0.145473 0.00317271 116.633 40.3088
140 96107 96101 0.0327171 0.0197645 116.496 39.9196
141 25185 25062 0.184601 0.0643892 116.163 39.8121
142 71428 69673 0.0088632 0.192573 116.731 39.8718
143 1555 1554 0.185214 0.0434535 115.959 39.6034
144 42996 42995 0.0385499 0.0038759 116.223 39.9117
145 55842 55841 0.041443 0.0345992 116.395 39.8858
146 156920 156920 0 0 116.815 40.3503
147 72307 72303 0.00165757 0.00305143 116.724 39.8536
148 104432 104431 0.0896456 0.0158181 116.724 39.9635
149 119008 117349 0.00414093 0.0176534 116.286 40.0096
150 1181 1212 0.101 0.0809877 115.963 39.5999
151 30923 30922 0.0131601 0.0175618 116.351 39.7908
152 125319 125717 0.0754123 0.00392233 116.506 40.0065
153 54968 56575 0.0469211 0.150226 116.414 39.8578
154 97230 97230 0 0 116.43 39.9985
155 77121 77503 0.043957 0.174234 116.189 39.9307
156 21039 21040 0.104642 0.152104 116.559 39.6717
157 83265 81391 0.00942955 0.0324108 116.37 39.9947
158 130968 130967 0.021487 0.143211 116.272 40.1637
159 160255 160256 0.707121 0.0970634 116.585 40.4513
160 116183 116182 0.139441 0.00646735 116.345 40.0827
161 43742 43743 0.0787852 0.0019076 116.162 39.844
162 140729 140783 0.102987 0.567413 116.995 40.1112
163 23216 23215 0.0277098 0.0578142 116.869 39.7418
164 158739 158737 0.00283399 0.119137 116.972 40.3369
165 36038 36037 0.520489 0.307277 116.54 39.7592
166 122743 122737 0.0739567 0.0451244 116.425 40.0171
167 167311 167312 0.00850476 0.259195 117.266 40.2015
168 101904 99977 0.22974 0.05311 116.596 39.9727
169 100052 100053 0.0179294 0.264547 116.519 39.9959
170 30848 29608 0.0151529 0.0142132 116.327 39.7713
171 28895 28880 0.00512462 0.0103576 116.285 39.8333
172 160669 160618 0.326829 0.0327606 116.795 40.4482
173 170955 170956 0.118583 1.0864 116.815 40.9159
174 144071 142497 0.197956 0.0450966 116.25 40.22
175 143800 143801 0.169637 0.0114682 116.341 40.2019
176 14967 14968 0.321626 0.0883057 116.041 39.679
177 71129 70006 0.00799025 0.265597 116.679 39.8516
178 35773 37892 0.0753187 0.0123857 116.509 39.8022
179 4064 4066 0.0136897 0.182712 115.829 39.9262
180 4416 4458 0.195722 0.31248 116.306 39.4337
181 135843 146585 0.00262368 0.0181992 116.612 40.1667
182 17544 17550 0.0570382 0.0259868 116.35 39.7308
183 124826 124828 0.261816 0.122695 116.507 40.0635
184 65211 65212 0.0170215 0.134956 116.452 39.869
185 99613 99622 0.0826707 0.191866 116.572 39.9198
186 17141 17146 0.138759 0.108106 116.308 39.7449
187 75698 77718 0.00737974 0.00164195 116.23 39.9855
188 63941 63941 0 0 116.458 39.8714
189 136707 136706 0.0626525 0.00319137 116.658 40.1176
190 115043 115042 0.0344921 0.0913915 116.352 40.0187
191 82140 82147 0.0379978 0.0016276 116.307 39.9933
192 84958 88034 0.010326 0.0727109 116.331 39.9483
193 45279 45279 0 0 116.371 39.8963
194 95772 95773 0.0176353 0.0266745 116.492 39.9426
195 57278 57277 0.0194386 0.073519 116.387 39.8589
196 122804 123593 0.203838 0.0605434 116.477 40.074
197 108875 108894 0.00218826 0.818062 115.842 40.2164
198 98041 89580 0.00446164 0.00718755 116.408 39.9988
199 83908 83909 0.0133773 0.0157024 116.309 39.939