0 59777 59762 0.00351887 0.0151199 116.48 39.8599
1 103859 103858 0.0336824 0.140571 116.694 39.9389
2 108357 108358 0.194456 0.665563 115.485 40.0624
3 132228 132227 0.00982496 0.0968632 116.341 40.1362
4 51295 51295 0 0 116.253 39.8755
5 112987 114068 0.0182857 0.0902741 116.175 40.0202
6 56146 56145 0.074199 0.0404664 116.382 39.8523
7 135502 134853 0.274001 0.0239023 116.576 40.1177
8 53273 54107 0.094401 0.041038 116.359 39.8437
9 26203 26202 0.0466997 0.0343735 116.143 39.7708
10 67215 67214 0.00173199 0.0239271 116.52 39.9164
11 83259 83214 0.00950654 0.0559236 116.365 39.9962
12 79118 81449 0.0216117 0.00728095 116.31 39.9273
13 91916 98287 0.0493366 0.0610476 116.444 39.9229
14 103459 103459 0 0 116.637 39.9185
15 64551 64552 0.0029136 0.0629243 116.486 39.8482
16 122888 122887 0.0138648 0.0186421 116.49 40.0587
17 54320 52722 0.0168819 0.0225287 116.341 39.8935
18 36351 36349 0.00317349 0.0497181 116.528 39.8126
19 107200 107199 0.0930755 0.0293245 117.103 39.7646
20 132319 132534 0.11361 0.182557 116.308 40.0972
21 169729 169732 0.0244157 0.144709 117.386 40.6418
22 55266 59038 0.0211873 0.16305 116.438 39.8622
23 51929 51930 0.0364755 0.0290102 116.325 39.8459
24 32149 32228 0.018793 0.00290793 116.402 39.8072
25 89000 88999 0.00457105 0.137868 116.417 39.9371
26 113111 113115 0.0132578 0.0019062 116.138 40.068
27 37019 37018 0.117682 0.0259632 116.541 39.8314
28 107554 107553 0.461176 0.737999 117.046 39.885
29 35631 31595 0.0631467 0.00446218 116.476 39.81
30 94352 94352 0 0 116.477 39.9272
31 25313 25989 0.00130129 0.0100143 116.175 39.8017
32 85517 85519 0.00392878 0.0251733 116.288 39.9581
33 57865 57866 0.00130261 0.0128562 116.486 39.8763
34 62642 63932 0.00468911 0.001254 116.458 39.9043
35 82164 84177 0.00478478 0.00624005 116.319 39.9999
36 32174 32630 0.0703987 0.0965276 116.406 39.7813
37 104930 104929 0.0107801 0.0641713 116.833 39.949
38 142610 142611 0.0335285 0.1441 116.127 40.2408
39 2648 2647 0.00779874 0.00208559 115.989 39.7253
40 101519 99345 0.105585 0.185495 116.513 39.9728
41 61484 61372 0.138761 0.0229911 116.379 39.887
42 8536 8537 0.00634503 0.206519 116.238 39.6524
43 142330 142331 0.151724 0.0235016 116.162 40.1792
44 117923 117893 0.0131567 0.0155072 116.251 40.0754
45 96823 93166 0.00887326 0.00616616 116.491 39.9607
46 163804 163803 0.484661 0.111062 117.083 40.0129
47 169261 169207 0.0190384 1.3762 117.114 40.6515
48 55680 55681 0.00350982 0.00781075 116.422 39.8912
49 27992 27992 0 0 116.332 39.7881