0 50533 48332 0.0307085 0.0109965 116.28 39.835
1 108039 107847 0.530255 0.101725 117.029 39.9606
2 169653 169610 0.0913644 0.144148 117.328 40.6261
3 48464 48467 0.00148745 0.0183453 116.274 39.911
4 94563 88685 0.233818 0.2278 116.467 39.9682
5 93578 93579 0.0641241 0.0477218 116.445 39.9294
6 137950 137951 0.0849771 0.25838 116.658 40.1426
7 16613 16536 0.0139623 0.00158592 116.204 39.6678
8 103363 104046 0.00383842 0.0374349 116.722 39.9493
9 90915 88364 0.00785689 0.00767056 116.488 39.9891
10 58605 62913 0.0411762 0.0521938 116.467 39.8699
11 15213 15065 0.0781999 0.0932911 116.136 39.7351
12 148067 147196 0.241042 0.00416858 116.642 40.2068
13 120707 120706 0.0454687 0.0290702 116.47 40.0142
14 118184 118187 0.0415592 0.0408421 116.304 40.0439
15 107117 106870 0.0451329 0.102823 117.025 39.754
16 47001 45515 0.223822 0.0262585 116.316 39.8633
17 69346 65534 0.00442274 0.00354616 116.514 39.8608
18 56098 56074 0.262135 0.0146284 116.497 39.8592
19 103279 103275 0.0488763 0.031911 116.674 39.9271
20 21564 21906 0.0149539 0.0316738 116.693 39.7292
21 121389 121324 0.0551437 0.130875 116.416 40.0101
22 35780 37979 0.0428346 0.0600761 116.552 39.8235
23 9968 9969 0.00568636 0.0154525 116.498 39.6209
24 24462 24472 0.101727 0.0672804 116.069 39.7616
25 158598 158572 0.0373663 0.0530857 116.918 40.3789
26 80341 80206 0.00370497 0.306852 116.292 39.9482
27 32973 35619 0.0573133 0.0220332 116.478 39.8287
28 166777 166694 0.089389 0.404047 117.222 40.2
29 160505 160498 0.109923 0.00412834 116.742 40.4311
30 114384 114193 0.137568 0.0301704 116.181 40.0464
31 81187 81185 0.007854 0.0353019 116.259 39.9215
32 102000 102005 0.0176229 0.0108931 116.579 39.9571
33 4277 4615 0.0985435 0.00662566 116.326 39.4776
34 86605 80473 0.0501923 0.0431231 116.312 39.9923
35 80308 80309 0.016303 0.0335533 116.317 39.9856
36 20901 20904 0.0668795 0.00805841 116.526 39.6952
37 40080 40079 0.0456773 0.19641 116.791 39.7827
38 36387 36546 0.152288 0.0815955 116.515 39.8019
39 156998 156994 0.223577 0.0027422 116.836 40.3621
40 42586 42452 0.53482 0.0184837 116.211 39.895
41 123306 123310 0.316707 0.233253 116.413 40.0524
42 9295 9296 0.05826 0.347821 116.263 39.6661
43 111662 111671 0.1579 0.00641445 115.995 40.4603
44 125020 126378 0.0171511 0.00290866 116.588 40.0592
45 143556 143692 0.0517282 0.023488 116.283 40.2248
46 151604 151564 0.156352 0.119584 116.641 40.2826
47 156436 158237 0.142271 0.00143855 116.777 40.4062
48 107056 107055 0.158539 0.725732 117.077 39.7847
49 8976 8975 0.0400505 0.00215234 116.297 39.6654
50 113428 114146 0.00460882 0.214137 116.15 40.0623
51 53585 53585 0 0 116.321 39.8681
52 812 811 0.00570144 0.81014 115.465 39.6469
53 140218 140217 0.0534585 0.333922 116.849 40.1549
54 9926 9928 0.0353365 0.0523805 116.429 39.6128
55 11320 10569 0.160182 0.0454431 116.625 39.6563
56 59972 59971 0.0055313 0.0248605 116.484 39.862
57 58819 58818 0.0147676 0.0781104 116.39 39.88
58 102638 102639 0.00665255 0.0185465 116.604 39.9584
59 152032 152921 0.0304012 0.0289048 116.642 40.2712
60 90897 98546 0.0736192 0.055992 116.479 39.9873
61 150230 150241 0.0238557 0.166079 116.249 40.2784
62 145780 144585 0.00916146 0.00593156 116.375 40.2493
63 150986 150987 0.00406108 0.797143 116.543 40.2812
64 169907 169908 0.493208 0.333673 116.369 40.7385
65 44239 44240 0.00284996 0.0858952 116.24 39.9031
66 35477 32339 0.00716478 0.0105698 116.49 39.7831
67 161524 161525 0.0939039 0.0931556 116.105 40.5139
68 117918 117918 0 0 116.254 40.0767
69 74886 74883 0.00218509 0.00601313 116.098 39.934
70 122941 122940 0.0248488 0.0390298 116.4 40.0231
71 138324 138334 0.00756283 0.00407229 116.629 40.1175
72 53495 48690 0.00192169 0.00857933 116.293 39.8896
73 164168 164002 0.00322196 0.481053 117.017 40.1419
74 22286 23422 0.0403477 0.652939 116.75 39.6935
75 78495 86317 0.00110947 0.189719 116.343 39.9623
76 88886 94616 0.105307 0.019483 116.428 39.9426
77 49454 49453 0.0562363 0.00354584 116.289 39.8684
78 31975 31974 0.0821146 0.088018 116.394 39.8113
79 13618 14729 0.0201518 0.0122889 116.055 39.7119
80 42725 44330 0.156454 0.100799 116.178 39.9158
81 159405 159436 0.589267 0.462448 116.005 40.4437
82 17970 17970 0 0 116.304 39.7217
83 128050 127923 0.0573972 0.00827466 116.805 40.0603
84 32893 31421 0.0279252 0.0424153 116.437 39.8276
85 57384 63854 0.0122201 0.243612 116.472 39.9159
86 84999 84993 0.0343661 0.0854111 116.341 39.9479
87 93434 93433 0.0103021 0.0123471 116.478 39.929
88 111118 110902 0.251639 0.0165911 115.965 40.4668
89 164657 164657 0 0 117.028 40.1633
90 95812 95812 0 0 116.441 39.9347
91 139523 139522 0.101392 0.00777538 116.828 40.1651
92 154073 154072 0.124939 0.507022 116.194 40.3484
93 139477 139120 0.194641 0.0351594 116.784 40.1415
94 13096 13094 0.0438371 0.0319992 116.758 39.6524
95 75750 75331 0.103974 0.184499 116.19 39.9321
96 68855 61215 0.0740337 0.149967 116.502 39.908
97 32836 33328 0.169345 0.0308265 116.488 39.7896
98 94954 94954 0 0 116.375 39.9624
99 34723 34723 0 0 116.461 39.7504
100 30863 30864 0.00251872 0.00217163 116.341 39.7749
101 118761 118762 0.0473914 0.00784334 116.375 40.0193
102 112443 112442 0.183963 0.00937135 115.942 40.5173
103 145099 145100 0.383612 0.0657965 116.414 40.2141
104 104850 104845 0.0302446 0.124065 116.791 39.9221
105 127162 127377 0.0317422 0.0758561 116.738 40.0827
106 107110 107301 0.0917105 0.0277631 117.021 39.7506
107 152453 151749 0.11106 0.00721475 116.648 40.3292
108 99128 99128 0 0 116.451 39.967
109 85536 85531 0.0795495 0.0278937 116.295 39.9559
110 49728 49722 0.0315401 0.0072546 116.29 39.8508
111 32793 32177 0.133745 0.0120985 116.407 39.776
112 6236 6235 0.0161677 0.00208027 116.325 39.5343
113 1325 1651 0.149878 0.00638398 115.985 39.6481
114 80284 80283 0.0364746 0.0373606 116.357 39.921
115 140168 140169 0.00644376 0.0996015 116.858 40.0911
116 97671 97678 0.039586 0.0325813 116.447 39.9389
117 31927 31928 0.0181066 0.0126869 116.387 39.8331
118 59754 63491 0.0251466 0.137089 116.482 39.8762
119 124264 124212 0.280088 0.583032 116.526 40.0581
120 160164 160217 0.0513515 0.128579 116.451 40.4181
121 106447 106448 0.25133 0.244833 116.928 39.9579
122 79033 80209 0.105376 0.00615802 116.334 39.9183
123 103963 103125 0.00387022 0.00673313 116.658 39.937
124 162201 162200 0.176115 0.150343 116.414 40.5293
125 147154 147155 0.106548 0.0503169 116.739 40.1979
126 109342 109340 0.00877806 0.0688776 115.908 40.4003
127 90371 98743 0.195802 0.00271413 116.498 39.9405
128 7253 7217 0.0724406 0.127605 116.116 39.6182
129 113309 113635 0.0455811 0.0107996 116.209 40.0349
130 152740 152736 0.0073692 0.040174 116.739 40.3123
131 164543 164289 0.0446245 0.0088644 117.084 40.1378
132 82832 80665 0.0149569 0.0348995 116.334 39.9294
133 71899 71875 0.28919 0.0384181 116.661 39.8639
134 127317 127318 0.0664437 0.0705364 116.72 40.0471
135 42322 42320 0.110372 0.0452849 116.242 39.8382
136 123530 122021 0.224404 0.0339635 116.402 40.0454
137 37959 37958 0.0807342 0.315005 116.548 39.8019
138 68575 68575 0 0 116.518 39.8383
139 137989 137990 0.18122 0.0133494 116.683 40.1275
140 110759 110758 0.0998785 0.166871 115.89 40.433
141 160372 160371 0.111663 0.697847 116.693 40.4476
142 103894 103895 0.0133294 0.00557755 116.702 39.918
143 123621 123090 0.0592623 0.0239942 116.403 40.0028
144 11388 11386 0.179927 0.310117 116.681 39.6453
145 68670 69242 0.00396514 0.00135719 116.569 39.9065
146 61398 61399 0.0130436 0.0476241 116.38 39.9072
147 49835 49836 0.0107481 0.0246074 116.316 39.8499
148 78174 78175 0.00395979 0.132585 116.205 39.9187
149 124873 126218 0.0287068 0.00926187 116.56 40.067
150 90064 92343 0.00576637 0.00335763 116.417 39.9952
151 114285 114286 0.0925963 0.0406235 116.241 40.0475
152 27591 27592 0.0105618 0.039557 116.349 39.7904
153 41778 41797 0.0407013 0.11239 116.099 39.8906
154 168309 168310 0.642888 0.170149 117.372 40.4073
155 165518 165968 0.00671927 0.0096692 117.186 40.1213
156 57547 57546 0.026871 0.0349014 116.472 39.8383
157 11754 11753 0.114529 0.050814 116.649 39.6214
158 132454 130328 0.038847 0.039159 116.25 40.1178
159 136748 136747 0.0123861 0.0173583 116.651 40.137
160 133912 133907 0.111216 0.0815324 116.449 40.1172
161 27423 27422 0.0059214 0.0376183 116.329 39.8307
162 2010 2011 0.00946949 0.270733 115.992 39.6873
163 166939 166940 0.00774953 0.163402 117.203 40.2065
164 126744 126873 0.19718 0.281323 116.64 40.0741
165 142431 142430 0.0816266 0.00346679 116.246 40.209
166 163344 163345 0.803334 0.0615298 117.103 40.0459
167 138953 138778 0.0203641 0.0564816 116.64 40.1343
168 29608 27870 0.0458332 0.0826643 116.327 39.7708
169 60817 60818 0.00938947 0.00207508 116.41 39.874
170 139524 139342 0.148521 0.0822007 116.826 40.1641
171 151410 152005 1.01381 0.176629 116.737 40.3026
172 115686 115693 0.0581694 0.100949 116.345 40.0693
173 43523 43522 0.00401446 0.0064946 116.245 39.882
174 61152 60003 0.00658753 0.0367515 116.454 39.8356
175 5071 5072 0.066423 0.326702 116.469 39.4656
176 5834 5921 0.00799667 0.0647003 116.339 39.5509
177 30241 30241 0 0 116.375 39.7604
178 151543 151544 0.0258489 0.0352323 116.645 40.2969
179 156262 156262 0 0 116.819 40.3432
180 55629 55630 0.0313217 0.026882 116.393 39.8933
181 41164 41165 0.129775 0.0133066 116.911 39.7772
182 20044 20043 0.199413 0.178847 116.54 39.6763
183 74005 74004 0.199468 0.103746 116.97 39.8909
184 127469 126978 0.17779 0.0308045 116.665 40.0684
185 166937 166692 0.275139 0.134853 117.2 40.2066
186 16142 26552 0.0489548 0.0178831 116.145 39.7504
187 25275 25587 0.198179 0.0232501 116.195 39.785
188 15092 15675 0.0571993 0.0585887 116.135 39.731
189 120354 120353 0.0130285 0.0285924 116.36 40.0675
190 72676 72250 0.0937577 0.202884 116.706 39.8455
191 85221 85220 0.055871 0.0330956 116.318 39.9268
192 123291 123284 0.0303054 0.033661 116.413 40.0668
193 143417 143418 0.0257108 0.0964211 116.247 40.1768
194 13424 13832 0.374798 0.0948751 116.085 39.6997
195 79824 79824 0 0 116.291 39.9272
196 164496 164498 0.055953 0.164737 117.084 40.0954
197 18250 18248 0.00803709 0.0876426 116.375 39.7032
198 29358 29360 0.0462102 0.0141337 116.36 39.8074
199 104497 104508 0.0229461 0.0162111 116.684 39.9362
200 137187 137501 0.00128452 0.0851634 116.643 40.1121
201 166954 166837 0.00346484 0.0837389 117.245 40.1971
202 39039 39038 0.148563 0.00378826 116.633 39.8021
203 9333 9331 0.261548 0.0316948 116.302 39.6008
204 76351 76663 0.0814189 0.148724 116.208 39.9422
205 25070 25068 0.0500153 0.103603 116.224 39.8105
206 165545 165544 0.0265742 0.0851171 117.152 40.1628
207 89538 89539 0.0931897 0.00876275 116.467 39.9723
208 143714 143711 0.0563186 0.0417858 116.357 40.2439
209 34922 32575 0.0136915 0.0315692 116.418 39.7859
210 64810 58798 0.0029032 0.164032 116.434 39.8961
211 129471 130243 0.246595 0.0251245 116.142 40.1461
212 48315 48311 0.0123903 0.0163576 116.31 39.8668
213 20182 20181 0.037961 0.520289 116.545 39.6697
214 151410 152735 0.0530302 0.0123585 116.738 40.3122
215 46974 46977 0.00949948 0.0103739 116.374 39.871
216 107580 107579 0.00119433 0.00875844 117.044 39.9833
217 1570 1097 0.0957303 0.00175473 115.875 39.5858
218 28907 29709 0.101493 0.00272473 116.319 39.752
219 167462 167463 0.0355118 0.920018 117.28 40.2093
220 86465 86461 0.0150402 0.0869061 116.311 39.9967
221 163162 163165 0.0326253 0.794745 116.835 40.6185
222 147360 147359 0.0529377 0.00735581 116.717 40.2379
223 8005 8005 0 0 116.057 39.6003
224 92117 92115 0.00112539 0.00470563 116.473 39.9234
225 92089 92090 0.00554269 0.0186612 116.458 39.9204
226 135159 135162 0.0561095 0.114923 116.527 40.154
227 87729 81310 0.184902 0.0119433 116.321 39.9224
228 67397 67396 0.0557509 0.150733 116.564 39.9036
229 141833 142767 0.0987435 0.44726 116.197 40.21
230 112541 112543 0.12843 0.635163 115.981 40.5229
231 19891 19900 0.18773 0.278495 116.445 39.7038
232 96125 94346 0.011151 0.00751424 116.488 39.9244
233 102820 102819 0.138324 0.322591 116.654 39.9203
234 45204 48823 0.369056 0.00889491 116.343 39.9116
235 106664 106697 0.0106423 0.0623084 117.013 39.7382
236 147799 147798 0.00139983 0.0172645 116.721 40.1709
237 50747 46330 0.00953298 0.0206235 116.35 39.8893
238 155124 155125 0.304695 0.10254 116.706 40.3453
239 9681 10093 0.184652 0.232811 116.468 39.5978
240 26303 26296 0.0577976 0.0210577 116.224 39.781
241 2633 2632 0.0898465 0.477618 115.968 39.7085
242 22615 22614 0.0510724 0.0401283 116.763 39.7472
243 31404 31403 0.0230807 0.0392995 116.444 39.8299
244 59587 60646 0.0607493 0.141843 116.464 39.8829
245 133597 133596 0.0798794 0.237102 116.422 40.1651
246 63651 64525 0.0264843 0.0154212 116.473 39.8522
247 65906 65905 0.0139729 0.115627 116.509 39.8646
248 161655 161654 0.942655 0.185994 116.088 40.5281
249 1301 1299 0.0958188 0.0191685 115.931 39.6267
250 79501 80888 0.00371271 0.00561571 116.32 39.9323
251 114338 113783 0.0173352 0.0222402 116.211 40.0537
252 16903 16902 0.199131 0.037829 116.333 39.7215
253 155313 155311 0.167888 0.126005 116.679 40.3815
254 70889 72552 0.00716526 0.270214 116.705 39.9117
255 137615 137617 0.259798 0.00928403 116.665 40.1156
256 151605 151405 0.0915961 0.111342 116.638 40.3086
257 72552 70889 0.175007 0.102372 116.704 39.9111
258 93025 93026 0.0292606 0.120794 116.444 39.9633
259 46080 46079 0.0932283 0.033959 116.329 39.89
260 133390 134379 0.0495758 0.045946 116.45 40.1177
261 156555 156557 0.0174371 0.0111257 116.846 40.3883
262 29727 28911 0.0050102 0.0132752 116.321 39.7544
263 29598 30031 0.0042587 0.0986479 116.318 39.7797
264 36125 36167 0.00424607 0.00666927 116.543 39.7607
265 14400 14817 0.00583645 0.110892 116.118 39.6999
266 62584 61787 0.133996 0.00738739 116.402 39.8727
267 56492 54991 0.0541235 0.0245829 116.407 39.9085
268 109906 109907 0.0403589 0.134667 115.957 40.3729
269 154507 154506 0.0979355 0.00927717 116.519 40.3899
270 21392 21391 0.0867176 0.20284 116.529 39.748
271 165363 165171 0.32278 0.120238 117.11 40.0846
272 17587 18116 0.0212706 0.0271997 116.339 39.7226
273 117009 117021 0.0818875 0.125386 116.369 40.0103
274 23132 23132 0 0 116.859 39.6752
275 11415 10903 0.367815 0.108662 116.666 39.6627
276 6380 6383 0.0328727 0.23229 116.274 39.5267
277 37348 37342 0.00134665 0.0784853 116.553 39.8057
278 164783 164284 0.0707864 0.0745655 117.086 40.1368
279 51444 51445 0.0173301 0.0435049 116.266 39.9088
280 8757 9397 0.00163673 0.0801998 116.351 39.5888
281 135633 135262 0.025448 0.168373 116.525 40.1204
282 140009 140006 0.223486 0.135901 116.857 40.1427
283 46693 46694 0.153446 0.00523654 116.274 39.8894
284 153125 153126 0.290319 0.0505704 116.779 40.288
285 146875 146307 0.0604617 0.0475056 116.614 40.1816
286 15754 16332 0.009735 0.0069918 116.132 39.729
287 128171 128170 0.10665 0.0436077 116.781 40.0093
288 154135 154136 0.103655 0.407709 116.135 40.3341
289 34424 34422 0.0113962 0.0190749 116.46 39.7669
290 816 815 0.309608 0.592383 115.448 39.6537
291 163405 163648 0.0755726 0.0534668 117.027 40.0559
292 116776 116776 0 0 116.304 40.0814
293 10921 11727 0.0296647 0.00736989 116.657 39.6314
294 160401 160371 0.0100799 0.0266094 116.699 40.451
295 106700 106700 0 0 117.029 39.7415
296 27972 30867 0.0591086 0.111233 116.329 39.7894
297 104061 104058 0.0197576 0.0690773 116.696 39.9205
298 145349 145015 0.411198 0.0363541 116.455 40.2078
299 115468 119541 0.0271503 0.0057991 116.311 40.0776
300 38676 38673 0.181455 0.0403853 116.541 39.8165
301 89181 88412 0.086591 0.0444166 116.481 39.9278
302 78221 78220 0.0725679 0.0162758 116.356 39.9354
303 109551 109550 0.587068 0.241055 115.952 40.3706
304 128319 128318 0.0877749 0.193194 116.753 40.0033
305 130742 130741 0.00506756 0.0119377 116.263 40.1561
306 77602 77603 0.00585651 0.0515603 116.243 39.9266
307 98610 94983 0.003707 0.0149212 116.38 39.9544
308 21714 21715 0.0545462 0.188628 116.723 39.6684
309 70693 70693 0 0 116.685 39.8865
310 87972 95180 0.0172945 0.0129936 116.375 39.9984
311 155290 155291 0.0604156 0.153821 116.658 40.3911
312 6273 6400 0.0238495 0.198211 116.294 39.5212
313 148434 148432 0.128251 0.0456519 116.799 40.2066
314 30316 30316 0 0 116.303 39.7512
315 104096 104090 0.0445827 0.0827965 116.727 39.9486
316 18472 18473 0.322098 0.114728 116.299 39.6717
317 19975 18869 0.591573 0.0124919 116.453 39.7103
318 112617 74811 0.366024 0.267338 116.115 40.0004
319 101909 101908 0.0730179 0.0514641 116.589 39.9699
320 71055 71056 0.148655 0.0308141 116.717 39.8837
321 1882 1881 0.35071 0.493822 115.646 39.684
322 155494 155892 0.0344846 0.0816251 116.634 40.3534
323 60603 56502 0.00931329 0.128266 116.445 39.8831
324 148230 148231 0.0919063 0.218971 116.673 40.2481
325 52947 52951 0.0235343 0.137895 116.252 39.8726
326 132852 130871 0.0304527 0.125183 116.287 40.0986
327 34858 34861 0.00102747 0.167566 116.498 39.8082
328 42242 42917 0.13921 0.0206872 116.168 39.8367
329 46110 46171 0.133162 0.0245438 116.349 39.8967
330 94565 97604 0.010962 0.0108312 116.461 39.9647
331 68503 68507 0.0115134 0.0558165 116.502 39.8621
332 16120 15469 0.0594418 0.134813 116.214 39.6861
333 42791 42789 0.0777339 0.0329982 116.138 39.8946
334 80661 84055 0.00868482 0.00191936 116.334 39.9316
335 117365 117366 0.0499701 0.00662118 116.286 40.0042
336 64917 64918 0.0123539 0.00982545 116.492 39.8973
337 142355 142357 0.23127 0.0393148 116.19 40.1712
338 76894 76877 0.058935 0.0036983 116.213 39.9796
339 147694 148213 0.0484606 0.0458207 116.693 40.1693
340 16181 15345 0.00592109 0.0974941 116.191 39.7344
341 39652 39651 0.195712 0.0772476 116.713 39.7859
342 169577 169575 0.119828 0.494527 117.297 40.6447
343 108365 108364 0.885243 0.0177462 115.436 40.0679
344 128125 127967 0.300832 0.425596 116.867 40.0709
345 76663 76351 0.143785 0.0863585 116.208 39.9422
346 3468 3467 0.585686 0.221357 115.563 39.865
347 38795 38789 0.213413 0.223086 116.539 39.7631
348 143855 143859 0.153154 0.0144335 116.308 40.2081
349 141189 141437 0.155557 0.124776 116.106 40.2086
350 167493 167494 0.323936 0.810636 117.371 40.2023
351 20529 20827 0.0209477 0.10809 116.516 39.7318
352 24530 24524 0.00105764 0.0998232 116.064 39.7843
353 32132 33248 0.0923406 0.0383103 116.401 39.7857
354 86664 79949 0.0273214 0.0309419 116.303 39.9728
355 34253 34255 0.154117 0.121609 116.404 39.7695
356 42083 42080 0.118105 0.023076 116.199 39.8488
357 40601 40604 0.00225464 0.00426165 116.791 39.7782
358 147583 148326 0.00950009 0.00909108 116.667 40.1868
359 145990 145993 0.600101 0.0593506 116.576 40.2391
360 92156 92156 0 0 116.462 39.919
361 133393 133394 0.0568545 0.0200799 116.456 40.114
362 27508 27337 0.0950376 0.0152573 116.34 39.7795
363 157608 157609 0.0129382 0.0778668 116.85 40.3896
364 130168 130168 0 0 116.182 40.0898
365 170351 170359 0.719845 0.0870074 116.332 40.7978
366 164622 164624 0.0221605 0.135696 117.003 40.1286
367 12970 12970 0 0 116.754 39.5873
368 21644 22187 0.18398 0.00319849 116.674 39.7051
369 50519 53782 0.0336172 0.0796979 116.374 39.8658
370 106397 106312 0.0197851 0.521353 116.992 39.9766
371 59966 59966 0 0 116.484 39.8627
372 119488 119492 0.00549101 0.0155474 116.268 40.0514
373 39869 39870 0.749784 0.159737 116.79 39.8082
374 72533 69901 0.125858 0.0528727 116.669 39.9
375 17753 17750 0.0992601 0.00625965 116.353 39.7217
376 12291 12291 0 0 116.87 39.6285
377 108317 107761 0.007224 0.120787 117.078 39.9863
378 41584 41583 0.0281812 0.00917422 116.03 39.8766
379 43282 43282 0 0 116.244 39.8787
380 145273 145280 0.00625348 0.0391634 116.402 40.1781
381 28783 28784 0.00233097 0.0069189 116.283 39.8238
382 53916 52621 0.00135719 0.00396514 116.292 39.8895
383 141436 141435 0.0132632 0.477968 116.081 40.2075
384 110421 110418 0.156473 0.0171795 115.826 40.4595
385 73581 73027 0.151792 0.0151959 116.792 39.8353
386 146286 146669 0.111952 0.116824 116.55 40.1748
387 26704 26704 0 0 116.155 39.8083
388 100047 100047 0 0 116.518 39.9778
389 22317 22733 0.0274562 0.202098 116.805 39.7146
390 159222 159220 0.352547 0.0566891 116.009 40.4187
391 118100 118099 0.132813 0.0195518 116.253 40.0503
392 113825 113822 0.417015 0.0612515 116.2 40.0312
393 151852 151861 0.0414419 0.0506512 116.665 40.3203
394 60602 60602 0 0 116.444 39.8859
395 63758 59106 0.0706148 0.00410985 116.427 39.8439
396 95877 95878 0.0779772 0.0345159 116.459 39.9358
397 156356 157755 0.0271461 0.0771151 116.854 40.376
398 51624 51621 0.0135266 0.00745393 116.293 39.8874
399 30627 28887 0.00454283 0.00629925 116.282 39.8281