117.164888	40.691643
116.880874	40.630736
117.111839	40.602686
116.644122	40.736719
116.347913	40.694567
116.166878	40.524143
116.158535	40.528378
117.330995	40.639929
117.180824	40.509567
116.08929	40.551454
116.84485	40.474172
116.027779	40.47963
116.027772	40.47963
116.027776	40.479626
116.027751	40.479616
116.027754	40.479611
116.027747	40.479611
116.027765	40.479618
116.02776	40.479621
116.027779	40.479632
116.027776	40.479634
116.027769	40.479628
116.027752	40.479613
116.027763	40.479628
116.027767	40.479629
116.027787	40.479639
116.65203	40.628261
116.977849	40.566341
116.746864	40.792734
116.621291	40.902493
116.621499	40.902386
116.875841	40.620505
116.01621	40.416561
115.97285	40.464796
116.027752	40.479616
116.027753	40.479614
116.568911	40.694718
115.987467	40.469762
115.976313	40.44945
117.127209	40.537566
115.985158	40.462664
115.974923	40.465221
116.027772	40.479631
116.027766	40.479631
116.027773	40.479629
116.027769	40.47963
116.02777	40.479629
116.477078	40.412526
115.968283	40.459121
115.859327	40.47879
115.977778	40.471351
116.027767	40.479628
117.109085	40.393396
116.644519	40.32929
116.414863	40.225876
116.136863	40.244698
116.679015	40.305681
115.983306	40.449321
116.138031	40.242221
116.643419	40.325525
116.854832	40.363386
116.63528	40.308925
116.811098	40.362686
116.678879	40.304884
116.678947	40.305298
117.067222	40.27729
116.828831	40.372942
116.479939	40.176275
116.040231	40.158777
116.196501	40.186196
116.38794	40.162994
117.320145	40.271367
116.811079	40.359418
116.84198	40.369024
116.62254	40.271755
116.628504	40.272456
116.846814	40.37593
116.641044	40.292416
116.642246	40.202064
116.648306	40.3284
116.685339	40.347426
116.644397	40.334042
116.813209	40.363856
116.65422	40.211624
116.636278	40.341476
116.645961	40.326701
116.865998	40.377811
116.851675	40.368692
116.621098	40.291043
116.82658	40.372859
116.789671	40.351188
116.573231	40.290858
116.869564	40.375163
116.677707	40.306501
116.861997	40.391165
116.682374	40.290771
116.687824	40.378781
116.201372	40.201072
116.169451	40.17946
116.660803	40.361047
116.63703	40.335522
116.697512	40.347979
116.640558	40.331628
116.215298	40.200282
116.544341	40.217227
116.645261	40.337258
116.526207	40.210171
116.862776	40.380512
117.00413	40.130203
117.124723	40.538218
116.21211	40.200481
116.637579	40.341912
116.706968	40.246552
116.635911	40.211285
117.124419	40.157563
116.626882	40.293026
116.946617	40.151503
116.682185	40.347249
116.598864	40.120914
116.595885	40.120404
116.617033	40.129321
116.243974	40.224886
116.637192	40.321787
116.635171	40.341429
115.966971	40.363814
116.198318	40.148769
117.267976	40.181296
116.834345	40.375577
116.735448	40.269444
116.625491	40.13334
116.50136	40.168386
116.650651	40.380585
116.194148	40.225876
116.644484	40.330943
116.211902	40.223716
116.625481	40.133499
116.386582	40.177943
116.636578	40.334987
116.630949	40.317265
116.728756	40.199484
116.729598	40.182859
116.82825	40.37812
116.826184	40.377259
116.641826	40.180471
116.82618	40.376606
117.168134	40.17485
116.210884	40.108409
116.212939	40.112374
116.236889	40.200535
116.791163	40.245658
116.827273	40.363222
117.147352	40.169972
116.237237	40.200144
116.251172	40.212722
116.247776	40.185234
116.245525	40.185471
116.245403	40.185483
116.678391	40.117182
116.227843	40.220551
116.227576	40.220551
116.429317	40.132465
117.146343	40.163992
116.226736	40.199203
116.660544	40.193556
116.635765	40.308916
116.517446	40.107744
116.423598	40.118047
116.414224	40.231454
116.811613	40.362593
117.224194	40.171415
116.635467	40.308923
116.730349	40.19616
117.051545	40.251494
116.842174	40.366095
116.857793	40.391074
116.644294	40.334675
116.644283	40.334774
116.168656	40.179606
116.856911	40.39802
116.854669	40.387925
116.663691	40.350582
116.645713	40.318169
116.786567	40.347058
116.79869	40.34292
116.646173	40.343182
116.23178	40.224017
116.008501	40.357217
117.268849	40.181586
116.610133	40.126655
116.639471	40.313692
116.82666	40.373476
115.975163	40.446129
116.801169	40.35703
116.708713	40.318059
115.993712	40.464947
115.970917	40.458407
115.977965	40.471392
116.858689	40.381879
115.901336	40.381081
117.144683	40.343781
116.662602	40.32156
116.994689	40.36195
116.697312	40.326254
116.241197	40.207476
116.659392	40.175644
117.186686	40.156066
116.684367	40.407521
116.861375	40.397179
116.652485	40.352649
116.669991	40.347585
116.655892	40.339931
116.890179	40.38497
115.900247	40.378859
116.649397	40.325559
117.146351	40.166415
115.971359	40.457402
116.253703	40.29767
115.995493	40.468888
115.926173	40.363921
115.904788	40.371504
116.683655	40.377237
116.762731	40.299357
117.068947	40.278618
116.824742	40.378804
116.249147	40.113612
116.228003	40.212197
117.096012	40.139067
117.057381	40.196758
116.293078	40.085774
117.113754	40.153953
117.100774	40.149898
115.890681	40.034476
116.789883	40.35128
116.570973	40.118668
116.578703	40.133815
116.624919	40.129904
116.28975	40.14534
117.113363	40.158499
116.591997	40.127648
116.858007	40.152013
116.118273	40.064174
115.989414	40.441664
116.259727	40.221882
116.851427	40.379089
116.681039	40.132958
116.741309	40.134895
116.258008	40.217613
117.123226	40.16027
116.228197	40.212222
116.281947	40.20856
116.699081	40.132404
116.6956	40.143791
116.699196	40.132429
117.02399	40.143044
116.227843	40.220551
116.608081	40.134676
116.619851	40.12903
116.619657	40.129245
116.162032	40.181107
116.414756	40.215653
116.214434	40.093473
116.91983	40.16681
116.594806	40.120389
116.617409	40.160674
117.172552	40.125303
116.6063	40.118061
116.588267	40.120629
117.132633	40.150167
116.184532	40.167397
116.291161	40.149561
117.158995	40.188109
116.620641	40.129049
116.628045	40.319479
117.119165	40.151394
117.088	40.136363
116.242187	40.213128
117.120372	40.113882
116.742492	40.134978
116.685516	40.293644
117.022857	40.138511
116.368566	40.115269
116.337425	40.114913
116.722673	40.135134
116.226022	40.272103
116.293238	40.093555
116.268035	40.12207
116.268075	40.122082
116.249677	40.145027
116.134657	40.235473
117.122007	40.154025
116.642509	40.13769
116.650876	40.137412
116.227965	40.212214
116.662567	40.099019
116.644163	40.096857
116.339557	40.082864
116.644273	40.09942
116.227543	40.212196
117.132437	40.150165
117.132277	40.150154
116.616752	40.146062
116.227738	40.2122
116.829093	40.065532
117.107309	40.13393
116.288898	40.052572
116.576549	40.1179
116.650888	40.128579
116.545537	40.104555
117.112015	40.137351
116.660233	40.082101
116.592453	40.124261
116.327808	40.077906
116.568769	40.098105
116.570666	40.108556
116.568761	40.096929
116.676827	40.117281
116.666109	40.08152
116.666215	40.090959
117.060543	40.08128
116.662293	40.081898
116.815404	40.059742
116.562436	40.146335
116.562252	40.119724
116.624913	40.130105
116.232699	40.23106
116.752663	40.137055
116.718572	40.13401
116.568485	40.091824
116.568502	40.092192
117.124886	40.139934
116.142928	40.140801
116.593418	40.120439
116.591342	40.120434
116.56831	40.087609
116.607016	40.045192
116.598215	40.051557
116.568262	40.086517
116.568282	40.087298
116.413991	40.089654
116.88427	40.152804
117.114771	40.107922
116.57026	40.076766
116.585873	40.077846
116.36459	40.062236
116.3338	40.047123
116.6822	40.290831
117.015534	40.185168
116.288245	40.041893
116.587282	40.126683
116.402853	40.176311
116.467029	40.057574
117.102069	40.136603
116.322768	40.085525
116.343758	40.075836
116.346238	40.063338
116.569556	40.065852
116.569889	40.064481
116.572735	40.06484
116.385451	40.116684
116.393777	40.115765
116.571481	40.065334
116.569905	40.064274
116.571792	40.065282
116.573553	40.064635
116.668868	40.112589
116.137643	40.242741
116.139138	40.147421
116.328613	40.053698
116.328508	40.05365
116.587555	40.059852
116.580638	40.059504
116.580641	40.059607
117.123818	40.149894
116.346592	40.063663
116.263847	40.124124
116.607102	40.109625
116.592024	40.09414
116.366491	40.063806
116.698161	40.078421
116.40957	40.072443
117.102542	40.136616
116.295965	40.054009
116.662196	40.097433
116.674493	40.09226
117.008672	40.053682
116.580563	40.064216
116.582025	40.064106
116.58125	40.064179
116.582713	40.064036
116.577782	40.064066
116.581621	40.063692
116.775975	40.088072
116.563019	40.070582
116.561403	40.064883
116.566441	40.075369
116.56756	40.072042
116.57346	40.065009
116.573421	40.064638
116.577551	40.064105
116.344959	40.067989
116.680734	40.091675
116.690213	40.085079
116.484867	40.045155
117.119672	40.133516
116.587514	40.061242
116.920519	40.083293
116.924946	40.086319
116.334463	40.071501
116.336593	40.075522
116.343755	40.059169
116.342409	40.047244
117.124572	40.140051
116.363168	40.069583
116.356922	40.061909
116.351396	40.067583
116.16612	40.051549
116.269331	40.084904
116.414039	40.088979
116.400018	40.072492
116.542585	40.052459
116.528069	40.04216
116.540477	40.04299
116.3723	40.053226
116.404791	40.057817
116.662195	40.06129
116.413968	40.087916
116.574777	40.065312
116.574781	40.065372
116.574785	40.065342
116.578393	40.063993
116.578105	40.064045
116.582006	40.060849
116.574536	40.060201
116.572995	40.060741
116.574479	40.059802
116.328633	40.04703
116.568269	40.086779
116.56831	40.087527
116.589763	40.071147
116.587631	40.06424
116.621828	40.105073
116.589813	40.093896
116.411207	40.054641
116.661495	40.101359
116.682786	40.061571
116.339685	40.086092
116.42007	40.097996
116.344022	40.059614
116.347365	40.047985
116.318966	40.08896
116.353816	40.061389
116.42162	40.075486
116.315825	40.074468
116.658495	40.081551
116.37004	39.983265
117.005156	40.074215
116.350245	40.080802
116.321991	40.02141
116.322025	40.021521
116.322028	40.021519
116.344938	40.083348
116.428707	40.06483
116.288072	40.041868
116.596061	40.126212
116.586673	40.118604
116.58988	40.124233
116.705414	40.287765
116.270103	40.085617
116.589018	40.127617
116.592148	40.12622
116.59069	40.126535
116.620519	40.11946
116.350486	40.08354
116.586522	40.071631
116.657764	40.114992
116.637075	40.129737
116.674771	40.117606
116.67016	40.120525
116.572924	40.060747
116.710104	40.102093
116.7026	40.132807
116.256802	40.125647
116.581006	40.059584
116.576319	40.057309
116.290219	40.061434
116.26788	40.127353
116.677333	40.117211
116.577845	40.127918
116.645659	40.14392
116.758138	40.090839
116.561822	40.071732
116.563733	40.071564
116.563235	40.072568
116.572703	40.061685
116.574119	40.064916
116.575791	40.064574
116.575046	40.063827
116.689992	40.084124
116.424609	40.065064
116.555571	40.08188
116.371734	40.084806
116.353825	40.068506
116.592712	40.149959
116.652251	40.116938
116.650877	40.128282
117.143954	40.158526
116.652795	40.122082
116.664082	40.108412
116.22721	40.22078
116.69704	39.986838
116.373175	40.108339
116.656785	40.099085
116.656777	40.099076
116.26318	40.121272
116.269263	40.124685
116.367425	40.079127
115.939113	39.960993
116.473471	40.012013
116.408072	39.992439
116.575346	40.064326
116.576377	40.064596
116.572796	40.06156
116.320973	40.088013
116.675965	40.10358
116.412392	39.989097
116.20783	40.037258
116.482239	40.021405
116.697334	40.095626
116.692882	40.095795
116.122429	40.028058
116.183798	40.04337
116.502041	40.022332
116.297432	40.039559
116.273948	40.020626
117.05146	40.251388
116.291048	40.078841
116.289398	40.081331
116.573049	40.060739
116.574247	40.060701
116.429445	40.067297
116.587265	40.068767
116.587592	40.066613
116.270695	40.035479
116.582264	40.060834
116.583683	40.06133
117.100195	40.134824
116.267791	40.128324
116.296472	40.038462
116.297332	40.041656
116.29807	40.040579
116.298071	40.040583
116.316296	40.041039
116.681872	39.986592
117.106656	40.133976
116.503155	39.989153
116.885313	40.092672
116.507912	39.988281
116.403869	40.06849
116.409628	40.067731
116.197948	39.993514
116.203401	39.994374
116.414285	40.006882
116.660194	39.985986
116.626245	40.030696
116.472096	40.013933
116.384433	39.997639
116.433226	40.033308
116.513927	39.991211
116.273387	40.02054
115.698977	39.973488
116.390722	39.97137
116.423945	40.032409
116.268635	40.079332
116.236007	40.213114
116.380554	39.99393
116.286034	40.006703
116.267668	40.048949
116.26752	40.048934
116.412401	39.989103
116.573147	40.061674
116.432531	40.027793
116.596555	39.989785
116.072953	39.935389
116.576581	40.064615
116.576812	40.064176
116.584847	40.061936
116.230792	40.021481
116.387593	39.980103
116.323285	40.113674
116.71501	40.133876
116.533553	39.977575
116.07261	39.935219
116.208276	40.036227
116.575377	40.066085
116.575499	40.064722
116.572799	40.06156
116.576085	40.064659
116.575793	40.064662
116.575262	40.061453
116.576735	40.063614
116.634663	39.987805
115.984693	39.971272
116.383321	39.980348
116.589306	39.978857
116.632857	39.987572
116.207603	39.974397
116.094946	39.959176
115.942098	39.967763
116.395051	39.972311
116.573966	40.059664
116.573968	40.059662
116.378087	40.032753
116.586823	40.064238
116.40538	40.004038
116.270657	40.035548
116.575309	40.065553
116.372671	39.974954
116.331401	40.03977
116.404819	40.002145
116.579753	40.061692
116.577177	40.064137
116.577735	40.064076
116.581373	40.061532
116.578914	40.063958
116.42887	39.998985
116.400914	39.972516
116.416962	39.980605
116.200258	39.940395
116.300289	39.996332
116.438729	40.068357
116.207122	39.943306
116.291583	39.982801
116.666398	40.050929
116.291498	39.983148
116.401259	39.971535
116.296114	40.024546
116.286462	40.01211
116.353008	40.004642
116.412077	39.99974
116.301372	39.981031
116.301418	39.98088
116.286529	40.012035
116.286529	40.012035
116.348855	40.004167
116.366895	39.980259
116.259826	39.971972
116.324806	39.977755
116.341333	40.031001
116.472815	40.002287
116.408157	39.979556
116.408104	39.979471
116.408126	39.979487
116.108759	39.94494
116.411964	39.999737
116.322802	39.988871
116.331937	39.97708
116.310728	40.016895
116.30364	40.018215
116.575708	40.064708
116.327982	39.981073
116.468809	40.002394
116.466734	40.002051
116.372986	39.996825
116.468812	40.002396
116.427447	39.999047
116.053372	39.931956
116.330534	40.042709
116.322707	39.989125
116.336332	39.983968
116.328583	39.986381
116.328686	39.987564
116.282366	39.998633
116.427013	39.998539
116.427683	39.999047
116.430709	39.994573
116.594759	40.046191
116.223384	39.996568
116.303553	39.966387
116.105784	39.960599
116.104182	39.937695
116.402872	40.002181
116.482709	39.982121
116.482709	39.982121
116.482709	39.982121
116.403992	40.00218
116.102255	39.95377
116.327485	40.035499
116.432262	39.977905
116.331421	40.039537
116.582326	40.060844
116.482432	39.982336
116.403967	40.002155
116.402562	40.001537
116.324409	39.99944
116.472876	39.995536
116.324524	39.984113
116.250504	39.951407
116.315102	40.005307
116.324358	39.984191
116.410194	39.968212
116.370395	39.957726
116.434679	39.98698
116.472297	39.995621
116.343994	39.994857
116.38248	39.973749
116.314731	40.002276
116.407574	39.953928
116.379012	39.94663
116.336798	39.991304
116.291924	39.993703
116.470078	40.006325
116.311592	39.960319
116.382374	39.951577
116.359742	40.038253
116.222832	39.91158
116.21869	39.909492
116.367959	39.995283
116.413842	39.99866
116.487778	39.984151
116.368053	39.953379
116.489196	39.981013
116.218282	39.911434
116.236896	39.934189
116.464151	40.000843
116.459281	39.99668
116.206841	39.981013
116.20828	39.980602
116.209453	39.928185
116.418359	40.0272
116.301418	39.98088
116.355993	40.033589
116.298178	40.024818
116.381934	39.954792
116.191259	39.924496
116.336143	39.978545
116.338044	39.97992
116.418238	39.978121
116.224453	39.953737
116.219262	39.951256
116.207251	39.922678
116.372262	39.953815
116.333048	39.994995
116.301372	39.981196
116.371369	39.967482
116.348413	40.010924
116.223388	39.996475
116.27238	39.960674
116.328847	39.985431
116.270679	39.953617
116.40347	39.952106
116.331789	40.027552
116.267961	39.957138
116.491272	39.987133
116.328402	40.010154
116.338991	39.985306
116.457937	39.985699
116.411102	40.000698
116.403657	39.962462
116.315165	40.005384
116.431557	39.977541
116.334127	39.987201
116.317293	39.973416
116.378899	39.961191
116.408271	39.96522
116.10521	39.934972
116.253796	39.983077
116.32763	39.982352
116.310913	40.030514
116.314734	40.00425
116.332088	39.993653
116.266669	39.977094
116.310856	40.030835
116.510174	40.04045
116.293513	40.024366
116.090817	39.935353
116.372135	39.981774
116.286418	40.011185
116.245499	39.977046
116.492567	39.987533
116.492568	39.987532
116.245795	39.975113
116.383872	39.961191
116.339147	39.990706
116.473682	40.004404
116.473682	40.004404
115.646273	39.937533
116.37026	39.97918
116.277932	40.013711
116.225462	39.92512
116.376165	39.981463
116.372856	39.979594
116.433379	39.977779
116.433219	39.977507
116.373804	39.99777
116.30296	40.02023
116.375492	39.96847
116.515047	39.975729
116.279738	39.961769
116.436202	40.032705
116.302669	39.968614
116.302894	39.968608
116.339303	39.999893
116.55601	39.976705
116.584648	40.061481
116.576075	40.060904
116.584776	40.061149
116.584651	40.061481
116.096176	39.953488
116.574576	40.060361
116.410019	39.993215
116.30331	40.04288
116.280455	40.022916
116.41821	39.985962
116.275929	39.966627
116.455572	39.992788
116.584708	40.061578
116.584549	40.062362
117.123531	40.144476
116.254434	40.006273
116.458318	39.987477
116.25883	40.042141
116.125188	39.95274
116.124923	39.952781
116.308812	40.03752
116.126253	39.957251
116.395764	39.955277
116.369532	39.971414
116.327978	39.98107
116.388413	39.972223
116.372519	40.001951
116.369391	39.997922
116.116023	39.931915
116.469057	40.002112
116.469051	40.002111
116.320467	39.962607
116.371366	39.96748
116.351472	39.993679
116.265831	39.958549
116.56365	39.975565
116.677003	40.022815
116.284684	39.957919
116.485347	39.989521
116.479275	39.977896
116.493976	39.980812
116.303359	40.019034
116.303693	40.018108
116.469286	40.013783
116.273303	40.006204
116.342295	39.977549
116.233738	39.944375
116.186397	39.920678
116.500877	39.977957
116.34379	40.068015
116.566485	40.001281
116.40489	39.994493
116.342295	39.977549
116.312059	39.979582
116.476538	39.980309
116.403129	39.950254
116.27561	39.942552
116.111976	39.908612
116.100342	39.944135
116.304914	39.981191
116.227009	39.95378
116.248133	39.963381
116.257069	39.97168
116.364717	40.034908
116.09991	39.943986
116.31117	39.966905
116.235826	39.933862
116.404408	39.994557
116.199972	39.945995
116.333807	39.980009
116.25701	39.970354
116.307151	39.980372
116.405761	39.957369
116.407671	39.956837
116.254438	39.968399
116.421259	40.037786
116.194194	39.910158
116.40768	39.956876
116.40768	39.956876
116.409101	39.980655
116.309467	39.988907
116.337565	39.936714
116.56914	39.923691
116.189454	39.922355
116.371114	39.968637
116.729556	39.915201
116.366855	40.006581
116.331516	39.939118
116.371964	39.968707
116.436895	39.940326
116.729363	39.94102
116.273556	39.915563
116.35137	39.968112
116.422743	39.98094
116.356337	39.934814
116.341562	39.924119
116.351472	39.993679
116.578926	39.919698
116.321914	39.988924
116.355337	39.925537
116.313377	40.043655
116.578947	39.91967
116.578948	39.919671
116.348942	39.985884
116.252818	39.949205
116.322735	39.98328
116.300688	39.945952
116.323167	39.96613
116.228096	39.926194
116.275033	39.940921
116.360563	39.975067
116.29271	39.940533
116.320024	39.99287
116.323182	39.992106
116.323153	39.96612
116.424342	39.975224
116.348648	39.932971
116.426781	39.996645
116.221459	39.952597
116.226371	39.954092
116.228074	39.950619
116.289519	39.959285
116.32222	39.954198
116.356598	39.99312
116.186391	39.920897
116.475112	39.985727
116.475328	39.985685
116.35364	39.928959
116.35364	39.928959
116.404604	39.924462
116.238361	39.915704
116.418813	40.037509
116.413551	40.042989
116.256711	39.92967
116.261078	39.929035
116.257119	39.929612
116.349811	39.933012
116.405769	39.957377
116.337614	39.936714
116.33718	39.936727
116.337241	39.936719
116.337523	39.936714
116.337761	39.936722
116.583849	39.91412
116.467938	39.986423
116.385081	39.965254
116.374932	39.922313
116.280736	39.932026
116.354851	39.923096
116.424316	39.968117
116.341021	39.937487
116.346586	39.968084
116.361634	39.961627
116.549565	39.927034
116.280363	39.932005
116.18642	39.913189
116.359234	39.976898
116.358994	39.985584
116.273649	39.916205
116.33743	39.924012
116.33736	39.949629
116.322271	39.989086
116.322271	39.989086
116.310649	39.940281
116.327901	39.959714
116.228096	39.92619
116.395683	39.936152
116.353983	39.922262
116.376957	39.925821
116.291641	39.936163
116.551374	39.910038
116.568292	39.915992
116.264926	39.918787
116.360613	39.966711
116.563539	39.913522
116.230602	39.931159
116.344661	39.912357
116.317794	39.98355
116.317791	39.983548
116.186401	39.920597
116.229325	39.929817
116.317791	39.983548
116.603449	39.908518
116.355119	39.925206
116.317247	39.94688
116.373744	39.923067
116.332778	39.92697
116.305246	39.957001
116.305115	39.956986
116.319908	39.951573
116.317244	39.946874
116.317244	39.946876
116.344167	39.961174
116.344995	39.934552
116.337123	39.936723
116.424418	39.964947
116.305268	39.957017
116.359368	39.989068
116.640292	39.9265
116.186395	39.916266
116.27432	39.921112
116.186409	39.913401
116.306587	39.956934
116.286411	39.931782
116.326592	39.938113
116.337349	39.93344
116.315426	39.98274
116.346437	39.963765
116.259738	39.91214
116.3554	39.961889
116.310237	39.977565
116.30963	39.977953
116.321088	39.987525
116.322075	39.983078
116.32302	39.985054
116.32576	39.971147
116.366426	39.927447
116.341709	39.914208
116.322925	39.984998
116.3211	39.987524
116.320564	39.987743
116.341708	39.914208
116.316777	39.98685
116.467721	39.986559
116.31156	39.984478
116.599689	39.911311
116.386052	39.966051
116.386351	39.965561
116.279778	39.950093
116.279674	39.950062
116.279568	39.950093
116.291552	39.948772
116.3062	39.973121
116.320259	39.975586
116.185181	39.929356
116.306724	39.983293
116.306599	39.983133
116.352026	39.985715
116.308433	39.957271
116.408625	39.944554
116.568817	39.915961
116.336866	39.988271
116.191378	39.924505
116.228849	39.932287
116.475332	39.985688
116.302855	39.953532
116.329412	40.027984
116.348223	39.928443
116.469871	39.966014
116.496039	39.974112
116.325366	39.930071
116.489389	39.97062
116.33469	39.968924
116.327933	39.936897
116.603352	39.908523
116.605173	39.908444
116.775809	39.941903
116.285191	39.926834
116.327728	39.956662
116.603901	39.908531
116.49644	39.97275
116.340032	39.913815
116.279192	39.950094
116.318785	39.957276
116.329804	39.937101
116.325466	39.973685
116.396289	39.937224
116.333968	39.957213
116.315869	39.982081
116.348369	39.918302
116.478834	39.964446
116.371256	39.940532
116.176401	39.911123
116.176422	39.910777
116.36025	39.97708
116.436112	39.936517
116.357553	39.959976
116.727474	39.93009
116.488679	39.97141
116.168713	39.928677
116.197471	39.91771
116.339234	39.936059
116.344927	39.934803
116.38532	39.932895
116.385421	39.932864
116.339782	39.936462
116.339786	39.936401
116.475621	39.985848
116.34481	39.934794
116.339787	39.936374
116.339787	39.936268
116.339785	39.936413
116.339229	39.936052
116.542865	39.965441
116.174674	39.914387
116.339787	39.936345
116.339785	39.936305
116.339785	39.936431
116.36193	39.9523
116.18493	39.9146
116.356337	39.934814
116.344803	39.973982
116.279828	39.917377
116.32392	39.939438
116.335355	39.922645
116.335428	39.922651
116.490524	39.974364
116.490524	39.974364
116.490524	39.974364
116.490524	39.974364
116.592173	39.91447
116.325467	39.973685
116.33555	39.968487
116.344054	39.909622
116.430927	39.932748
116.430927	39.932748
116.492805	39.971743
116.344079	39.909738
116.344054	39.909622
116.435994	39.928163
116.441123	39.967878
116.347863	39.939877
116.414404	39.919011
116.514127	39.94495
116.340776	39.964658
116.341145	39.927984
116.347848	39.939866
116.363277	39.950344
116.363425	39.950136
116.339363	39.961938
116.437889	39.927316
116.339169	39.970275
116.377362	39.93899
116.293778	39.927052
116.44083	39.967595
116.341076	39.94923
116.42018	39.960553
116.445249	39.964443
116.448072	39.966127
116.448088	39.96614
116.451272	39.961019
116.451272	39.961019
116.564216	39.964503
116.344292	39.972368
116.435794	39.931926
116.451279	39.961024
116.451279	39.961024
116.451279	39.961024
116.451279	39.961025
116.451279	39.961024
116.439377	39.932574
116.311718	39.928612
116.307339	39.928252
116.476394	39.953009
116.412059	39.96824
116.51955	39.966506
116.295345	39.909506
116.355804	39.945755
116.428375	39.924696
116.590024	39.919932
116.354751	39.950836
116.354751	39.950836
116.354751	39.950836
116.418367	39.971985
116.420393	39.936639
116.516721	39.966302
116.460685	39.951001
116.46061	39.951515
116.469835	39.951413
116.417649	39.95957
116.434982	39.948675
116.411315	39.933144
116.528044	39.953582
116.536713	39.948325
116.364473	39.915138
116.437889	39.927316
116.453412	39.927291
116.452735	39.927183
116.298074	39.933733
116.420165	39.960542
116.3351	39.953258
116.405573	39.92712
116.349525	39.90991
116.349536	39.90966
116.33468	39.969111
116.35921	39.913406
116.358748	39.910674
116.363854	39.939256
116.325755	39.968624
116.492082	39.961873
116.431062	39.910711
116.467202	39.958192
116.349176	39.915669
116.353327	39.9575
116.496106	39.962036
116.467208	39.958197
116.467208	39.958197
116.467201	39.958191
116.436188	39.931212
116.467234	39.958176
116.307797	39.927852
116.350098	39.945579
116.372527	39.914309
116.37417	39.916167
116.373961	39.915102
116.506868	39.957744
116.427051	39.961569
116.303349	39.92353
116.350098	39.945579
116.42919	39.950696
116.42919	39.950696
116.42919	39.950696
116.422304	39.957121
116.32021	39.910317
116.349225	39.909615
116.435009	39.948767
116.464504	39.94584
116.364472	39.915153
116.440968	39.930334
116.440812	39.928088
116.440813	39.928088
116.484931	39.975907
116.448222	39.934107
116.344585	39.954016
116.370999	39.940635
116.345688	39.917623
116.346033	39.917598
116.469019	39.950354
116.469019	39.950354
116.658461	39.929789
116.643015	39.922257
116.438602	39.962212
116.354754	39.955388
116.385408	39.918079
116.640212	39.915675
116.417295	39.925056
116.342526	39.947317
116.460543	39.960116
116.460543	39.960116
116.460524	39.960101
116.460524	39.960101
116.460322	39.958955
116.412665	39.972569
116.334733	39.969539
116.408824	39.938676
116.352884	39.931786
116.385078	39.935637
116.407939	39.93632
116.725301	39.929826
116.7253	39.929829
116.435813	39.934671
116.435716	39.932817
116.435812	39.934671
116.310967	39.929711
116.422021	39.923305
116.525007	39.955716
116.698888	39.934319
116.435371	39.930865
116.413016	39.959922
116.326213	39.931407
116.428334	39.933309
116.814093	39.855687
116.43604	39.912665
116.72236	39.865045
116.465331	39.95997
116.228861	39.892454
116.433968	39.912988
116.440174	39.923613
116.476368	39.953047
116.344762	39.911618
116.43936	39.9342
116.460033	39.95257
116.46018	39.952926
116.4649	39.959437
116.448124	39.934598
116.462629	39.955999
116.456367	39.951853
116.456572	39.952017
116.381748	39.918405
116.381743	39.918397
116.461907	39.955193
116.407789	39.927185
116.42827	39.929155
116.460168	39.952912
116.426865	39.921932
116.525017	39.955728
116.41551	39.930251
116.362069	39.943988
116.366401	39.927423
116.42722	39.918879
116.411877	39.916787
116.466087	39.952558
116.448846	39.966968
116.308259	39.909233
116.464339	39.953985
115.789313	39.886265
116.364472	39.91514
116.652721	39.922496
116.44164	39.936566
116.364222	39.917075
116.445998	39.95373
116.240039	39.897359
116.24049	39.897524
116.416997	39.930601
116.256349	39.893703
116.244733	39.87531
116.43768	39.917107
116.440854	39.931075
116.197886	39.849527
116.452965	39.915557
116.700523	39.935046
116.224833	39.899278
116.228884	39.901006
116.223915	39.851163
116.311675	39.925087
116.314919	39.933046
116.454661	39.914171
116.417655	39.908866
116.44187	39.93062
116.230598	39.845441
116.435847	39.912456
116.437028	39.912274
116.437028	39.912274
116.729805	39.851494
116.367434	39.875644
116.461498	39.955591
116.246104	39.895556
116.234139	39.845811
116.428613	39.904046
116.225359	39.904433
116.444829	39.944841
116.616624	39.857818
116.187357	39.907199
116.445311	39.920541
116.722083	39.854536
116.315283	39.92437
116.447976	39.949664
116.62264	39.869809
116.417176	39.940017
116.417182	39.940023
116.466486	39.907696
116.464842	39.946987
116.24943	39.890068
116.623126	39.85122
116.608084	39.842667
116.242681	39.855363
116.422304	39.957121
116.246431	39.853044
116.246758	39.852889
116.194778	39.906303
116.225293	39.875469
116.607588	39.841724
116.589034	39.869954
116.591486	39.840138
116.238797	39.850883
116.246096	39.856695
116.679434	39.90815
116.19303	39.897892
116.258101	39.883637
116.466643	39.895714
116.451559	39.958727
116.224604	39.879404
116.238622	39.860063
116.191876	39.856164
116.437029	39.914861
116.437029	39.914861
116.437029	39.914861
116.437029	39.914861
116.264972	39.900056
116.437512	39.917971
116.436381	39.916615
116.466377	39.95906
116.466377	39.959061
116.466377	39.959061
116.367581	39.873749
116.367581	39.873749
116.208339	39.844626
116.252482	39.853276
116.220087	39.847649
116.220077	39.84764
116.464902	39.959437
116.459965	39.957244
116.256705	39.907676
116.323037	39.896023
116.258485	39.855514
116.417513	39.944017
116.252336	39.847648
116.254071	39.847899
116.231622	39.85217
116.317377	39.896303
116.323691	39.893697
116.433998	39.903276
116.463183	39.909345
116.748102	39.902238
116.194111	39.894875
116.408871	39.873785
116.456824	39.907515
116.424549	39.914205
116.43615	39.914124
116.463186	39.909347
116.219023	39.888293
116.458805	39.958754
116.456824	39.907515
116.426039	39.905492
116.423497	39.901631
116.61653	39.85853
116.614436	39.850964
116.617021	39.858521
116.616881	39.853414
116.617063	39.853547
116.43934	39.958544
116.617086	39.857968
116.550904	39.880398
116.463336	39.907433
116.657579	39.901912
116.446158	39.921549
116.444806	39.922271
116.430312	39.909555
116.563465	39.898438
116.371579	39.901832
116.649339	39.90145
116.253068	39.858761
116.546784	39.882626
116.54689	39.88263
116.554239	39.881793
116.550904	39.880396
116.625727	39.90208
116.47738	39.906694
116.634918	39.891906
116.455216	39.95027
116.431426	39.903031
116.588773	39.848122
116.392489	39.861151
116.27753	39.872948
116.381607	39.904015
116.423407	39.899344
116.237623	39.88937
116.167731	39.873113
116.372749	39.865384
116.382228	39.904027
116.372958	39.867277
116.233117	39.868797
116.428081	39.906861
116.209009	39.846054
116.501826	39.975264
116.429853	39.907108
116.460062	39.958642
116.451571	39.919713
116.665543	39.907317
116.431055	39.896924
116.432785	39.89775
116.272214	39.907078
116.478749	39.903322
116.414355	39.859452
116.191762	39.903284
116.191762	39.903284
116.4388	39.924976
116.251765	39.846617
116.278929	39.901481
116.475517	39.900336
116.252535	39.847982
116.565883	39.871025
116.476273	39.907422
116.476274	39.907422
116.433998	39.903276
116.427255	39.896802
116.462854	39.898642
116.374012	39.895536
116.462458	39.899796
116.458374	39.906313
116.320642	39.899342
116.313555	39.896489
116.314445	39.89662
116.316558	39.89631
116.314455	39.896628
116.54225	39.903087
116.552544	39.862838
116.662641	39.905652
116.456824	39.907515
116.576559	39.89575
116.42542	39.906572
116.416134	39.91036
116.28084	39.893291
116.442001	39.909612
116.42399	39.86862
116.441363	39.913879
116.418937	39.869843
116.473044	39.943014
116.264271	39.865256
116.265352	39.905192
116.265352	39.905192
116.724971	39.842751
116.358551	39.909901
116.440024	39.954007
116.613786	39.904395
116.591563	39.892668
116.592739	39.893715
116.441445	39.923185
116.441445	39.923185
116.441445	39.923184
116.418036	39.902359
116.266261	39.90413
116.358343	39.908902
116.368339	39.903795
116.303963	39.908188
116.468646	39.944098
116.415674	39.910396
116.425499	39.907674
116.425496	39.907672
116.425522	39.907592
116.426227	39.907754
116.411845	39.915009
116.370275	39.896079
116.264062	39.865119
116.438002	39.918884
116.449937	39.910704
116.431438	39.870622
116.546584	39.86651
116.384901	39.864538
116.429852	39.90686
116.374755	39.903496
116.471662	39.955709
116.468628	39.944089
116.38506	39.864212
116.432327	39.870387
116.432327	39.870387
116.389523	39.863791
116.445017	39.956134
116.445855	39.956296
116.447946	39.956053
116.596471	39.87659
116.596471	39.87659
116.592143	39.890755
116.590102	39.877087
116.591414	39.876261
116.587371	39.878732
116.590219	39.876324
116.12198	39.901034
116.255569	39.850998
116.251205	39.851738
116.609008	39.890004
116.43289	39.870394
116.180443	39.903642
116.430884	39.922306
116.2176	39.879063
116.721531	39.854692
116.722037	39.855402
116.454671	39.914175
116.276695	39.889106
116.722084	39.854628
116.724728	39.841887
116.722015	39.855566
116.66048	39.892608
116.304787	39.89408
116.422844	39.897251
116.208166	39.901829
116.431442	39.894762
116.425562	39.87013
116.650237	39.906062
116.594612	39.894465
116.416134	39.910361
116.371036	39.865698
116.371137	39.865763
116.646906	39.90723
116.594619	39.89447
116.606121	39.905294
116.209323	39.901317
116.412287	39.909141
116.412287	39.909141
116.663199	39.907629
116.430157	39.865396
116.440085	39.909733
116.440085	39.909733
116.304755	39.894044
116.539351	39.882123
116.463219	39.89303
116.304771	39.894058
116.42968	39.865164
116.304756	39.894052
116.428081	39.906861
116.428081	39.906861
116.263713	39.879544
116.446508	39.907065
116.427969	39.861222
116.429848	39.906861
116.479737	39.900697
116.473144	39.907764
116.302509	39.888372
116.486518	39.887557
116.486193	39.888183
116.627757	39.897533
116.478183	39.903134
116.481403	39.900783
116.475579	39.900327
116.381328	39.889074
116.457242	39.932799
116.256388	39.889746
116.302848	39.896357
116.476866	39.897802
116.485856	39.888752
116.636032	39.888649
116.491753	39.883752
116.260246	39.846218
116.574433	39.873129
116.281583	39.846733
116.664391	39.898014
116.551753	39.849323
116.380613	39.87902
116.573584	39.846384
116.572553	39.845901
116.122395	39.901256
116.452033	39.906469
116.569683	39.874562
116.569683	39.874562
116.568867	39.874503
116.561574	39.863411
116.257723	39.844452
116.257723	39.844447
116.255569	39.851
116.438431	39.922813
116.376878	39.908053
116.251275	39.848889
116.257727	39.844447
116.31726	39.896461
116.572157	39.846228
116.25121	39.851982
116.564214	39.865991
116.251205	39.851738
116.446833	39.847566
115.991114	39.793201
116.386803	39.886646
116.387358	39.886397
116.387892	39.8865
116.239697	39.836416
116.433974	39.895159
116.38418	39.896969
116.304782	39.894067
116.304782	39.894075
116.269661	39.820102
116.269114	39.821302
116.24887	39.840727
116.248008	39.838726
116.450612	39.87291
116.257774	39.833499
116.441008	39.906683
116.384516	39.901076
116.447687	39.832925
116.320774	39.878555
116.304764	39.894058
116.304762	39.894052
116.480433	39.930784
116.480497	39.930791
115.940283	39.817929
116.421163	39.866037
116.40031	39.901237
116.281579	39.832333
116.260049	39.825574
116.26275	39.822862
116.667351	39.880907
116.413765	39.8213
116.411886	39.821551
116.416655	39.888542
116.406285	39.90129
116.395316	39.865449
116.393595	39.887127
116.393594	39.887127
116.255767	39.831494
116.271029	39.782248
116.159685	39.808843
116.268394	39.884846
116.494323	39.958838
116.390747	39.882139
116.415511	39.838791
116.415351	39.813955
116.478122	39.890745
116.178882	39.820388
116.395579	39.882609
116.439454	39.874768
116.408652	39.873482
116.540624	39.84698
116.42963	39.831755
116.433445	39.831146
116.387358	39.886397
116.414793	39.89262
116.437833	39.907624
116.446978	39.847494
116.394798	39.853365
116.438652	39.848952
116.379509	39.893381
116.407999	39.893194
116.27068	39.834907
116.667155	39.885688
116.465735	39.928882
116.206163	39.819971
116.65443	39.892787
116.387455	39.830558
116.379457	39.830598
116.379448	39.830653
116.386883	39.830611
116.454328	39.905641
116.455771	39.866823
116.674118	39.891087
116.450769	39.860605
116.424536	39.855656
116.180537	39.804042
116.66402	39.889561
116.66402	39.889561
116.46708	39.88929
116.181722	39.804862
116.454415	39.904719
116.430588	39.888403
116.442926	39.856938
116.292965	39.833833
116.410131	39.909064
116.41046	39.907688
116.37541	39.897619
116.260751	39.829539
116.458182	39.909443
116.40408	39.841791
116.682782	39.894414
116.404537	39.8445
116.65305	39.888365
116.398169	39.851347
116.257729	39.844443
116.257723	39.844443
116.405475	39.84229
116.474312	39.931299
116.269312	39.88506
116.387692	39.847167
116.199771	39.828919
116.409252	39.845452
116.396352	39.837596
116.261613	39.821292
116.507801	39.91076
116.251705	39.83799
116.454468	39.818629
116.46812	39.883908
116.484951	39.926589
116.090138	39.772161
116.271818	39.775186
116.396572	39.832725
116.398715	39.828081
116.467473	39.883319
116.480777	39.930792
116.27085	39.774606
116.269308	39.769606
116.529956	39.889932
116.388301	39.852141
116.3883	39.852144
116.54483	39.895725
116.539498	39.903407
116.395697	39.849146
116.485905	39.900856
116.392297	39.849223
116.395246	39.84913
116.394945	39.849117
116.395569	39.848578
116.395663	39.848515
116.395407	39.849126
116.395506	39.849116
116.395632	39.84856
116.395777	39.84847
116.273741	39.772442
116.286388	39.784631
116.266453	39.769895
116.267675	39.76988
116.413254	39.892575
116.532572	39.889948
116.380264	39.849107
116.38028	39.849202
116.42767	39.808865
116.529229	39.882548
116.544853	39.895411
116.301251	39.878998
116.531406	39.882666
116.398354	39.845515
116.466849	39.931829
116.650147	39.883356
116.536017	39.881404
116.535205	39.881811
116.536632	39.881699
116.534814	39.882585
116.534049	39.882588
116.534257	39.882582
116.284034	39.836431
116.19838	39.809341
116.294054	39.900454
116.654797	39.892776
116.389541	39.831189
116.370428	39.846489
116.480181	39.900691
116.389104	39.895254
116.397345	39.852817
116.402615	39.857534
116.44822	39.905075
116.494816	39.900592
116.393928	39.886575
116.472831	39.910129
116.416247	39.865583
116.393014	39.839555
116.32143	39.885857
116.4791	39.900678
116.458712	39.892617
116.311886	39.888726
116.406136	39.90129
116.482429	39.899519
116.480487	39.925991
116.481536	39.900879
116.481104	39.900807
116.45951	39.892855
116.238832	39.907904
116.283403	39.869062
116.366241	39.900057
116.458538	39.892866
116.401437	39.892379
116.381383	39.889074
116.291641	39.900465
116.406254	39.845075
116.4399	39.854273
116.260489	39.846673
116.306023	39.831121
116.447061	39.89405
116.40881	39.900407
116.409434	39.900338
116.441766	39.905095
116.455554	39.889013
116.462984	39.928636
116.260522	39.849857
116.260522	39.849857
116.308175	39.878935
116.416134	39.910361
116.416134	39.910361
116.385959	39.89938
116.395903	39.861002
116.395902	39.86094
116.488004	39.885155
116.488003	39.885155
116.488003	39.885155
116.461048	39.90065
116.395924	39.861567
116.395907	39.860972
116.395839	39.860334
116.395918	39.861266
116.395917	39.861249
116.395912	39.861301
116.395918	39.861375
116.39592	39.8614
116.395845	39.860561
116.395909	39.861578
116.395924	39.861778
116.395885	39.860277
116.395913	39.861972
116.639984	39.888449
116.395901	39.860956
116.395852	39.860468
116.395917	39.861704
116.395899	39.860836
116.39589	39.861678
116.44279	39.90787
116.398436	39.893045
116.395839	39.860359
116.395904	39.861833
116.395909	39.862146
116.395918	39.862209
116.395936	39.862031
116.395897	39.860496
116.395855	39.860532
116.395933	39.862085
116.395866	39.860495
116.3959	39.860448
116.395939	39.862128
116.395865	39.860152
116.395916	39.861739
116.442772	39.907865
116.395753	39.86009
116.396116	39.858978
116.429958	39.851388
116.650064	39.883181
116.405771	39.84985
116.398933	39.85398
116.398796	39.853978
116.401788	39.859384
116.371034	39.852269
116.493255	39.882737
116.412141	39.866286
116.381729	39.855244
116.337394	39.874339
116.336293	39.874544
116.354332	39.818272
116.345586	39.82015
116.336373	39.874831
116.336047	39.872787
116.408046	39.859498
116.536077	39.847374
116.536125	39.844524
116.532193	39.846997
116.429661	39.783372
116.343588	39.874108
116.340284	39.858248
116.347394	39.885672
116.531029	39.812496
116.514478	39.873053
116.426782	39.776653
116.504754	39.824567
116.347711	39.821825
116.430558	39.777361
116.452654	39.787708
116.42325	39.776165
116.664777	39.905826
116.356141	39.797547
116.473174	39.807409
116.467055	39.808708
116.518719	39.8216
116.346676	39.821212
116.437982	39.885
116.476701	39.834811
116.477042	39.913242
116.51178	39.940213
116.403844	39.888057
116.352418	39.807765
116.450243	39.881849
116.349277	39.807971
116.481533	39.836419
116.477042	39.913242
116.449088	39.907587
116.477259	39.912145
116.681297	39.888763
116.354358	39.81513
116.347989	39.808065
116.345705	39.811153
116.328277	39.873123
116.497681	39.832065
116.470266	39.911213
116.33888	39.907871
116.47264	39.816846
116.472642	39.816839
116.505825	39.828653
116.499598	39.935002
116.538063	39.8676
116.538045	39.867542
116.293811	39.852537
116.410368	39.785729
116.518153	39.837122
116.523843	39.860389
116.500398	39.817572
116.347479	39.873943
116.347479	39.873943
116.34767	39.873919
116.291697	39.850077
116.358021	39.858883
116.533451	39.839901
116.533504	39.839904
116.533627	39.83988
116.29778	39.852568
116.497443	39.822132
116.463653	39.849366
116.466187	39.924545
116.638001	39.888557
116.640186	39.888438
116.313452	39.801375
116.31432	39.801178
116.314294	39.801648
116.298032	39.853549
116.298032	39.853549
116.539026	39.8374
116.538611	39.837501
116.290878	39.849798
116.41698	39.805596
116.534144	39.839804
116.534005	39.839809
116.533952	39.839826
116.533825	39.839863
116.538109	39.840197
116.365403	39.858207
116.36582	39.858133
116.349587	39.802356
116.349967	39.802313
116.361688	39.843241
116.534065	39.839809
116.534213	39.8398
116.459494	39.920667
116.365817	39.858131
116.352271	39.806782
116.531748	39.840978
116.532513	39.840814
116.518222	39.852179
116.522546	39.844316
116.506227	39.921644
116.378499	39.858676
116.535056	39.939757
116.357977	39.818368
116.540516	39.837453
116.540513	39.83745
116.328277	39.873123
116.540867	39.861601
116.375229	39.850857
116.346385	39.821204
116.346329	39.821208
116.345655	39.821033
116.410278	39.777269
116.412099	39.776117
116.540179	39.862136
116.339641	39.87331
116.332186	39.882494
116.527162	39.844104
116.527171	39.844112
116.527681	39.848389
116.460403	39.920455
116.521141	39.841889
116.331726	39.870793
116.66586	39.86813
116.682091	39.891573
116.681961	39.891964
116.478337	39.915899
116.456118	39.829323
116.388337	39.823585
116.396219	39.823349
116.455382	39.837811
116.33082	39.785182
116.408512	39.840709
116.345538	39.820047
116.471184	39.855758
116.48502	39.919778
116.494489	39.847796
116.386581	39.776481
116.476506	39.92061
116.477836	39.921356
116.660296	39.858166
116.308764	39.835614
116.394846	39.824167
116.40039	39.823436
116.398397	39.817502
116.399863	39.823154
116.4	39.821719
116.395777	39.832738
116.395981	39.832742
116.494755	39.849352
116.496775	39.841956
116.400396	39.817186
116.543226	39.834869
116.338829	39.791888
116.474845	39.867514
116.331764	39.840931
116.498008	39.842237
116.497493	39.848772
116.49771	39.848526
116.332742	39.898455
116.346253	39.811108
116.347256	39.80814
116.352057	39.813448
116.35448	39.813386
116.34681	39.809901
116.347396	39.811052
116.355055	39.812801
116.480253	39.835084
116.480761	39.834534
116.402636	39.820137
116.402689	39.819673
116.428204	39.856267
116.402641	39.815946
116.327787	39.84311
116.477259	39.912145
116.477259	39.912145
116.325378	39.834097
116.681972	39.891973
116.682057	39.891654
116.681298	39.888767
116.495379	39.842288
116.49431	39.850427
116.421655	39.808296
116.396513	39.84913
116.221351	39.771196
116.471501	39.913199
116.394319	39.886718
116.403043	39.80945
116.470593	39.911278
116.494336	39.850438
116.443658	39.811243
116.325759	39.89594
116.445385	39.80865
116.496927	39.915992
116.326355	39.82584
116.32593	39.831762
116.499625	39.849644
116.463292	39.848369
116.375107	39.806629
116.372349	39.80824
116.400171	39.807527
116.411643	39.805492
116.291608	39.850043
116.351928	39.840346
116.404811	39.836126
116.402959	39.808748
116.284623	39.816768
116.462298	39.885077
116.462304	39.885073
116.482407	39.916128
116.351616	39.840287
116.406153	39.837245
116.483701	39.869267
116.298014	39.809248
116.520652	39.836811
116.53227	39.840864
116.468301	39.861312
116.503654	39.882693
116.367796	39.777961
116.331467	39.872282
116.344171	39.820325
116.471299	39.922344
116.400088	39.811808
116.400993	39.808009
116.468613	39.91634
116.293975	39.868399
116.366947	39.779116
116.537176	39.823687
116.541375	39.834409
116.470435	39.912746
116.651344	39.856755
116.42335	39.776171
116.516415	39.941264
116.292542	39.862316
116.458867	39.861164
116.480175	39.864368
116.458859	39.861162
116.493807	39.852774
116.481764	39.816353
116.499704	39.819227
116.499989	39.819807
116.470442	39.912752
116.470442	39.912752
116.683684	39.848527
116.488003	39.814572
116.662254	39.871224
116.403412	39.784955
116.495796	39.817047
116.48106	39.81448
116.500568	39.819798
116.481764	39.816353
116.487305	39.814395
116.490187	39.817668
116.488515	39.814189
116.488896	39.814509
116.320705	39.873425
116.405787	39.785212
116.324109	39.852784
116.492839	39.915132
116.457059	39.83804
116.498275	39.820562
116.498553	39.820585
116.492853	39.915143
116.478408	39.81115
116.308549	39.847272
116.53806	39.867976
116.53807	39.867864
116.51166	39.832265
116.50854	39.83128
116.50852	39.831265
116.51367	39.825702
116.459392	39.920694
116.329715	39.823749
116.499639	39.818938
116.480341	39.812091
116.498961	39.82056
116.499032	39.820564
116.499976	39.818709
116.49941	39.819935
116.499228	39.820546
116.455603	39.884259
116.499958	39.819411
116.49997	39.819527
116.480357	39.812203
116.500248	39.819813
116.497546	39.820059
116.500562	39.819734
116.500575	39.819894
116.497527	39.820284
116.500611	39.820571
116.515347	39.831199
116.513629	39.828663
116.513808	39.829017
116.511821	39.828995
116.513932	39.825776
116.515442	39.831944
116.512072	39.831792
116.511844	39.831686
116.515817	39.83319
116.405642	39.842015
116.322938	39.84421
116.455704	39.922651
116.310239	39.855353
116.474916	39.867505
116.290456	39.841671
116.521336	39.836711
116.494867	39.915096
116.513326	39.854312
116.51447	39.851208
116.46722	39.917686
116.525608	39.837541
116.524087	39.838627
116.523302	39.839245
116.524613	39.838326
116.532294	39.840448
116.532347	39.840419
116.522343	39.837571
116.529657	39.841278
116.524707	39.840249
116.521576	39.837368
116.532126	39.839994
116.52449	39.840247
116.53102	39.840416
116.531612	39.841262
116.524119	39.841672
116.532818	39.840134
116.533238	39.839933
116.513437	39.85446
116.699492	39.882751
116.531962	39.840609
116.520735	39.844613
116.513811	39.842995
116.49128	39.913019
116.328675	39.894513
116.462714	39.878154
116.410262	39.777461
116.421005	39.77606
116.421142	39.776067
116.515409	39.856982
116.503831	39.876765
116.533381	39.830369
116.50302	39.875731
116.44448	39.793072
116.462222	39.885101
116.462217	39.885096
116.318342	39.868238
116.36648	39.780048
116.491285	39.91362
116.491285	39.91362
116.491273	39.913611
116.491273	39.913611
116.491273	39.913611
116.491273	39.913611
116.343117	39.893253
116.256122	39.841347
116.464783	39.875956
116.530573	39.815383
116.327702	39.890503
116.444295	39.805817
116.374497	39.82315
116.380447	39.811208
116.380426	39.811189
116.376832	39.8109
116.529284	39.811432
116.308865	39.838321
116.28256	39.823294
116.327013	39.889192
116.459492	39.922323
116.46901	39.805002
116.458944	39.793909
116.451321	39.792083
116.471226	39.807139
116.298828	39.809402
116.663872	39.868105
116.335196	39.813524
116.482396	39.91613
116.526881	39.905911
116.420833	39.776054
116.312659	39.81053
116.456113	39.828449
116.505169	39.895408
116.519664	39.897615
116.479272	39.92868
116.447354	39.812459
116.301259	39.838852
116.500517	39.900541
116.396005	39.822154
116.396284	39.823713
116.39512	39.817714
116.033149	39.773921
116.429521	39.855632
116.538955	39.892725
116.508406	39.891265
116.44794	39.809332
116.398807	39.851377
116.507348	39.891246
116.508762	39.891259
116.505877	39.883049
116.433606	39.854465
116.328613	39.906442
116.684975	39.886578
116.301439	39.838381
116.407881	39.811194
116.684325	39.886322
116.379088	39.839742
116.492841	39.915134
116.492853	39.915143
116.20893	39.835349
116.270063	39.770008
116.531481	39.888688
116.507303	39.89048
116.510122	39.891213
116.427932	39.851325
116.427999	39.884688
116.481993	39.927906
116.3149	39.828631
116.536381	39.902406
116.414556	39.839664
116.396297	39.8482
116.396749	39.847972
116.396178	39.848278
116.396252	39.848219
116.396034	39.848354
116.372129	39.83045
116.531666	39.882649
116.410528	39.779383
116.417794	39.846123
116.396761	39.848235
116.397135	39.847791
116.396986	39.847838
116.396755	39.848326
116.396685	39.848005
116.396753	39.848494
116.396752	39.848543
116.395846	39.848432
116.374493	39.830406
116.394839	39.846129
116.313204	39.848981
116.462355	39.885019
116.396711	39.842525
116.368177	39.837225
116.428022	39.884711
116.397291	39.847722
116.396742	39.848705
116.396753	39.848388
116.396742	39.848787
116.396759	39.848441
116.397473	39.847636
116.39779	39.84744
116.397556	39.847571
116.396742	39.848606
116.396749	39.848631
116.39674	39.84867
116.396745	39.848742
116.396747	39.848539
116.397735	39.847461
116.397854	39.847406
116.530843	39.840482
116.532013	39.840064
116.531664	39.840224
116.533883	39.839846
116.403653	39.848312
116.427604	39.876474
116.45655	39.927349
116.642796	39.888436
116.514237	39.851106
116.533553	39.839897
116.532048	39.840576
116.462717	39.878156
116.43482	39.86187
116.478772	39.870996
116.456478	39.885071
116.654494	39.875825
116.654681	39.875821
116.390308	39.841787
116.395245	39.838669
116.461038	39.924418
116.518283	39.894185
116.472501	39.874507
116.286825	39.866406
116.413951	39.855586
116.298994	39.869007
116.329193	39.905007
116.699444	39.882821
116.512132	39.883089
116.320644	39.838553
116.438087	39.889041
116.31927	39.868271
116.638169	39.868071
116.313713	39.822475
116.303865	39.840532
116.637028	39.873206
116.313582	39.818009
116.495797	39.8552
116.48812	39.854669
116.323426	39.818431
116.493801	39.852766
116.649671	39.871481
116.63706	39.870592
116.401468	39.753733
116.318803	39.74994
116.14413	39.744004
116.22754	39.767227
116.120992	39.72351
116.791267	39.70893
116.371896	39.741398
116.557694	39.72496
116.345976	39.756248
116.324146	39.731309
116.788942	39.777368
115.974287	39.753649
116.289736	39.706363
116.090388	39.720651
116.337171	39.708325
116.331449	39.707797
116.347917	39.76729
116.348225	39.765895
116.344933	39.769581
116.360555	39.766263
116.395862	39.849132
116.395802	39.849136
116.395991	39.849132
116.396328	39.84912
116.396156	39.849124
116.266596	39.77056
116.273745	39.772418
116.273721	39.771599
116.119956	39.724081
116.14362	39.730808
116.477664	39.710043
116.360551	39.766344
116.360585	39.76498
116.355206	39.762868
116.360568	39.766449
116.353086	39.726183
116.347811	39.760786
116.148501	39.736924
116.403011	39.765181
116.146436	39.754289
116.326244	39.757514
116.348222	39.765695
116.130886	39.731315
116.130902	39.731327
116.393657	39.748737
116.676392	39.83425
116.62031	39.760461
116.368798	39.8328
116.499006	39.769745
116.327455	39.737376
116.529565	39.844281
116.529567	39.844288
116.138977	39.740672
116.354805	39.771794
116.30114	39.837482
116.47118	39.922374
116.511661	39.891221
116.364653	39.768269
116.343384	39.770002
116.151532	39.736252
116.140343	39.747395
116.11996	39.722779
116.543749	39.756247
116.130686	39.731328
115.957764	39.736245
116.140397	39.749729
116.489624	39.856605
116.490272	39.857156
116.330715	39.733281
116.405467	39.753988
116.391966	39.748285
116.03318	39.706039
116.147426	39.749703
116.349119	39.729499
116.332673	39.7489
116.119955	39.722218
116.34273	39.843319
116.342677	39.774339
116.284773	39.803586
116.403434	39.720432
116.344408	39.783102
116.343021	39.817206
116.576597	39.80276
116.517566	39.917008
116.32848	39.79868
116.335015	39.877096
116.506662	39.8164
116.330839	39.724913
116.511736	39.913281
116.52489	39.849837
116.649294	39.831758
116.344808	39.781309
116.356866	39.776937
116.354866	39.77469
116.364818	39.793912
116.354001	39.888814
116.354001	39.888813
116.796619	39.779035
116.360182	39.775701
116.359819	39.775819
116.359749	39.775818
116.359664	39.775822
116.3591	39.776048
116.359568	39.775821
116.359504	39.775828
116.360872	39.776842
116.35943	39.775835
116.361384	39.781927
116.356866	39.777014
116.357379	39.779709
116.331988	39.762188
116.359537	39.776012
116.359988	39.77581
116.358847	39.775761
116.359947	39.77581
116.360399	39.775689
116.36034	39.775697
116.35988	39.775809
116.528155	39.792716
116.361619	39.883691
116.355989	39.902966
116.325896	39.796853
116.516637	39.915922
116.321587	39.799196
116.264408	39.755509
116.264466	39.756017
116.290779	39.794093
116.521319	39.922232
116.354848	39.774631
116.354851	39.774553
116.351276	39.898545
116.360972	39.776278
116.35891	39.775814
116.359209	39.776126
116.360079	39.776082
116.288439	39.773547
116.34787	39.89666
116.282141	39.755143
116.637948	39.772785
116.282982	39.734342
116.281964	39.737838
116.28196	39.737838
116.28592	39.723553
116.215309	39.704377
116.152277	39.74464
116.359476	39.77574
116.448871	39.765939
116.357432	39.88637
116.359609	39.775729
116.359113	39.775852
116.35907	39.775861
116.359195	39.775757
116.359154	39.77576
116.360068	39.776963
116.359297	39.775755
116.357406	39.775596
116.703439	39.837313
116.272927	39.770915
116.273645	39.77047
116.194095	39.712107
116.358971	39.776406
116.359494	39.783177
116.359728	39.775733
116.359201	39.775854
116.358085	39.775851
116.359359	39.775407
116.358529	39.775823
116.510022	39.79861
116.448749	39.765943
116.356867	39.889078
116.363897	39.888421
116.506873	39.800075
116.028293	39.721895
116.377206	39.723188
116.691031	39.762336
116.540062	39.823513
116.780531	39.824681
116.781214	39.82883
116.780159	39.827956
116.359164	39.776042
116.359991	39.77599
116.359932	39.776
116.360745	39.775779
116.35984	39.776004
116.360699	39.775774
116.359794	39.776006
116.360469	39.775778
116.359718	39.776005
116.358903	39.776407
116.361504	39.775915
116.359661	39.77601
116.359448	39.776112
116.360346	39.775784
116.359596	39.776013
116.359896	39.788036
116.653113	39.752433
116.525634	39.849842
116.599541	39.805042
116.348748	39.877366
116.356518	39.894889
116.360693	39.775681
116.360208	39.775793
116.51683	39.791764
116.527211	39.849718
116.348222	39.881943
116.511162	39.797186
116.502325	39.915024
116.425655	39.776257
116.342052	39.816539
116.341861	39.80711
116.221877	39.76657
115.743589	39.725873
115.963799	39.756984
115.963155	39.750423
116.216646	39.753679
116.545094	39.757978
116.339348	39.889145
115.986405	39.72511
115.979562	39.722987
116.345006	39.774695
116.328212	39.749963
115.979756	39.715197
116.359316	39.775418
116.360838	39.783002
116.421133	39.766683
116.421133	39.766683
116.423737	39.76622
116.419879	39.76638
116.419677	39.766379
116.419998	39.766382
116.41866	39.766738
116.339348	39.889145
116.511053	39.916596
116.385136	39.721318
116.374947	39.723249
116.38706	39.764799
116.363194	39.713011
116.382172	39.720429
116.370863	39.719183
116.506932	39.800104
116.506938	39.800111
116.370757	39.77149
116.289894	39.753184
116.346739	39.860944
116.567526	39.744991
116.607997	39.757366
116.609715	39.758333
116.607859	39.758718
116.607333	39.758763
116.605185	39.756429
116.378753	39.724617
116.533199	39.76791
116.506774	39.732793
116.569425	39.764222
116.577696	39.759999
116.575255	39.757991
116.56785	39.7633
116.622449	39.83301
116.465095	39.841425
116.059337	39.709476
116.364459	39.888265
116.531909	39.868975
116.280436	39.741298
116.4116	39.768457
116.323557	39.799105
116.405155	39.766504
116.331737	39.798716
116.577945	39.80277
116.222626	39.755726
116.222627	39.755882
116.400005	39.752385
116.411608	39.768423
116.417523	39.766006
116.417433	39.768206
116.448552	39.723818
115.963816	39.756991
115.953116	39.723335
116.529549	39.844273
116.193599	39.712286
116.193595	39.712291
116.152167	39.748975
115.979064	39.715591
116.158369	39.755085
116.157458	39.753717
116.15689	39.753918
116.417075	39.770657
116.53416	39.768879
116.368012	39.771585
116.653087	39.752599
116.804434	39.743775
116.561315	39.750586
116.530716	39.774008
116.88216	39.816287
116.557062	39.766822
116.55656	39.765463
116.554352	39.766466
116.563291	39.766994
116.730494	39.765352
116.470631	39.766421
116.386109	39.766103
116.342984	39.88643
116.591976	39.829067
116.636512	39.835766
116.522963	39.924105
116.349748	39.859193
116.546721	39.762727
116.550805	39.76429
116.062207	39.735954
116.289768	39.793869
116.399851	39.766023
116.388939	39.763375
116.553086	39.762948
116.390085	39.763179
116.879721	39.712025
115.842606	39.768521
116.61968	39.833279
116.418551	39.798037
116.297789	39.780155
116.508042	39.832632
116.508058	39.83292
116.336345	39.828123
116.500268	39.82005
116.480368	39.812396
116.480363	39.812302
116.353074	39.908621
116.348617	39.78484
116.348617	39.784846
116.348586	39.784451
116.348601	39.784533
116.348601	39.784494
116.348591	39.784488
116.521293	39.855504
116.150627	39.741488
116.354869	39.789785
116.351344	39.77892
116.357662	39.776508
116.31716	39.771852
116.501434	39.847575
116.36684	39.780211
116.352196	39.787259
116.336321	39.802227
116.347715	39.783989
116.347329	39.783322
116.341335	39.883942
116.319223	39.792694
116.361026	39.775731
116.360601	39.775956
116.54466	39.728355
116.574576	39.762073
116.347398	39.783748
116.347371	39.783744
116.34738	39.783736
116.34735	39.783722
116.348115	39.776123
116.357191	39.775994
116.355938	39.778615
116.358992	39.900664
116.356127	39.778928
116.346284	39.779635
116.357443	39.778497
116.357481	39.779851
116.357186	39.776048
116.355621	39.779058
116.357213	39.775757
116.505757	39.874333
116.501874	39.874113
116.505392	39.817611
116.359443	39.776017
116.359281	39.775847
116.36028	39.775698
116.360126	39.775705
116.359955	39.775719
116.359775	39.775728
116.359586	39.77611
116.360416	39.775781
116.357877	39.776504
116.358192	39.776123
116.359803	39.776354
116.533916	39.823304
116.536267	39.823596
116.579118	39.763542
116.575188	39.761503
116.361366	39.779719
116.361593	39.778223
116.359843	39.77571
116.358116	39.776477
116.359059	39.775768
116.361204	39.781881
116.360255	39.77608
116.360194	39.776964
116.35931	39.776034
116.361428	39.781938
116.35859	39.776426
116.358367	39.776453
116.359277	39.776118
116.359549	39.775738
116.360675	39.77607
116.360605	39.776069
116.360523	39.77607
116.360402	39.776081
116.35848	39.775522
116.360546	39.775775
116.359029	39.776136
116.354586	39.79533
116.352572	39.900158
116.315745	39.79229
116.347588	39.870604
116.347588	39.870604
116.497017	39.790679
116.376916	39.764252
116.376668	39.765929
116.549622	39.803854
116.35759	39.775891
116.360737	39.776062
116.360313	39.776076
116.360702	39.775955
116.360493	39.775961
116.360023	39.776093
116.359984	39.776096
116.360305	39.775977
116.361391	39.781927
116.359897	39.776096
116.360126	39.77599
116.360072	39.77599
116.47782	39.854743
116.409609	39.767345
116.346274	39.888123
116.347164	39.874208
116.332251	39.88181
116.346078	39.885203
116.426418	39.776639
116.575058	39.812147
116.796319	39.779372
116.511107	39.916575
116.3373	39.85785
116.351013	39.906722
116.330177	39.88202
116.42656	39.776284
116.426433	39.776284
116.66225	39.867951
116.337553	39.809537
116.457644	39.837752
116.48174	39.816348
116.377617	39.770977
116.508253	39.800617
116.589975	39.830464
116.590074	39.831631
116.588717	39.828822
116.590142	39.831623
116.58857	39.829161
116.343613	39.783379
116.342665	39.814863
116.508069	39.838029
116.333374	39.801576
116.284417	39.804494
116.333326	39.801486
116.335013	39.877096
116.479759	39.911505
116.342323	39.759462
116.290813	39.795316
116.290682	39.794738
116.329762	39.799757
116.349668	39.857178
116.337096	39.846669
116.284016	39.849951
116.409402	39.706257
116.337682	39.773231
116.508061	39.838025
116.542721	39.841276
116.558203	39.826522
116.335551	39.869924
116.342053	39.81668
116.476832	39.836281
116.342506	39.790797
116.423421	39.776173
116.457536	39.837689
116.457845	39.837904
116.457807	39.837902
116.457641	39.837882
116.457644	39.837778
116.457763	39.837906
116.457791	39.837628
116.513392	39.865055
116.346039	39.775623
116.354852	39.77432
116.345074	39.775569
116.345953	39.780879
116.354851	39.77432
116.335546	39.87005
116.477252	39.835023
116.457643	39.83772
116.471371	39.840046
116.489848	39.833304
116.457708	39.837887
116.457552	39.837669
116.457552	39.837641
116.457689	39.837906
116.457537	39.837584
116.457641	39.83781
116.457616	39.837841
116.507958	39.832105
116.340819	39.868593
116.502713	39.828394
116.457619	39.837818
116.339903	39.779682
116.457238	39.834276
116.530995	39.868527
116.508027	39.832768
116.508086	39.833473
116.662236	39.867934
116.471368	39.911227
116.468861	39.812994
116.502701	39.828385
116.507244	39.82669
116.508111	39.833359
116.410351	39.785825
116.499948	39.820522
116.353074	39.908621
116.359923	39.906066
116.309452	39.793948
115.908691	39.614721
116.427616	39.776681
116.427278	39.776667
116.427	39.776664
116.54408	39.840045
116.542718	39.841222
116.474876	39.838872
116.467511	39.814965
116.33761	39.784657
116.337951	39.784662
115.985187	39.702155
116.364287	39.881164
115.595322	39.645035
116.136582	39.700475
116.338694	39.700538
116.341835	39.691799
116.413435	39.665359
116.364315	39.552259
116.705609	39.666941
115.714467	39.570328
116.336683	39.691578
116.351586	39.692572
116.782585	39.638517
115.935933	39.656044
116.776569	39.638052
116.284897	39.696583
116.319662	39.691986
116.329951	39.696509
116.114694	39.649584
116.007443	39.70253
116.595974	39.684997
116.457492	39.638389
116.627376	39.655032
116.32539	39.518062
115.899158	39.580221
116.672681	39.65078
116.455363	39.557883
115.717678	39.571602
115.99017	39.697151
116.36447	39.551887
116.329851	39.63407
116.350109	39.692138
116.34771	39.692408
116.346868	39.691989
116.397218	39.506659
115.979772	39.641995
116.326458	39.669999
116.475336	39.641554
116.131807	39.669446
115.777078	39.538974
116.015458	39.700055
115.964501	39.602135
115.981797	39.698166
116.317024	39.759287
115.89901	39.578972
115.971825	39.697759
116.115622	39.697267
116.513778	39.678802
115.939169	39.685602
116.373616	39.702652
116.135681	39.701881
116.409596	39.695615
116.410621	39.695342
116.409734	39.693527
116.306489	39.69882
116.495752	39.61745
116.354837	39.757947
116.326197	39.757506
116.114865	39.723021
116.123879	39.724635
116.154023	39.67978
116.09484	39.723542
116.167874	39.773522
116.12113	39.729092
116.027534	39.666543
116.513935	39.678638
116.105188	39.71912
116.104574	39.717982
116.105185	39.719375
116.104698	39.718553
116.339855	39.729671
116.320542	39.770208
116.324957	39.624213
116.392756	39.68467
116.376869	39.697238
116.042457	39.596405