116.456585	40.710907
116.424205	40.556113
116.424206	40.556114
116.424186	40.556091
116.174158	40.525651
116.649712	40.62909
117.108521	40.544163
116.92215	40.576862
117.124738	40.540377
117.10813	40.603912
117.107421	40.603883
117.235294	40.611809
116.644282	40.736722
116.094651	40.468068
116.100492	40.554707
116.820582	40.540788
117.331127	40.641925
116.071617	40.523677
115.966575	40.51413
115.970562	40.516929
116.853453	40.472383
116.09381	40.476366
116.767236	40.401671
115.954534	40.487958
116.174159	40.52565
116.425317	40.559696
116.518112	40.415623
115.938887	40.516549
116.158447	40.531014
115.946829	40.45761
115.949246	40.460126
117.094194	40.64772
117.152812	40.578458
117.118864	40.65033
116.988681	40.567018
116.980436	40.567511
117.060392	40.507592
117.153579	40.688108
116.003658	40.454245
116.238639	40.570517
116.22734	40.568089
116.745834	40.792719
116.647725	40.737999
116.888127	40.740407
116.500652	40.633826
115.957339	40.485561
116.178962	40.492318
115.975958	40.446624
115.980451	40.447278
116.383166	40.746465
115.99467	40.454514
116.570616	40.694527
116.56853	40.697607
115.889884	40.41645
116.817137	40.425759
116.831157	40.389735
116.837492	40.393751
116.008422	40.474891
116.046179	40.484476
117.183497	40.509742
116.769515	40.430094
116.774538	40.399742
115.990072	40.462117
115.981171	40.464839
115.9801	40.448345
115.9756	40.466465
116.047831	40.48147
115.990845	40.469719
116.237786	40.431522
115.959169	40.464411
115.966567	40.460961
115.990641	40.470903
115.859547	40.476241
115.899903	40.427922
116.953395	40.408367
115.996466	40.455178
116.90942	40.458091
117.11099	40.39298
116.729652	40.204489
116.663548	40.218933
116.746417	40.193819
116.638657	40.307437
116.638666	40.307455
116.345918	40.404934
117.05488	40.255285
117.005035	40.245342
117.068695	40.277777
117.210163	40.201242
117.319026	40.201516
116.120809	40.121182
116.135919	40.139077
116.037991	40.159054
116.037991	40.159053
116.065944	40.170105
116.388519	40.163537
116.849269	40.378875
117.121504	40.186615
115.971557	40.365568
116.842258	40.371212
116.628038	40.333114
116.847117	40.371834
117.11787	40.204229
116.628963	40.315825
116.641836	40.207744
116.592557	40.213254
116.637637	40.327861
116.653113	40.226908
116.819419	40.37133
116.626332	40.287952
116.633755	40.316199
116.573964	40.290926
116.223001	40.262839
115.948655	40.42915
115.956294	40.433011
116.819438	40.371761
116.748664	40.191892
116.849106	40.365961
117.148069	40.187535
117.022257	40.2113
116.682775	40.283054
117.207437	40.207202
116.194721	40.190107
116.027425	40.433601
116.08018	40.406371
116.952537	40.410093
116.122913	40.185681
116.406265	40.223435
116.200552	40.243897
116.638519	40.338792
116.603086	40.213799
116.459248	40.219984
116.245016	40.211537
116.211324	40.200514
116.210178	40.211206
116.592832	40.211679
116.460186	40.218384
116.655381	40.207444
116.552789	40.155277
116.613832	40.143841
117.172128	40.224261
117.159517	40.189716
116.215489	40.183264
116.877386	40.156117
116.878312	40.156115
117.072188	40.166374
116.825729	40.110877
116.82567	40.110437
116.075577	40.223618
116.236711	40.227013
117.047724	40.146155
117.038261	40.17723
116.631106	40.133996
117.042514	40.119545
116.436626	40.176063
116.165108	40.244201
116.237299	40.222424
116.729887	40.164061
117.084817	40.119501
117.246526	40.20702
115.970967	40.3657
116.945158	40.147823
117.263869	40.224942
116.189638	40.223743
116.49858	40.16137
115.885758	40.373216
116.319635	40.171408
116.141237	40.233847
116.065371	40.176502
116.465068	40.173881
116.500496	40.162964
116.209757	40.217145
116.196526	40.229842
116.251088	40.164627
116.656983	40.172186
116.531668	40.245337
116.987553	40.158021
116.212585	40.1214
117.002984	40.119029
116.640308	40.335577
116.290088	40.207942
116.241545	40.225319
116.713147	40.163678
116.531266	40.24644
116.125344	40.242901
116.207333	40.135929
116.251136	40.209097
116.226046	40.216396
116.285088	40.207765
117.186316	40.168507
116.787676	40.24394
116.21319	40.114169
117.162008	40.166498
116.741245	40.122362
115.903487	40.372485
116.85607	40.378877
116.643998	40.313138
116.8135	40.154636
117.265611	40.167133
116.21607	40.218585
116.241123	40.192588
116.796232	40.24576
116.854575	40.366567
116.437814	40.131143
116.861873	40.227762
116.643786	40.33745
116.721335	40.202925
116.124603	40.25375
117.225122	40.151353
116.545596	40.116471
116.545684	40.114795
116.23235	40.207627
116.443658	40.125328
117.213203	40.169222
115.904447	40.373791
116.641004	40.1752
116.169772	40.177793
116.628925	40.324562
116.855187	40.379995
116.783242	40.346576
116.639768	40.333478
116.821231	40.373986
116.827291	40.375202
116.250782	40.292769
116.219476	40.227408
116.945631	40.148535
116.09068	40.228333
116.090475	40.23359
115.977011	40.466794
116.567092	40.339372
115.890712	40.416157
116.868394	40.393201
116.943821	40.377522
117.137573	40.341204
117.114382	40.322139
117.277081	40.182468
116.697266	40.3259
117.061531	40.355575
116.846876	40.380085
116.382114	40.362084
116.459929	40.360179
116.382114	40.362077
116.823053	40.327497
116.022313	40.433253
116.862791	40.385635
116.685419	40.405908
116.629707	40.32423
116.861629	40.382362
116.714026	40.326107
116.818467	40.372462
116.615238	40.412499
117.133169	40.275642
116.233735	40.208266
116.767272	40.365894
116.658747	40.284916
116.830951	40.373779
116.9689	40.293788
116.964654	40.295688
116.659062	40.131524
116.155101	40.165862
116.787309	40.350216
117.051718	40.146263
117.022244	40.129468
117.022396	40.131466
117.005623	40.107707
117.103497	40.162347
117.11511	40.162424
116.395139	40.178463
116.233555	40.210257
117.185799	40.354709
117.078197	40.146231
116.860033	40.230776
117.163863	40.193676
116.148388	40.135913
116.215615	40.089151
116.61382	40.173833
116.143295	40.141226
116.285994	40.145465
116.290506	40.099635
116.113879	40.109755
117.159484	40.189671
115.971196	40.461609
116.221295	40.218569
117.087609	40.131565
117.157044	40.18884
116.117575	40.105805
116.383484	40.178807
116.66849	40.123626
117.092356	40.138606
117.087606	40.131563
116.658947	40.140207
116.659788	40.139694
116.660374	40.140736
117.073425	40.277152
116.143698	40.144402
116.128395	40.236445
116.799098	40.279586
116.12992	40.245226
116.330875	40.10124
116.334816	40.101615
116.334808	40.1016
116.32016	40.092071
116.320158	40.092068
116.666235	40.096373
116.665219	40.101573
117.111439	40.137891
117.10941	40.13676
116.833984	40.152326
117.104948	40.148275
116.665048	40.096404
116.665037	40.096396
117.057874	40.205077
116.327183	40.078927
116.115228	40.066389
117.107628	40.173259
117.102823	40.159893
116.921621	40.088987
116.121299	40.081747
116.12946	40.05481
116.118036	40.066552
116.160945	40.077578
116.157842	40.081318
116.429039	40.074395
116.174422	40.077572
116.173265	40.075295
116.743986	40.04079
116.545877	40.112274
116.161207	40.054908
116.342637	40.067555
116.332279	40.064855
116.817711	40.20387
117.051628	40.085225
116.395011	40.103256
116.199336	40.051861
116.5528	40.152511
116.552798	40.152509
117.129892	40.186346
116.817114	40.203894
116.223487	40.227743
116.65491	40.114269
116.82155	40.154622
117.17168	40.122178
116.243067	40.218506
116.357616	40.065357
116.65514	40.15169
116.655187	40.151721
116.535282	40.044524
116.538391	40.06631
116.544494	40.112246
116.114442	40.066192
116.462628	40.050107
116.451388	40.071662
116.577296	40.056959
116.64152	40.134264
116.667201	40.112573
116.145549	40.146321
116.688462	40.106265
116.319207	40.079932
116.325018	40.05469
117.109791	40.109148
116.607349	40.111279
116.350223	40.08622
116.388995	40.064714
116.705911	40.050772
116.548855	40.074923
116.317132	40.067515
116.66099	40.111807
116.31129	40.050086
116.651691	40.124108
116.334776	40.076282
116.347892	40.077131
116.557477	40.069436
116.816889	40.152542
116.921487	40.087154
116.150561	40.099036
116.157893	40.07324
116.426108	40.062569
116.42612	40.062578
116.423215	40.04582
116.151196	40.064051
116.707431	40.041914
116.439064	40.090705
116.447181	40.083668
116.317687	40.043904
116.575549	40.058648
116.700932	40.102521
116.261579	40.0177
116.350529	40.046026
116.310587	40.069559
116.426261	40.040351
116.538292	40.066219
116.318139	40.018028
116.405624	40.061149
115.624639	39.944087
115.700215	39.974281
115.694156	39.971101
116.406925	40.061134
116.36952	40.064683
116.606292	40.128685
117.120953	40.140136
116.238506	40.046138
116.684271	40.285406
116.284645	40.128906
116.376608	40.114344
116.326354	40.114381
117.118478	40.129792
116.657934	40.131136
116.690212	40.108219
116.688439	40.084565
116.207944	40.038491
116.715596	40.131384
116.657393	40.130265
116.278786	40.128161
116.436028	40.065109
116.658284	40.122887
116.329318	40.074047
116.640407	40.105019
116.828064	40.063426
116.826649	40.063263
117.111239	40.138743
116.756891	40.088991
117.109702	40.13713
116.761401	40.100529
117.010506	40.080397
117.105497	40.152019
117.107795	40.150523
115.901207	40.035433
117.095412	40.089592
116.458529	40.101294
116.455225	40.08734
116.653455	40.11916
116.652929	40.125706
117.127242	40.10621
116.200061	40.094101
116.263876	40.081385
116.238073	40.095161
116.240547	40.104722
116.242538	40.066812
116.24077	40.066337
116.399087	40.081366
116.268729	40.048538
117.122791	40.148395
116.228807	40.22177
117.117786	40.135821
116.640664	40.131324
117.114299	40.135109
116.715006	40.131415
116.694658	39.992261
116.693227	39.992604
116.391811	40.106826
116.391809	40.106824
116.391913	40.10579
116.596976	40.047257
116.740726	40.004292
115.509307	39.941619
116.524048	40.080747
116.273246	40.124016
117.130154	40.139283
117.137672	40.152323
116.437486	40.029736
116.520536	40.082408
116.538944	40.09036
116.526165	40.080309
116.523988	40.080365
116.527083	40.079263
115.858092	39.936676
116.567462	40.003074
116.573396	40.06222
116.63992	40.119846
116.660155	40.13447
116.493545	40.029887
116.284599	40.03144
116.242854	40.034811
117.003202	40.195652
116.27875	40.128537
116.277534	40.030416
116.433008	39.994246
116.380947	39.999939
116.287365	40.019733
116.885306	40.092235
116.885381	40.090232
116.326473	40.091169
116.216249	39.997595
116.667854	40.030526
116.411752	39.990203
116.398082	39.973166
117.010169	40.075748
116.385067	39.99696
116.398058	39.97315
116.399269	39.973576
115.792776	39.94213
117.13014	40.133126
116.514363	39.977837
116.278243	40.021154
116.059674	39.930139
116.43435	40.03611
116.592677	39.97995
116.207714	40.037572
116.382971	39.979767
116.099323	39.955183
116.098966	39.956936
116.276413	40.021115
116.278673	40.019898
116.588704	39.978437
116.031676	39.906872
116.059289	39.930905
116.059306	39.930907
116.069881	39.933321
116.403108	40.003151
116.599631	40.048928
116.665454	40.103021
116.675409	40.037218
116.106927	39.965065
116.207985	39.971984
116.009152	39.975649
116.382971	39.979767
116.211244	39.960978
116.20713	39.957974
116.230212	40.214323
116.101275	40.00277
116.209416	39.991147
116.205602	39.988778
116.206077	39.988846
116.304545	39.997764
116.301541	39.993362
116.260553	39.998097
116.288445	39.983121
116.50763	40.023389
116.667263	40.046131
116.090413	39.944743
116.11858	39.947322
116.293123	40.032005
116.399917	39.966418
116.47554	40.003601
116.309202	39.961481
116.10164	39.938931
116.493157	40.030691
116.496363	40.042184
116.47656	40.009826
116.472178	40.007588
116.348164	40.00429
116.411784	40.000831
116.402832	40.008348
116.404786	40.008334
116.404854	40.008061
116.326675	39.978493
116.411754	39.990191
116.306831	40.018181
116.327771	39.979105
116.108726	39.929802
116.461825	39.998031
116.121416	39.925992
115.775448	39.996694
115.83219	40.017002
116.110865	40.006644
116.481742	40.000123
116.077389	39.934165
116.075033	39.936061
116.282616	39.997368
116.435752	40.037632
116.410764	39.987919
116.415611	39.980204
116.369205	39.944989
116.435384	39.985823
116.404493	39.953077
116.197786	39.934822
116.462403	39.988401
116.462404	39.988401
116.462404	39.988401
116.340856	39.994112
116.405575	39.964326
116.471388	39.994991
116.471363	39.994981
116.103559	39.946182
116.368564	39.943736
116.262973	40.005657
116.410491	39.960651
116.403537	39.996296
116.487857	39.982518
116.2568	40.004562
116.369113	40.010697
116.294301	39.993043
116.405137	39.972705
116.386627	39.944594
116.410688	40.000073
116.46917	40.006319
116.353777	40.003153
116.404214	39.999993
116.343782	39.991715
116.391068	39.955806
116.215543	39.909785
116.386278	39.970633
116.42093	39.979181
116.22334	39.91053
116.217835	39.908726
116.223646	39.909529
116.390984	39.955503
116.398625	39.956632
116.458386	39.995363
116.2189	39.910037
116.253145	39.94162
116.199722	39.933414
116.192713	39.922388
116.242303	39.926957
116.207128	39.921186
116.114548	39.914497
116.193546	39.929839
116.29068	39.962518
116.190992	39.94907
116.345581	39.988539
116.135865	39.936323
116.300239	39.967608
116.319205	40.00907
116.410848	39.95741
116.404521	39.952961
116.347871	39.998132
116.4635	39.998813
116.316386	39.974783
116.277876	39.956403
116.320244	40.009291
116.239062	39.955584
116.23825	39.953838
116.381999	39.986104
116.437895	39.986162
116.368564	39.943735
116.410046	39.989272
116.25881	39.955156
116.30794	40.034173
116.368265	40.001009
116.113528	39.953587
116.279063	39.958516
116.267723	39.977516
116.257092	39.984416
116.301899	39.970351
116.466245	40.008154
116.321478	39.974682
116.369143	39.963953
116.322586	39.983937
116.368084	39.943881
116.472093	39.998002
116.129587	39.957444
116.134048	39.956402
116.463532	40.012367
116.499514	40.007275
116.463828	40.002677
116.100024	39.938176
116.102865	39.938634
116.314774	40.029724
116.41419	39.997786
116.304566	39.997712
116.415066	39.993862
116.483452	39.979509
116.482907	39.978726
116.483244	39.979279
116.381945	39.950896
116.367244	39.953634
116.221808	39.92783
116.323786	40.029045
116.096507	39.933975
116.104055	39.93156
116.105189	39.931838
116.554446	40.005564
116.382541	39.985551
116.377302	39.996299
116.333613	39.991288
116.443145	39.976799
116.375977	39.99637
116.321264	39.97193
116.367976	39.995262
116.368442	39.996209
116.279023	39.966819
116.612632	40.039891
116.377885	39.965751
116.088978	39.970797
116.278937	39.966558
116.463028	39.980443
116.32418	40.018883
116.104465	39.936903
116.183198	39.943926
116.172922	39.945108
116.188679	39.953219
116.287298	39.967706
116.549604	40.002376
116.406558	39.954501
116.374972	39.962569
116.367287	39.988848
116.114411	39.953857
116.408917	39.98687
116.458517	39.988654
116.22755	39.970183
116.427407	39.9882
116.09352	39.942215
116.461078	40.008762
116.29748	39.962479
116.278318	39.965503
116.090267	39.935331
116.385707	39.972367
116.5153	40.00982
116.259593	39.998191
116.368521	39.962868
116.371385	39.960311
116.126063	39.95501
116.124493	39.95807
116.507727	40.023395
116.143137	39.92953
116.124541	39.958028
116.414879	39.980809
116.434713	39.981326
116.305768	39.977949
116.268668	39.977565
116.374571	39.971581
116.37672	39.97178
116.184914	39.933439
116.373973	39.97998
116.383634	39.960713
116.38727	39.966117
116.305627	39.969535
116.368658	40.062698
116.386803	39.948548
116.320154	39.994555
116.095033	39.909849
116.358077	40.033517
116.467468	39.982997
116.377292	39.996299
116.369382	40.015716
116.338089	40.028082
116.403319	39.96561
116.555852	40.002036
116.278648	39.929338
116.344303	39.978941
116.423597	40.002402
116.308666	39.97759
116.374393	39.969187
116.476775	39.999965
116.401755	39.947741
116.179719	39.941701
116.179339	39.941143
116.384329	39.951906
116.169693	39.929464
116.169947	39.930179
116.270776	39.941583
116.191974	39.916187
116.196271	39.917119
116.232027	39.970167
116.375657	39.955141
116.245132	39.931523
116.338255	40.037787
116.198489	39.928448
116.362937	39.998366
116.505538	40.000832
116.24228	39.926937
116.268673	39.973933
116.269043	39.973821
116.195484	39.917903
116.397336	39.953931
116.193138	39.910629
116.25704	39.92074
116.326913	39.966106
116.460053	39.994184
116.569996	39.917837
116.541394	39.956902
116.331336	39.925668
116.366868	39.925853
116.734153	39.914661
116.660632	39.939022
116.364136	39.985431
116.338116	39.92484
116.366815	39.926206
116.389693	39.93886
116.364341	39.931591
116.346264	40.031258
116.403328	39.919378
116.337683	39.918095
116.361544	39.922303
116.401292	39.947261
116.402545	39.947425
116.330417	40.029397
116.134608	39.916068
116.312257	39.952246
116.547989	39.915602
116.336813	39.921426
116.366815	39.931437
116.16596	39.93015
116.362224	39.942183
116.347971	39.936584
116.271296	39.941605
116.359331	39.974798
116.421746	39.980282
116.355062	39.919362
116.196941	39.919052
116.158269	39.933645
116.410658	39.945263
116.327353	39.968694
116.327353	39.968694
116.361244	39.938036
116.354273	39.91866
116.244937	39.930922
116.351687	39.972649
116.192063	39.913002
116.192316	39.909341
116.392202	39.941073
116.201336	39.911806
116.555165	39.965891
116.390535	39.915872
116.362542	39.992772
116.228652	39.94541
116.34472	39.932079
116.3781	39.933365
116.467402	39.98551
116.390612	39.918245
116.255003	39.946387
116.317736	39.953784
116.426324	39.964511
116.301141	39.942169
116.569719	39.916866
116.407968	39.912154
116.476255	39.974679
116.553299	39.91741
116.28718	39.92845
116.271495	39.909858
116.362293	39.978981
116.364544	39.942404
116.336496	39.935411
116.363807	39.92782
116.361818	39.979601
116.485916	39.972595
116.405464	39.921139
116.685479	39.968678
116.546094	39.916334
116.337999	39.910868
116.422129	39.966155
116.265967	39.91787
116.34078	39.912109
116.336216	39.962671
116.322911	39.995099
116.391236	39.942442
116.351304	39.971034
116.352552	39.929762
116.421235	39.975315
116.437227	39.937315
116.348366	39.977947
116.344278	39.911037
116.312609	39.951586
116.406748	39.941929
116.336489	39.936099
116.327801	39.973936
116.426319	39.966151
116.631286	39.91242
116.426367	39.965386
116.6137	39.910525
116.203264	39.914366
116.360972	39.932011
116.304038	39.946214
116.31661	39.987344
116.245545	39.912845
116.322107	39.984216
116.335005	39.931852
116.340023	39.915799
116.350351	39.963409
116.410496	39.951099
116.281061	39.922316
116.327388	39.970046
116.279958	39.922902
116.363052	39.929012
116.391737	39.94768
116.283117	39.947703
116.472209	39.988499
116.302956	39.948965
116.488333	39.987337
116.189116	39.92983
116.298005	39.945245
116.298276	39.945899
116.304392	39.951722
116.165844	39.918703
116.319521	39.977533
116.167755	39.920301
116.349057	39.925318
116.467877	39.985429
116.362936	39.981143
116.322899	39.994946
116.327993	39.993907
116.164865	39.935173
116.153772	39.931772
116.327744	39.92571
116.179732	39.929753
116.364495	39.992227
116.36344	39.991987
116.199319	39.913622
116.291341	39.94141
116.159897	39.929576
116.363901	39.994942
116.410657	39.942835
116.301412	39.986427
116.301657	39.987201
116.255926	39.917165
116.189303	39.911926
116.370347	39.940478
116.339229	39.93028
116.591455	39.915204
116.255187	39.918198
116.44083	39.940026
116.319902	39.994513
116.400507	39.936466
116.31325	39.965024
116.592048	39.916047
116.401723	39.944941
116.337374	39.959635
116.290866	39.946034
116.350033	39.92182
116.430813	39.935593
116.431547	39.936383
116.30036	39.929863
116.430728	39.967491
116.393419	39.929484
116.546724	39.974473
116.44038	39.937627
116.393401	39.929473
116.360133	39.958996
116.36044	39.920343
116.552378	39.965033
116.369937	39.942559
116.369359	39.92801
116.370606	39.927565
116.369241	39.927902
116.368553	39.928832
116.37417	39.930982
116.649395	39.913328
116.726627	39.940155
116.378462	39.942723
116.394487	39.929937
116.360283	39.921508
116.378294	39.931224
116.376313	39.930746
116.378304	39.931232
116.385365	39.932188
116.385556	39.932599
116.37834	39.931251
116.368442	39.928411
116.366346	39.965608
116.429828	39.961401
116.385076	39.932602
116.362128	39.953685
116.411858	39.971145
116.278479	39.917197
116.374431	39.928327
116.314508	39.927683
116.314508	39.927683
116.338221	39.928954
116.749662	39.964845
116.424357	39.939424
116.413526	39.962748
116.360043	39.951801
116.409517	39.929167
116.408189	39.929622
116.424127	39.919605
116.413361	39.919313
116.412984	39.919515
116.405579	39.943147
116.412404	39.962598
116.419926	39.958032
116.404609	39.914198
116.316756	39.951225
116.453319	39.936893
116.401267	39.940318
116.421497	39.960975
116.303926	39.909936
116.350346	39.918614
116.38578	39.939367
116.308466	39.912055
116.381371	39.924221
116.451914	39.973088
116.339543	39.969633
116.411283	39.939639
116.335047	39.951387
116.342319	39.953676
116.438932	39.967445
116.446553	39.965424
116.418667	39.933247
116.41148	39.929369
116.411248	39.929387
116.402745	39.927014
116.489609	39.963747
116.37843	39.911362
116.414412	39.94132
116.412938	39.943644
116.370871	39.910837
116.429211	39.924052
116.348425	39.915423
116.329351	39.933923
116.368363	39.911265
116.498643	39.956563
116.428595	39.925391
116.309427	39.927965
116.535365	39.961668
116.418349	39.936895
116.448246	39.936978
116.42436	39.939392
116.348588	39.945309
116.418375	39.936881
116.418355	39.936886
116.424759	39.929305
116.458454	39.942905
116.428934	39.958008
116.424408	39.916036
116.428577	39.959282
116.301855	39.913411
116.436493	39.9644
116.364666	39.911367
116.512236	39.955078
116.347877	39.912685
116.436524	39.927365
116.368584	39.936143
116.37533	39.938101
116.418606	39.918743
116.348015	39.910583
116.3508	39.911527
116.428831	39.916162
116.424318	39.912486
116.300157	39.92712
116.42145	39.929732
116.317225	39.935135
116.414913	39.948113
116.438734	39.96232
116.364676	39.910712
116.317964	39.935302
116.40468	39.931651
116.420871	39.943001
116.37068	39.91545
116.49765	39.96581
116.418097	39.947361
116.318514	39.931262
116.446874	39.938493
116.296771	39.913472
116.498637	39.956566
116.448102	39.935843
116.413988	39.945562
116.414613	39.9452
116.414001	39.944367
116.421073	39.911848
116.42244	39.912965
116.425384	39.929454
116.429762	39.920875
116.314038	39.923067
116.515637	39.975085
116.312885	39.911195
116.473962	39.945058
116.426825	39.948434
116.435598	39.949085
116.436504	39.94886
116.364296	39.909986
116.429098	39.92232
116.322173	39.926026
116.497861	39.946111
116.414423	39.920582
116.415397	39.920813
116.319552	39.935109
116.413505	39.921848
116.669983	39.908006
116.654081	39.915147
116.421185	39.964009
116.430681	39.944483
116.43126	39.945085
116.328047	39.957724
116.323873	39.968983
116.344206	39.9545
116.441868	39.964966
116.438773	39.963001
116.381678	39.917651
116.673563	39.938177
116.451048	39.965272
116.420294	39.974671
116.420336	39.974469
116.436503	39.964408
116.336846	39.946932
116.643692	39.917018
116.404866	39.916714
116.410374	39.936986
116.410009	39.936011
116.666332	39.913355
116.700646	39.910386
116.484267	39.963496
116.484311	39.963452
116.354314	39.933689
116.383877	39.93702
116.398075	39.934421
116.368197	39.912091
116.405123	39.938278
116.401335	39.937979
116.487488	39.96262
116.440411	39.935435
116.415115	39.957303
116.360347	39.954838
116.428291	39.926576
116.506941	39.959041
116.360974	39.952174
116.421273	39.922242
116.422695	39.931976
116.415096	39.937452
116.286606	39.909554
116.287648	39.910341
116.428665	39.958716
116.286182	39.910977
116.805843	39.855567
116.25242	39.874374
116.370572	39.867939
116.258937	39.901866
116.436499	39.953132
116.436498	39.953133
116.71756	39.857846
116.381472	39.922222
116.427299	39.951113
116.422975	39.93493
116.422181	39.936764
116.422415	39.936549
116.471388	39.947095
115.562136	39.863557
115.775835	39.886033
116.288628	39.918598
116.427447	39.960215
116.423692	39.913517
116.286336	39.918355
116.288628	39.918598
116.490799	39.959945
116.445112	39.945417
116.243159	39.895633
116.256999	39.901057
116.378277	39.926621
116.446604	39.946934
116.236979	39.900577
116.236579	39.89953
116.233832	39.900303
116.23129	39.898342
116.231821	39.90173
116.370407	39.868112
116.233924	39.847044
116.412385	39.903279
116.23325	39.847444
116.425809	39.864695
116.452469	39.950559
116.599468	39.863464
116.649068	39.901801
116.447068	39.948853
116.452477	39.950565
116.450936	39.950397
116.449546	39.926533
116.219974	39.898768
116.418064	39.939744
116.471427	39.909292
116.598441	39.853642
116.216134	39.903051
116.261343	39.886647
116.450943	39.950399
116.593558	39.853084
116.614193	39.872888
116.454428	39.954667
116.635614	39.849148
116.254535	39.901848
116.427907	39.948936
116.50352	39.966863
116.307208	39.897935
116.447823	39.921611
116.476831	39.903545
116.119235	39.894218
116.257905	39.893541
116.258362	39.893138
116.432278	39.903402
116.448916	39.918528
116.451247	39.911178
116.366407	39.91388
116.22837	39.878743
116.453944	39.953575
116.224068	39.851204
116.197497	39.850572
116.256495	39.902984
116.581467	39.902192
116.758864	39.885039
116.74304	39.898959
116.369627	39.909316
116.405175	39.87409
116.41559	39.869199
116.404991	39.87448
116.408568	39.869108
116.423566	39.867913
116.263839	39.901487
116.366547	39.913334
116.44975	39.921267
116.364422	39.909538
116.444231	39.944805
116.377918	39.859784
116.577588	39.896522
116.649395	39.903972
116.553384	39.873049
116.631862	39.895126
116.569856	39.884131
116.392428	39.861688
116.251038	39.891624
116.234945	39.866057
116.437704	39.917522
116.379903	39.904708
116.366788	39.913509
116.631889	39.883338
116.319476	39.903375
116.369388	39.8925
116.36827	39.896162
116.254599	39.906249
116.433967	39.918949
116.428002	39.897835
116.411203	39.860964
116.392739	39.858489
116.422827	39.894718
116.299674	39.888289
116.819354	39.846226
116.142352	39.898014
116.387936	39.860242
116.656475	39.89917
116.289	39.884382
116.41896	39.901751
116.282858	39.894314
116.661027	39.905941
116.413358	39.866752
116.652012	39.908266
116.442247	39.95335
116.419918	39.904062
116.653177	39.907391
116.423892	39.955771
116.240269	39.862709
116.58969	39.893809
116.431208	39.899926
116.430465	39.899735
116.624495	39.892164
116.420358	39.902251
116.639649	39.901587
116.370302	39.903543
116.452456	39.910298
116.455304	39.911057
116.452212	39.911441
116.414602	39.914699
116.371218	39.904542
116.29981	39.900789
116.369232	39.904422
116.367754	39.904765
116.370161	39.893757
116.427966	39.869606
116.02591	39.890578
116.271742	39.867629
116.419363	39.861657
116.299526	39.900828
116.38336	39.864143
116.03836	39.875347
116.361545	39.910681
116.493717	39.964317
116.216497	39.908228
116.669547	39.902005
116.602834	39.888717
116.170994	39.861798
116.119057	39.851643
116.423202	39.902831
116.64761	39.900729
116.260199	39.894272
116.433054	39.868189
116.720595	39.852957
116.472631	39.943058
116.428867	39.895308
116.416122	39.899871
116.421717	39.899711
116.416191	39.894581
116.385156	39.905249
116.386212	39.904663
116.382022	39.89407
116.383634	39.893681
116.423907	39.862998
116.371472	39.898359
116.369472	39.858458
116.265226	39.858992
116.322468	39.904461
116.418672	39.863951
116.420257	39.859977
116.666105	39.902382
116.665357	39.902323
116.447694	39.906127
116.449364	39.960078
116.447495	39.907031
116.283209	39.880129
116.456245	39.936111
116.312358	39.887963
116.240104	39.840788
116.438013	39.873964
116.439173	39.873089
116.27915	39.849653
116.280708	39.848654
116.123033	39.902214
116.437064	39.95592
116.576839	39.866114
116.551692	39.842726
116.28016	39.899773
116.391646	39.856053
116.265809	39.856191
116.369882	39.909472
116.277181	39.89971
116.393509	39.877309
116.559742	39.858919
116.564431	39.865506
116.413409	39.898214
116.496947	39.937919
116.504814	39.899671
116.451787	39.87433
116.383745	39.897113
116.384832	39.897405
116.208387	39.816612
116.671601	39.898768
116.206887	39.823088
116.318355	39.877764
116.389708	39.907987
116.482542	39.931561
116.674104	39.892576
116.375522	39.877404
116.212054	39.823818
116.387706	39.885241
115.937362	39.817131
116.033377	39.776119
116.254897	39.835635
116.220117	39.775614
116.394869	39.887099
116.637083	39.887988
116.295852	39.877732
116.390782	39.883036
116.412146	39.852204
116.4809	39.888202
116.390646	39.895846
116.403195	39.899931
116.280912	39.80313
116.279943	39.779833
116.528464	39.890118
116.386532	39.880829
116.454847	39.856829
116.670524	39.891505
116.272354	39.884923
116.458601	39.885613
116.457855	39.886064
116.50629	39.910463
116.411029	39.891341
116.400954	39.867611
116.415306	39.890962
116.36922	39.878982
116.452147	39.866719
116.393496	39.889318
116.440332	39.853493
116.440097	39.853547
115.879005	39.809821
116.387834	39.886856
116.371614	39.88041
116.070094	39.805447
116.042557	39.812654
116.270605	39.838214
116.271094	39.837888
116.4549	39.90673
116.432161	39.891435
116.43191	39.889426
116.457432	39.887346
116.438419	39.89639
116.152111	39.803185
116.256484	39.841615
116.406536	39.86616
116.430687	39.887909
116.368744	39.846952
116.665296	39.888028
116.366848	39.851291
116.382854	39.897515
116.485443	39.924789
116.408401	39.84342
116.421162	39.854737
116.384869	39.897557
116.408401	39.84342
116.204758	39.832155
115.900894	39.829634
116.473288	39.929246
116.466183	39.882374
116.471939	39.880712
116.239195	39.840375
115.968936	39.763464
116.282799	39.816772
116.082884	39.775627
116.036395	39.776687
116.531979	39.888758
116.388449	39.854408
116.407696	39.855369
116.388563	39.899316
116.389104	39.900817
116.522514	39.887006
116.427662	39.888875
116.423484	39.888495
116.423472	39.888492
116.427818	39.888896
116.458941	39.927701
116.28513	39.841443
116.424421	39.841431
116.678788	39.905771
116.456319	39.92997
115.825905	39.812594
116.436631	39.867555
116.378843	39.876736
116.449061	39.896987
116.410447	39.864793
116.413346	39.863183
116.319998	39.885673
116.192889	39.806236
116.410189	39.860926
116.39072	39.908402
116.224983	39.782163
116.497008	39.87508
116.45305	39.898752
116.500257	39.878365
116.482859	39.898397
116.40286	39.888716
116.403398	39.850341
116.401772	39.893399
116.407041	39.899917
116.404757	39.890324
116.442083	39.904249
116.382567	39.891109
116.203429	39.830349
116.301847	39.832717
116.442084	39.904236
116.441781	39.904866
116.259675	39.85304
116.262563	39.852135
116.378871	39.877682
116.317119	39.886651
116.45894	39.889622
116.42159	39.813624
116.409239	39.869103
116.227505	39.888134
116.405786	39.860177
116.39343	39.86586
116.31717	39.885987
116.38335	39.894811
116.495727	39.926291
116.367999	39.866382
116.498154	39.92975
116.398282	39.863918
116.477354	39.909867
116.41284	39.866642
116.481632	39.883177
116.422793	39.809036
116.464385	39.931697
116.44648	39.896243
116.445637	39.897444
116.377569	39.90063
116.392472	39.888051
116.496595	39.900113
116.349877	39.90593
116.467423	39.875113
116.510088	39.923502
116.45538	39.891637
116.346896	39.893399
116.507409	39.822913
116.4699	39.871648
116.330626	39.872062
116.452609	39.887733
116.356061	39.798425
116.307722	39.862027
116.513667	39.935938
116.444551	39.801868
116.382608	39.888087
116.462926	39.830914
116.459381	39.829659
116.445046	39.801836
116.504823	39.921475
116.286881	39.855724
116.281557	39.852865
116.343776	39.904977
116.503958	39.93375
116.422122	39.803574
116.381241	39.836186
116.486095	39.798342
116.513492	39.841607
116.426536	39.796926
116.52882	39.842865
116.457521	39.843302
116.333927	39.821449
116.369006	39.866022
116.488721	39.795899
116.532311	39.936257
116.488731	39.795464
116.488731	39.795452
116.285858	39.860224
116.294922	39.844237
116.336333	39.86193
116.541057	39.860647
116.376073	39.851151
116.415787	39.866337
116.4674	39.875174
116.334044	39.882619
116.470742	39.872713
116.36624	39.850895
116.480495	39.85476
116.373001	39.818929
116.469943	39.871696
116.408423	39.831616
116.666231	39.86059
116.471572	39.928033
116.471565	39.928027
116.473939	39.861618
116.495421	39.853752
116.356952	39.881937
116.295997	39.864587
116.492947	39.843739
116.379192	39.776472
116.37923	39.776289
116.477142	39.919806
116.500433	39.894997
116.345416	39.893229
116.483395	39.922419
116.476864	39.929746
116.481558	39.849259
116.482544	39.849246
116.481193	39.918359
116.330212	39.900119
116.421059	39.809515
116.290889	39.861086
116.419486	39.880864
116.421496	39.8821
116.411494	39.814881
116.383022	39.803395
116.481306	39.917553
116.288314	39.80274
116.40417	39.815308
116.457166	39.844105
116.421558	39.882115
116.339941	39.833524
116.339825	39.830415
116.466826	39.932861
116.406547	39.836988
116.37934	39.800723
116.331859	39.885659
116.403261	39.836382
116.293091	39.83599
116.437875	39.864101
116.421551	39.882892
116.495613	39.912442
116.494976	39.913451
116.465148	39.919804
116.300589	39.809373
116.359348	39.840962
116.42262	39.88003
116.464826	39.918473
116.352037	39.843619
116.291874	39.842584
116.308153	39.839918
116.309105	39.839107
116.303255	39.834692
116.326048	39.899156
116.660681	39.868975
116.479114	39.796557
116.365587	39.836633
116.43745	39.883954
116.432705	39.886742
116.446192	39.889658
116.453865	39.877562
116.662953	39.870341
116.69847	39.855951
116.707696	39.844917
116.688876	39.858972
116.694344	39.8587
116.458853	39.86116
116.304519	39.811634
116.463518	39.84253
116.381636	39.837457
116.484838	39.913879
116.488745	39.912918
116.513262	39.927115
116.493312	39.917749
116.314037	39.846664
116.472713	39.864338
116.400092	39.805318
116.521493	39.937879
116.503905	39.857077
116.506244	39.857099
116.469599	39.926519
116.705736	39.851195
116.503849	39.924434
116.503849	39.924434
116.537254	39.93682
116.418697	39.877113
116.525295	39.925998
116.508031	39.877292
116.425086	39.805493
116.473582	39.924856
116.4484	39.806154
116.464402	39.879721
116.425166	39.805498
116.427893	39.801866
116.32758	39.870336
116.353973	39.891558
116.239413	39.839982
116.327594	39.870344
116.435183	39.803285
116.326739	39.850749
116.4348	39.803403
116.328548	39.892239
116.539774	39.927461
116.340455	39.908273
116.340368	39.908049
116.500805	39.919927
116.239101	39.840411
116.239101	39.840411
116.332019	39.80857
116.454945	39.882756
116.328997	39.901131
116.524397	39.904172
116.534861	39.905694
116.328266	39.902058
116.509088	39.89881
116.509074	39.898802
116.429599	39.887079
116.448931	39.881163
116.523056	39.903907
116.408897	39.814701
116.311844	39.828162
116.413107	39.83822
116.453832	39.88307
116.164857	39.810407
116.688898	39.885565
116.685175	39.8902
116.394864	39.878626
116.383914	39.846564
116.493785	39.852763
116.493787	39.852759
116.495808	39.924596
116.496451	39.923556
116.647065	39.886082
116.419071	39.848415
116.418187	39.84895
116.442404	39.885455
116.439946	39.887327
116.289012	39.838206
116.43667	39.862792
116.437103	39.861733
116.435084	39.860245
116.284922	39.842209
116.379616	39.776738
116.472356	39.92091
116.533586	39.930588
116.493544	39.921938
116.493617	39.919002
116.418516	39.844696
116.48113	39.869623
116.466717	39.885693
116.682354	39.881382
116.30027	39.836552
116.474216	39.874942
116.39048	39.842321
116.465929	39.874418
116.325052	39.813631
116.684015	39.8931
116.668232	39.870941
116.443663	39.834889
116.495728	39.858183
116.284227	39.860865
116.443072	39.855574
116.195723	39.83109
116.44089	39.885362
116.326386	39.900824
116.693566	39.892537
116.350414	39.710765
116.639335	39.838289
116.426468	39.885712
116.323125	39.7167
116.349107	39.729732
116.331202	39.718165
115.970921	39.76057
116.331438	39.707681
116.3554	39.719577
116.354622	39.720443
116.344376	39.725949
116.129873	39.73887
116.33406	39.714734
116.34277	39.717819
116.335283	39.734839
116.182905	39.75423
116.12763	39.726213
116.129198	39.726297
115.974326	39.707356
116.460818	39.724431
116.144396	39.730682
116.340585	39.73336
116.327949	39.765843
116.125877	39.747629
116.471625	39.708171
116.153139	39.725894
116.498102	39.933292
116.457823	39.926172
116.498142	39.759808
116.064904	39.723302
116.347025	39.744141
116.333081	39.73474
116.332888	39.734498
116.138714	39.737166
116.325515	39.731191
116.467019	39.920378
116.123906	39.724945
116.337972	39.733521
116.319315	39.756582
116.31932	39.756587
116.465757	39.921112
116.328468	39.765282
116.5827	39.734447
116.131818	39.733877
116.339093	39.744693
116.47109	39.70725
116.332897	39.734291
116.342147	39.741597
116.396865	39.718995
116.40245	39.710023
116.336205	39.730094
116.341963	39.749919
116.341963	39.749919
116.348145	39.90195
116.591889	39.80704
116.512437	39.914581
116.514158	39.91402
116.519021	39.911562
116.650645	39.831899
116.524769	39.911785
116.339706	39.881865
116.761008	39.803053
116.792112	39.775655
116.362739	39.887299
116.120293	39.733627
116.877217	39.815162
116.429817	39.726324
116.701119	39.721568
116.328549	39.886893
116.50913	39.863482
116.332558	39.755404
116.226442	39.727261
116.281298	39.721669
116.339514	39.752547
116.337356	39.743704
116.335442	39.740666
115.536642	39.734371
115.83647	39.767478
115.991507	39.73135
116.364418	39.781768
116.36178	39.78231
116.289883	39.777757
116.702614	39.830622
116.271512	39.75017
116.652597	39.752272
116.216335	39.708711
116.833739	39.79285
116.903574	39.807004
116.396203	39.719791
115.959693	39.720415
116.440508	39.755204
116.44098	39.754377
116.594705	39.803256
116.587039	39.803261
116.338733	39.891109
116.308975	39.860452
116.355193	39.884081
116.364661	39.875153
116.360637	39.870848
116.508621	39.864219
116.33402	39.724555
116.35087	39.859434
116.362609	39.876506
116.365376	39.890286
116.362669	39.875379
115.971416	39.755594
116.364862	39.875654
116.223066	39.758358
116.18865	39.733317
116.201828	39.747374
116.79133	39.775936
116.106218	39.731431
115.957922	39.720406
115.967917	39.722009
116.35412	39.888032
116.44061	39.756911
116.878981	39.816445
116.290714	39.753636
116.147837	39.737321
116.317117	39.767574
116.634473	39.837501
116.783381	39.713414
116.373228	39.739036
116.125642	39.70742
115.959175	39.733494
116.223371	39.757008
115.955324	39.732023
116.34131	39.764818
116.539504	39.752626
115.965901	39.757632
116.111711	39.767248
116.111711	39.767248
116.146149	39.742739
116.165213	39.713839
116.537682	39.753792
116.138187	39.735055
116.657301	39.753742
116.880145	39.74113
115.958686	39.723873
116.1204	39.734532
116.036822	39.710142
116.144022	39.72695
116.730592	39.7679
116.507198	39.765192
116.558347	39.763133
116.557857	39.763388
116.380499	39.76533
116.144734	39.750525
116.326771	39.752044
116.338248	39.773506
116.77833	39.730864
116.324582	39.739591
115.848175	39.765012
116.060817	39.708852
116.064163	39.71194
116.551372	39.756652
116.45781	39.835508
116.143103	39.722243
116.366155	39.859184
116.318857	39.773218
116.615571	39.798501
116.322158	39.792444
116.329939	39.797634
116.3046	39.791157
116.514453	39.841927
116.361945	39.901474
116.503177	39.731289
116.477065	39.788829
116.309322	39.794033
116.300008	39.786057
116.361635	39.782216
116.353633	39.87393
116.36053	39.896884
116.501361	39.86844
116.298788	39.788832
116.354109	39.900839
116.366167	39.893359
116.467434	39.875121
116.348103	39.878334
116.345909	39.886914
116.336119	39.851666
116.36055	39.884687
116.457273	39.761632
116.288146	39.78495
116.349717	39.904132
116.359043	39.86508
116.283971	39.852483
116.280569	39.850921
116.499749	39.910487
116.505751	39.765417
116.501035	39.824678
116.334701	39.882172
116.550626	39.819225
116.450047	39.880201
116.338244	39.773509
116.335747	39.816762
116.358578	39.880702
116.511251	39.865229
116.288184	39.784972
116.282303	39.848807
116.361975	39.81344
116.340418	39.908048
116.340313	39.906542
116.421979	39.797646
116.428713	39.798907
116.502494	39.911305
115.980701	39.68901
116.063923	39.642793
116.068995	39.66609
116.275681	39.675783
116.617398	39.799142
116.612653	39.801494
116.354352	39.87916
115.971609	39.703232
115.902129	39.582553
116.41312	39.793673
116.339544	39.882668
115.920905	39.607755
116.310904	39.84404
116.263303	39.695183
115.900388	39.625229
115.723385	39.569619
115.711095	39.572774
115.988535	39.700602
115.987292	39.701934
115.98776	39.700468
115.900537	39.574725
116.315194	39.515382
116.347836	39.550634
116.745728	39.638009
116.41594	39.66784
116.415941	39.66784
116.356781	39.70175
116.775265	39.636641
116.775716	39.636254
115.926068	39.642011
115.921533	39.656791
116.587298	39.639687
116.634838	39.619559
116.082389	39.595073
116.079695	39.579679
116.119937	39.652311
116.602683	39.682429
116.32384	39.6919
116.637325	39.653219
116.637325	39.653219
116.396054	39.631401
116.428583	39.632818
115.780398	39.539121
116.451775	39.674424
116.622425	39.654422
115.994948	39.654792
116.34475	39.618954
116.346208	39.669469
116.623095	39.656189
115.745437	39.538749
116.628451	39.654277
115.819263	39.556995
116.389161	39.646375
115.854044	39.640122
116.032096	39.611517
116.067411	39.650054
116.322352	39.513956
116.244929	39.662036
116.244929	39.662036
116.105582	39.666938
115.978216	39.689653
116.361052	39.598458
116.371956	39.584713
116.399966	39.479745
116.396865	39.479408
116.396611	39.510353
115.921426	39.657661
116.312315	39.632841
116.3256	39.632509
116.276001	39.604525
116.277824	39.604219
116.396247	39.631457
115.981402	39.642349
116.274634	39.652636
115.775282	39.539009
116.015626	39.702606
116.459768	39.559868
116.086218	39.656915
115.950906	39.600031
115.951627	39.598769
115.733397	39.566992
116.032608	39.667423
116.081477	39.656693
115.99809	39.621024
115.989951	39.631041
115.956524	39.584323
115.844149	39.643431
116.047962	39.67407
116.08128	39.708885
116.500723	39.617602
116.695783	39.612684
116.06656	39.735397
116.695134	39.613506
116.151157	39.615654
115.945498	39.681442
115.940339	39.682488
116.210719	39.693465
116.516617	39.680413
116.021766	39.597558
116.818375	39.675028
115.813153	39.571542
116.578692	39.683983
116.108765	39.693401
116.28896	39.620456
116.336618	39.725055
115.809248	39.588806
116.123837	39.647428
116.122633	39.593659
116.19198	39.614167
116.148989	39.704195
116.149006	39.680127
116.333473	39.746459
116.344861	39.475004
116.349828	39.741159
116.167066	39.679306
116.094356	39.728007
116.103625	39.713446
116.032148	39.669056
116.323691	39.773264
116.044202	39.634395
115.941958	39.68141
115.969301	39.598384
116.063881	39.683289
115.940636	39.682801
116.729866	39.681203
116.730333	39.681589
116.028632	39.595399
116.323685	39.773252
116.879797	39.709032
115.99659	40.454598
115.996467	40.455181
116.826803	40.386847
116.827845	40.386866
116.009174	40.475435
115.979361	40.460869
116.001352	40.448904
116.846003	40.379654
116.678836	40.28365
116.06612	40.169751
116.845384	40.379656
116.65557	40.221716
116.65528	40.221637
116.80748	40.358186
116.019922	40.419566
116.11725	40.204187
116.626466	40.317126
116.18513	40.226894
116.185341	40.227229
116.185468	40.227112
116.66125	40.360764
116.685969	40.349705
116.118757	40.204076
116.283475	40.225232
116.29394	40.147298
116.293692	40.147427
116.209922	40.222473
116.210351	40.226552
116.232899	40.223639
116.18726	40.225144
116.256994	40.15633
116.257047	40.156087
116.644228	40.337431
116.643931	40.337445
116.643931	40.337445
116.42598	40.141868
116.425905	40.142746
116.44209	40.122501
116.639157	40.332035
116.639207	40.332024
115.975622	40.46326
116.631971	40.33586
116.235398	40.212462
116.69936	40.362407
116.699008	40.36248
117.003825	40.360808
117.003937	40.361133
115.975649	40.463002
116.241509	40.185982
116.241565	40.185672
116.746559	40.342758
116.746504	40.341939
117.118759	40.147204
117.102348	40.150478
116.889518	40.152501
116.232899	40.22345
116.282894	40.13381
116.691695	40.132156
116.691736	40.13167
116.2342	40.212387
116.221395	40.213555
116.703722	40.141228
116.703727	40.141239
116.703279	40.14127
116.270016	40.120464
116.270459	40.120821
116.829466	40.15002
116.238622	40.220961
116.24054	40.217127
116.23997	40.223072
117.106621	40.263797
116.670492	40.117649
116.303257	40.092052
116.63737	40.129237
116.63737	40.129236
116.829497	40.149876
116.889431	40.152864
117.113396	40.110578
116.359008	40.062126
116.340563	40.048945
116.529225	40.075449
116.651407	40.146345
116.669979	40.150076
116.669979	40.150077
116.670038	40.149988
116.529197	40.075541
116.240439	40.223077
116.240439	40.223077
116.330106	40.068723
116.330112	40.068499
116.24076	40.217148
117.089308	40.146206
117.114033	40.110594
116.358983	40.062236
116.679477	40.28309
116.678476	40.283706
116.419506	40.087802
116.324611	40.059234
116.177526	40.065097
116.177537	40.065491
116.694448	40.102669
116.6943	40.1024
116.455356	40.020469
116.682046	39.986728
116.209523	40.040166
116.376606	40.114347
116.650927	40.133945
116.885074	40.08807
116.119644	40.097296
116.495075	40.106433
116.395448	40.087142
116.638802	40.129363
116.638766	40.129284
116.638766	40.129284
116.638765	40.129284
116.638766	40.129284
116.657535	40.13631
116.638766	40.129284
116.599323	40.049531
116.653701	40.131812
116.68205	39.98659
116.500616	39.985988
116.494883	40.106467
116.500149	39.986036
116.573971	40.062875
116.574436	40.062897
116.09913	39.953745
116.099012	39.953736
116.050365	39.975126
116.418452	40.027861
116.096099	39.941799
116.404616	39.970241
116.399256	39.967238
116.399714	39.967344
116.471704	40.009915
116.46142	40.015734
116.407085	39.958481
116.317215	40.015024
116.072406	39.932218
116.072729	39.932335
116.423429	39.985921
116.404629	39.970373
116.293137	39.991431
116.380761	39.956614
116.404945	39.96539
116.404937	39.965121
116.418594	40.027798
116.380858	39.956805
116.399271	39.966977
116.322926	40.041866
116.409896	39.964959
116.117926	39.920442
116.117778	39.920462
116.308215	39.976997
116.30865	39.977005
116.343806	39.987317
116.34343	39.987167
116.385636	39.952942
116.344542	39.987263
116.202326	39.927237
116.344635	39.986996
116.351495	40.036516
116.351593	40.036256
116.420827	40.037825
116.471066	40.008993
116.678394	39.991924
116.678259	39.991336
116.412207	39.994192
116.412013	39.994189
116.373283	39.981566
116.490459	39.985313
116.470898	40.011343
116.346778	40.019966
116.347508	40.020734
116.220301	39.969389
116.220102	39.969394
116.408702	39.99019
116.414069	39.981269
116.283253	40.035202
116.119881	39.959287
116.120788	39.959053
116.122501	39.958899
116.277781	39.957255
116.278117	39.957282
116.371738	39.980687
116.371739	39.980541
116.292907	39.991414
116.38705	39.95079
116.27474	39.938721
116.274885	39.938659
116.275609	39.938489
116.275174	39.938763
116.27824	39.957124
116.475294	39.980943
116.409088	39.989928
116.38502	39.952644
116.171459	39.93909
116.171459	39.93909
116.171949	39.939095
116.387361	39.951251
116.283146	40.036042
116.105949	39.932955
116.206691	39.984016
116.206929	39.984039
116.191939	39.915515
116.35445	39.930486
116.310764	39.944766
116.310553	39.944728
116.184745	39.912013
116.184742	39.912191
116.275803	39.93885
116.357611	39.934946
116.406528	39.943213
116.406528	39.943209
116.363867	39.937754
116.366077	39.977239
116.356938	39.935051
116.353792	39.930537
116.344995	39.934552
116.376168	39.934753
116.376083	39.93502
116.406565	39.91295
116.438924	39.938073
116.335322	39.924974
116.550012	39.909773
116.566149	39.916207
116.566242	39.916104
116.317581	39.947343
116.406216	39.912863
116.43903	39.938125
116.399502	39.945988
116.318724	39.947011
116.406508	39.943876
116.283035	39.939317
116.348695	39.965758
116.347847	39.92861
116.347821	39.928446
116.284068	39.936172
116.283958	39.935991
116.328045	39.929713
116.398948	39.945947
116.256361	39.944106
116.256741	39.94666
116.381825	39.93997
116.382119	39.940074
116.283327	39.939427
116.552389	39.965024
116.370191	39.927641
116.363551	39.977417
116.430412	39.962452
116.372761	39.918607
116.334905	39.924985
116.195311	39.917996
116.371	39.927687
116.362186	39.953089
116.37106	39.927361
116.475313	39.980963
116.389845	39.935445
116.295964	39.925898
116.295734	39.925945
116.441044	39.965017
116.328087	39.972543
116.44767	39.968988
116.447761	39.968668
116.650612	39.912593
116.650647	39.912947
116.300156	39.914641
116.330439	39.934422
116.41837	39.937055
116.418385	39.936897
116.304064	39.916057
116.304056	39.91606
116.30408	39.916175
116.424451	39.922174
116.431847	39.956759
116.431846	39.956759
116.364654	39.911241
116.364654	39.91102
116.41697	39.928128
116.400868	39.930865
116.377883	39.911372
116.428118	39.919983
116.428432	39.919855
116.41658	39.93184
116.377533	39.912576
116.488465	39.973177
116.648467	39.92013
116.648551	39.921551
116.650298	39.920674
116.650299	39.920674
116.328087	39.972543
116.390389	39.933708
116.439036	39.936686
116.390372	39.933958
116.419142	39.922718
116.302759	39.935061
116.327985	39.929856
116.253646	39.875755
116.415196	39.873612
116.415211	39.873308
116.43209	39.956655
116.455248	39.953524
116.455157	39.953345
116.300142	39.925574
115.669231	39.856664
115.669475	39.856847
116.43919	39.9367
116.226351	39.898346
116.220863	39.857688
116.235049	39.894394
116.233423	39.898498
116.233445	39.898481
116.233595	39.89843
116.235005	39.894393
116.235546	39.894268
116.649336	39.901046
116.447367	39.949282
116.649325	39.90114
116.300882	39.925381
116.376554	39.900674
116.376549	39.900674
116.125177	39.899383
116.125164	39.899492
116.395127	39.873992
116.396017	39.872965
116.40436	39.875453
116.649199	39.899505
116.126044	39.902073
116.654156	39.901217
116.449041	39.952014
116.388769	39.861763
116.674471	39.907329
116.674356	39.908538
116.674349	39.906548
116.674366	39.906549
116.220065	39.847628
116.389037	39.861446
116.130422	39.8982
116.644052	39.905726
116.644024	39.905617
116.282886	39.894316
116.650528	39.90608
116.427337	39.952869
116.420069	39.869617
116.41976	39.869136
116.426913	39.953121
116.426892	39.953104
116.240274	39.862709
116.431118	39.899336
116.662108	39.902095
116.662348	39.902073
116.433094	39.905841
116.215081	39.908195
116.603521	39.88745
116.427494	39.868888
116.427489	39.868474
116.253671	39.876189
116.433273	39.905349
116.211681	39.900094
116.662925	39.909136
116.427318	39.869252
116.212874	39.900692
116.212864	39.901312
116.432888	39.906424
116.36742	39.898534
116.433066	39.905829
116.367632	39.898824
116.428533	39.863785
116.437999	39.873953
116.43805	39.87416
116.279538	39.848212
116.661084	39.89961
116.434013	39.895889
116.20984	39.836118
116.422721	39.891938
116.377576	39.855743
116.400949	39.859971
116.376501	39.900327
116.376501	39.900324
116.433573	39.845392
116.429322	39.853726
116.184054	39.813696
116.448214	39.849273
116.448166	39.849738
116.468859	39.931674
116.239803	39.84
116.278942	39.834128
116.668371	39.884497
116.681067	39.900227
116.681055	39.900827
116.668669	39.884732
116.388271	39.895277
116.669217	39.886159
115.967361	39.762695
116.63708	39.887986
116.637012	39.888245
116.412146	39.852204
116.412146	39.852204
116.388443	39.854403
116.388324	39.854427
116.405616	39.854745
116.405617	39.854746
116.429635	39.850007
116.279464	39.84825
116.465614	39.932753
116.465298	39.932755
116.279473	39.848256
116.409848	39.862116
116.479475	39.926474
116.478545	39.926261
116.377591	39.844434
116.435423	39.820971
116.435115	39.821237
116.36774	39.882627
116.664796	39.899356
116.267098	39.850117
116.371667	39.86403
116.400987	39.860376
116.401212	39.860107
116.409251	39.861654
116.324843	39.845209
116.324371	39.843512
116.347901	39.891922
116.495724	39.773728
116.348739	39.822253
116.448414	39.883649
116.449455	39.883558
116.483559	39.797575
116.426406	39.797619
116.637096	39.888259
116.418857	39.804075
116.532311	39.936258
116.532311	39.936258
116.377667	39.856097
116.354277	39.803071
116.650189	39.87431
116.530414	39.853721
115.968939	39.763462
115.969104	39.76329
116.408441	39.831607
116.408408	39.831874
116.66585	39.859303
116.404137	39.822731
116.661449	39.862218
116.661083	39.862345
116.332439	39.842951
116.662288	39.86298
116.326276	39.827409
116.400115	39.813974
116.400123	39.813887
116.422004	39.879012
116.422001	39.878954
116.405051	39.854384
116.326069	39.899479
116.325831	39.899502
116.222013	39.771114
116.223707	39.771171
116.348614	39.82197
116.324304	39.844152
116.693566	39.892537
116.450679	39.883738
116.280593	39.867167
116.39254	39.881111
116.418442	39.880063
116.428774	39.853958
116.442226	39.885732
116.402145	39.805277
116.402042	39.805444
116.468892	39.931903
116.482321	39.868692
116.412451	39.8537
116.412454	39.853711
116.499987	39.920515
116.50001	39.920656
116.378582	39.844281
116.639348	39.83828
116.639355	39.837477
116.319555	39.725144
116.319939	39.72525
116.42865	39.854081
116.347942	39.719311
116.141686	39.738266
116.632348	39.743651
116.133538	39.731312
116.36782	39.769166
116.348232	39.759896
116.353629	39.762176
116.133564	39.73165
116.318375	39.756931
116.317502	39.724186
116.317474	39.724175
116.317365	39.723777
116.317364	39.72378
116.349293	39.727973
116.284213	39.859634
116.34425	39.744764
116.343317	39.745355
116.342369	39.745056
116.344381	39.742169
116.305201	39.794867
116.305201	39.794867
116.359743	39.904488
116.650478	39.831507
116.359872	39.793146
116.513393	39.918083
116.359742	39.904487
116.348791	39.75991
116.360719	39.900429
116.359405	39.905178
116.304659	39.794542
116.282098	39.720989
116.282085	39.721325
116.340554	39.749953
116.340555	39.749953
116.283395	39.734921
116.351037	39.900048
116.791348	39.815491
116.271391	39.751468
116.27129	39.751272
116.034432	39.703409
116.034432	39.703409
116.034111	39.703292
116.791526	39.815486
116.359405	39.905178
116.359743	39.904488
116.513812	39.918166
116.533394	39.776905
116.533413	39.776894
116.359031	39.905416
115.742393	39.724906
116.782406	39.776458
116.782412	39.776314
116.155631	39.753281
116.351102	39.899712
116.339975	39.88543
116.085077	39.721394
116.512157	39.767755
116.340303	39.885438
116.148671	39.740901
116.038582	39.710538
116.290664	39.741634
116.289976	39.741673
116.131898	39.712814
116.358993	39.905397
116.359457	39.789966
116.632441	39.743469
116.038678	39.710276
116.318378	39.757203
116.144561	39.733604
116.371685	39.762815
116.148587	39.741398
116.289954	39.741655
116.370726	39.746804
116.354403	39.787123
116.359638	39.904335
116.503177	39.731296
116.346073	39.787846
116.370832	39.76241
116.35938	39.905429
116.35938	39.905429
116.352967	39.879183
116.352984	39.879196
116.359273	39.793053
116.360037	39.792937
116.360856	39.899832
116.354403	39.7875
116.329515	39.886301
116.329476	39.88604
116.353558	39.879041
116.353561	39.879046
115.827005	39.553
115.826979	39.553068
115.826979	39.553069
115.827494	39.552848
116.346307	39.7046
116.660247	39.644598
116.318625	39.678292
116.318645	39.678092
116.660339	39.644318
116.435945	39.551269
115.960793	39.603244
116.042413	39.616306
115.982129	39.685722
115.981659	39.686034
115.993124	39.697819
115.993231	39.697865
115.99209	39.69811
115.993356	39.69782
115.99321	39.697851
116.479722	39.615538
116.035613	39.58311
116.333558	39.741261