620 12509 12510 0.827006 0.347564
666 9560 9561 0.741131 0.981002
499 9220 9221 6.77708 3.29262
313 14300 14301 2.30421 1.02866
834 7487 7488 0.924488 0.478446
956 1544 1681 1.00493 0.40351
951 4506 4527 0.50784 0.703846
482 14823 14824 2.23426 0.358769
622 10406 10406 0 0
612 11140 11623 2.85021 1.70601
119 16217 16218 1.93343 2.45377
374 11566 11566 0 0
742 9459 9460 0.730701 0.677527
253 18148 18149 1.21444 2.08672
674 11226 11227 0.640699 0.664895
464 15044 15045 2.07312 2.9692
226 17558 17559 1.5202 1.06129
300 16859 16870 0.27051 0.30126
48 18315 18316 0.0239785 1.16737
450 4670 5185 0.537339 2.02704
7 19918 20103 0.161739 9.14781
811 9061 9106 0.406812 0.887282
447 7543 7544 1.09294 0.191107
212 18192 18193 0.782445 0.424393
787 8532 8532 0 0
755 4279 4280 0.865818 0.214986
190 18038 18039 0.503861 0.618906
476 6122 6123 1.65295 0.380629
99 18829 18866 0.48536 0.629908
943 5442 5443 1.74414 0.452984
794 1734 1734 0 0
455 4155 4156 0.385252 1.11227
128 20065 20118 0.858676 0.250688
440 4663 4664 1.00095 0.747747
574 2801 2802 3.18702 0.13862
879 7950 7951 1.1933 1.97805
798 2492 2493 3.36896 0.256334
757 8661 8662 0.320434 0.789018
206 18250 18252 1.2229 0.0460849
129 16076 16076 0 0
597 6454 6455 0.0468422 1.4856
261 19032 19032 0 0
141 19823 19824 0.62547 1.05461
897 7941 7942 0.237664 0.567552
924 2158 2159 0.425789 0.129855
314 14042 14042 0 0
45 19169 19169 0 0
155 19723 19724 1.04729 0.320241
582 8467 8468 3.42579 0.649682
368 16834 16835 0.213289 1.69509
923 1894 1895 0.381523 0.586668
630 8647 8648 1.36172 2.24293
315 17079 17087 0.871431 0.243952
653 6313 6319 2.73626 0.0285585
11 20496 20498 0.18701 1.57396
174 18491 18492 2.25777 0.659814
338 12819 12833 0.499297 0.322911
306 9363 9364 1.32724 2.39646
35 18837 18838 3.06702 7.52751
926 6902 6902 0 0
237 17534 17535 0.470651 0.281587
725 8780 8782 2.2754 2.12365
250 17907 17908 1.42932 0.8402
540 9046 9127 0.204505 1.02278
707 9952 9953 1.11211 1.6187
438 7532 7533 0.266419 0.253928
942 1880 1881 0.391439 0.861372
601 6024 6025 0.270428 0.733378
762 10476 10476 0 0
270 17808 17809 0.404236 1.2996
3 19373 19374 6.50585 0.0947928
587 5035 5036 1.03236 0.782264
886 8188 8188 0 0
359 11349 11350 0.419896 1.15999
589 8104 8164 0.595809 2.75337
945 4952 4953 2.20608 0.282999
140 17508 17521 0.477042 2.92797
944 2130 2392 0.653585 0.64469
600 7392 7393 0.282523 0.976511
806 1030 1031 0.654929 0.813734
4 20396 20397 0.329486 0.447961
813 8060 8061 1.49094 0.436244
904 7852 7853 0.231024 0.199516
37 18836 18837 0.148769 0.52241
424 10203 10497 7.45496 2.461
862 8248 8249 0.0541964 0.535685
33 18761 18762 0.242908 5.88556
732 10467 10468 0.192555 0.739925
207 18250 18252 1.2382 0.0307766
53 17054 17055 0.465256 0.92922
850 2101 2102 1.31882 0.788183
72 21032 21033 2.26591 0.771361
185 16515 16516 0.704513 1.52688
759 9262 9399 0.38336 1.03165
515 4861 4862 0.355273 2.09999
486 8044 8153 0.313068 1.19098
307 17082 17083 0.644444 0.21095
911 7857 7858 0.205271 1.9136
229 18200 18201 0.572012 2.2959
962 4697 4698 0.406454 0.905186
906 201 202 1.43245 0.340986
778 7878 8056 0.820581 0.161159
836 6499 6500 0.885592 1.16974
493 6131 6132 0.775276 0.909037
832 874 914 1.37797 1.30946
159 18452 18452 0 0
218 17784 17785 1.71981 0.376333
416 5999 5999 0 0
776 7864 7878 0.577019 0.896917
683 8748 8749 0.755868 0.653192
2 19084 19087 0.449808 1.30634
94 18750 18755 0.493773 1.14702
462 15821 15822 0.162352 0.982694
105 17095 17096 0.432052 0.834715
231 17933 17936 2.09453 0.402919
828 9041 9042 0.960585 0.67614
896 4069 4070 0.41559 0.201517
333 10298 10299 1.37121 0.30033
170 19293 19304 1.68487 0.632683
629 3856 3881 2.82162 0.538287
479 15037 15038 0.970354 1.43211
293 16324 16325 0.726138 7.4319
890 7945 7946 1.06365 0.195019
126 17377 17379 1.57383 1.78663
680 264 265 5.33563 0.269203
29 18805 18806 1.01327 8.41801
355 11839 11840 2.66487 9.44163
745 9461 9462 0.731825 0.281762
523 10211 10214 10.4866 5.4939
489 14453 14509 1.40922 0.743372
848 8139 8140 1.25068 0.157451
948 4473 4473 0 0
228 17786 17786 0 0
915 7070 7070 0 0
264 17620 17809 2.41943 0.9383
193 16091 16092 0.411187 0.502699
34 18344 18344 0 0
502 5394 5395 3.41025 1.87564
856 820 821 0.850382 0.048371
624 3827 3828 0.306287 0.644371
872 7963 7995 0.646757 0.405623
10 20191 20217 0.98685 0.46085
395 12519 12520 2.47302 2.57311
366 9654 9655 0.100582 0.944719
227 18200 18201 0.0873852 2.78053
876 7322 7326 0.705758 0.82176
831 6558 6559 0.662154 0.681155
487 5475 5476 1.17007 0.571342
241 17284 17285 1.37617 1.21844
599 5087 5088 1.21827 0.658945
957 3292 3292 0 0
578 7053 7053 0 0
430 8021 8022 1.42027 0.773551
967 1827 1828 0.897626 0.407172
176 18774 18775 1.09276 0.444374
685 9436 9437 1.96819 2.0695
560 6058 6059 0.679599 0.837848
336 10286 10287 1.02936 0.739434
720 10463 10464 1.38195 2.13622
50 17049 17050 0.0201087 1.65277
512 7112 7112 0 0
874 6068 6069 0.422316 0.261703
783 8345 8346 3.34523 1.11808
376 16526 16527 1.50678 0.799847
222 17558 17559 0.966658 1.61484
38 18763 18764 1.12458 1.81647
147 16482 16503 4.42891 3.88706
921 5543 5544 0.360026 2.34644
309 14597 14598 0.20307 2.51956
920 5266 5571 0.926901 1.32811
892 7153 7154 3.63339 0.228032
511 6146 6148 0.956131 0.06128
528 6103 6104 0.585593 2.65347
557 4832 4833 0.272852 0.746906
735 8859 8860 0.245113 1.01994
750 9455 9456 1.45199 0.0439608
468 7565 7566 0.472514 0.398617
322 12061 12061 0 0
334 12975 12991 2.06751 0.797331
367 9655 9656 0.369416 0.200067
244 17539 17540 0.747561 0.693982
803 9120 9121 0.0795658 0.228912
650 10623 10624 0.770387 0.27364
796 8345 8346 1.14384 3.31947
65 20550 20550 0 0
291 10778 10779 1.83982 0.069647
902 1021 1022 0.102146 1.10342
234 18199 18200 1.53933 0.919801
47 20371 20372 0.409018 0.251331
277 16705 16788 2.12729 0.789759
535 8798 8799 2.45483 2.77577
669 6243 6244 1.6137 0.16009
331 7271 7272 0.654302 0.0483283
429 15830 15831 0.323926 0.340234
200 18588 18589 1.04239 1.04571
952 241 643 0.245585 0.39134
379 10426 10447 0.285182 0.239083
846 6563 6563 0 0
507 9205 9206 1.44159 2.41464
127 17644 17645 0.36504 1.25222
721 10463 10464 1.86849 1.64969
79 17108 17114 0.882427 0.642933
748 3474 3474 0 0
458 15373 15375 1.04631 0.988023
567 3112 3113 1.88586 0.808962
36 20405 20406 0.54743 0.139597
439 15599 15605 1.1837 0.0616009
398 9222 9318 0.332237 1.15555
539 6368 6369 0.177695 1.51556
772 9162 9260 0.318099 1.83512
594 5038 5039 1.01355 0.323008
81 20975 21027 1.38104 0.242521
858 7207 7208 4.14133 2.12167
103 17541 17542 0.0713995 0.4798
292 12230 12230 0 0
634 11096 11143 2.605 1.00201
257 17255 17256 2.55591 0.0256355
93 17099 17100 0.621438 0.404194
908 5748 5749 1.15354 0.359061
69 20240 20241 0.280901 1.4198
577 11881 12372 0.470625 1.82522
0 17298 17298 0 0
785 8412 8414 0.316293 0.421353
525 8876 8877 6.695 1.18969
116 17517 17518 0.478352 0.862659
232 17536 17537 0.616689 0.41091
733 9563 9564 0.244612 1.89883
696 9485 9486 0.501396 0.897679
435 8383 8384 0.592559 0.181392
144 18045 18060 0.996644 0.436148
266 17905 17906 1.46965 0.568306
195 11936 11945 0.382316 1.43518
588 6053 6111 1.04361 0.133478
576 6061 6062 4.23539 2.53404
63 19639 19639 0 0
243 17852 17853 0.0110875 1.70735
936 7191 7192 0.319459 0.856344
260 17906 17907 0.689764 1.84621
826 9039 9040 1.28346 0.435678
513 6252 6253 2.58454 0.741848
413 5164 5165 0.247879 0.513979
43 11912 11912 0 0
411 6011 6011 0 0
970 2889 2890 1.72356 0.592075
188 15365 15366 7.50842 0.721611
809 8181 8182 0.218195 1.42407
343 16686 16687 0.353747 0.642461
716 9099 9100 1.01327 1.29073
371 11835 11887 0.227575 1.35302
480 9587 9589 0.0360783 0.178396
353 14152 14153 0.364539 2.88521
248 18154 18155 2.74003 0.161492
186 19079 19080 1.24833 1.18996
382 7360 7361 0.473998 3.44785
531 6102 6103 0.144272 1.09658
573 6468 6469 2.03681 1.02477
446 4641 4642 0.692736 0.513923
795 8060 8061 0.601686 1.32549
201 18757 18758 0.424587 0.204436
329 11877 11878 7.62042 1.20677
883 6613 6614 0.33071 1.96308
558 12055 12073 0.324079 0.270761
946 4895 4895 0 0
16 17451 17453 2.04593 0.422351
74 17115 17116 0.160498 2.542
899 7021 7066 0.922268 1.09948
387 10692 10693 15.232 0.30115
555 13790 13791 0.0346173 0.194787
55 20557 20558 1.13367 0.608619
51 20096 20097 1.21731 0.111624
151 17490 17491 0.93777 0.389211
744 8526 8527 0.0896398 0.755073
775 9105 9105 0 0
938 1888 1888 0 0
162 14986 14999 3.16387 0.339185
866 7205 7206 0.0311749 0.953037
823 9041 9042 0.3145 1.32223
800 8183 8345 1.80022 0.916943
722 7869 7870 0.110264 0.912011
171 17488 17557 1.31381 0.530976
28 17387 17388 7.82421 4.16598
617 6152 6153 1.24397 9.26176
104 19223 19223 0 0
551 4841 4842 0.370978 0.370322
139 18125 18126 0.515282 0.851921
75 21033 21034 2.23401 0.5748
583 5041 5041 0 0
726 8822 8855 0.673601 1.64416
335 16376 16377 0.497777 0.306451
393 11208 11209 0.193414 0.570391
671 9058 9071 0.0302658 1.80701
316 12793 12794 0.00845375 7.50521
400 5626 5689 1.23094 0.164036
741 8697 8698 0.848712 0.969688
662 7078 7079 7.69125 2.07513
865 8312 8312 0 0
706 4293 4294 2.06791 0.438233
19 18858 18859 0.286538 0.801775
614 10699 10700 0.169647 0.833901
426 726 1017 1.49716 1.98125
830 9371 9704 0.195446 0.594674
294 13039 13039 0 0
165 17864 18020 2.48831 0.114817
676 9441 9471 0.887339 0.217263
918 862 863 0.798014 2.36825
326 10305 10306 0.921099 0.110859
32 18761 18762 0.181924 5.94654
960 4691 4692 1.02354 0.124209
569 6060 6061 5.71103 1.32809
246 17852 17853 0.86038 0.858059
83 17684 17685 1.6108 1.26415
595 8636 8657 0.869972 0.2422
454 4645 4646 0.819427 0.447037
544 9925 10168 0.676476 0.396463
60 18746 18751 0.821917 2.60135
640 8240 8241 3.14595 0.472441
31 20429 20430 0.546297 0.672172
80 18785 18786 0.359601 1.93498
665 9938 9938 0 0
705 3887 4107 0.234902 1.22643
527 7614 7615 0.357293 0.705884
71 17798 17896 0.905291 0.836958
5 18835 18867 0.500826 4.4608
689 10455 10518 0.0699614 1.6046
101 17096 17097 0.763906 0.327225
444 4668 4669 0.814828 1.03393
263 17620 17809 2.35267 1.00506
554 6475 6476 2.62439 0.834355
175 18491 18492 2.27107 0.646521
914 1109 1110 0.206465 1.21291
694 6676 7006 2.51188 4.64121
559 9330 9341 0.101353 2.22534
256 17619 17620 0.544685 0.481577
966 1589 1590 0.821853 0.251929
881 7293 7294 1.14786 0.57064
259 18686 18687 0.381978 0.55144
219 18415 18416 1.23394 1.01164
736 8341 8342 0.639908 0.0202684
553 5765 5767 0.424113 1.05873
57 16291 16296 0.605705 3.12759
289 17240 17241 0.999183 1.76097
385 9254 9255 0.247015 1.46006
351 11372 11373 5.40059 9.58901
389 11562 11563 6.94797 2.19586
684 2050 2051 1.9024 0.501898
483 10445 10446 2.81553 0.00950289
431 2777 2777 0 0
743 7795 7823 2.54749 0.45148
621 4365 4366 0.165051 0.310316
62 18268 18280 0.918816 3.66785
522 9197 9272 0.378471 0.634225
305 15504 15505 0.219691 2.10379
412 15855 15856 0.352547 2.13393
506 6140 6141 0.26399 0.0346771
12 20330 20331 0.556207 0.239152
931 6893 6894 0.470983 0.155983
648 10121 10122 2.1061 1.36269
799 8350 8351 0.785275 0.707595
210 18166 18167 1.35512 1.64275
17 14587 14588 2.59138 1.92028
436 10201 10202 2.28515 4.64322
643 8244 8245 0.728543 0.359879
625 5257 5369 2.34296 1.81509
401 6795 7510 0.259073 0.969836
403 10888 10900 1.36486 1.65489
760 8521 8522 0.485404 0.288948
122 19225 19226 3.54389 0.292553
664 11210 11211 0.244926 2.70195
660 7931 7991 0.493879 0.874038
375 9919 9920 1.49957 0.85678
898 6952 6953 1.35568 0.496425
342 12783 12784 0.156885 2.36195
514 7113 7114 0.29186 0.449449
337 13920 13921 0.498413 1.84352
456 15228 15237 0.553069 0.458636
242 17852 17853 0.758708 0.959731
737 8699 8700 0.374883 0.817728
521 6251 6252 0.1687 0.571971
178 16599 16600 1.74065 0.108726
842 9373 9374 1.17596 0.206176
52 15386 15387 0.182101 1.31306
941 5600 5606 0.277526 1.22658
384 11933 11934 0.856806 1.65592
347 12072 12080 0.149451 1.46461
441 5984 5985 2.28728 1.05589
954 2113 2113 0 0
460 7555 7798 0.0410698 0.973457
870 7725 7726 0.224199 0.798457
747 8696 8696 0 0
349 11384 11385 4.68146 3.38182
166 17629 17763 1.67663 0.431579
281 16551 16557 0.749933 0.877532
749 7795 7823 0.859481 2.13949
296 16576 16577 0.213502 0.92067
275 17804 17805 1.39807 0.947329
204 18395 18398 2.04301 0.938162
536 6364 6365 1.06205 2.83014
746 8856 8857 2.13827 0.0978029
339 11378 11379 8.00625 1.36374
586 4212 4213 0.305652 0.327665
611 6633 6634 0.505466 0.723025
223 18200 18201 1.50006 1.36786
319 8833 8833 0 0
406 6009 6010 1.27355 0.470553
215 18416 18417 0.816466 1.82223
793 8057 8058 1.06123 0.814007
115 18516 18517 5.50742 3.32913
838 8747 8747 0 0
869 8031 8031 0 0
935 6902 6903 0.914515 1.01805
797 8345 8346 0.165103 4.29821
124 18592 18593 2.94607 5.29084
466 1184 1431 1.67141 1.12972
312 12321 12322 0.475089 0.479396
686 8102 8103 0.287516 0.401813
470 853 945 0.836838 0.0756568
311 10324 10324 0 0
912 7071 7072 3.80724 1.87127
609 1902 1903 1.66748 2.91869
85 20510 20511 0.403567 0.571012
654 10608 10608 0 0
639 2302 2302 0 0
88 20804 20820 0.686796 0.941608
913 6943 6944 1.57984 0.587577
635 11081 11095 1.56203 0.15982
422 5705 5706 0.417179 0.81958
386 11203 11205 5.03313 2.50536
443 7538 7539 0.841413 0.672537
638 8241 8242 3.62437 1.02703
691 9156 9156 0 0
268 18378 18433 0.940037 0.347024
656 11082 11088 0.474424 0.331235
459 10663 10677 0.070564 0.416195
164 13455 13509 0.468392 0.626842
961 4482 4484 0.354834 0.60911
637 1661 1664 1.20302 0.145043
477 15038 15039 1.15888 1.42086
739 8858 8859 0.406484 1.83546
880 5744 5744 0 0
467 6816 6816 0 0
633 10804 10804 0 0
217 18417 18418 0.163772 2.22077
249 17044 17045 1.17894 0.0926179
498 14410 14411 1.23884 0.155306
20 18933 19199 6.00211 3.6868
59 20554 20555 1.33617 0.207203
89 18236 18248 5.11281 0.505235
930 6169 6169 0 0
442 7535 7536 0.515746 1.33625
233 15863 15864 0.547046 3.87154
688 9545 9547 0.49203 0.449285
955 1683 1684 1.77276 0.474987
900 7851 8152 0.103856 1.75707
100 20140 20141 0.992018 0.23473
825 6904 7062 3.54596 1.10898
179 18034 18035 0.555386 0.18727
428 11246 11247 0.219536 0.154617
332 13234 13235 0.288688 0.643318
130 19996 19996 0 0
344 11375 11376 0.354343 0.546801
891 1408 1408 0 0
224 16533 16534 1.34353 0.810875
907 7063 7156 0.576132 0.228231
154 13301 13302 0.382256 0.28927
529 8876 8877 3.56906 4.31562
801 7163 7164 1.04541 1.08967
478 14158 14183 1.25573 2.09214
963 1611 1660 2.02834 1.4529
868 9 36 1.45128 0.560557
804 9899 9899 0 0
548 12866 12867 2.72422 0.443555
194 19032 19033 1.8796 0.0141423
346 13619 13641 1.0245 0.897968
492 14733 14734 1.20414 1.16088
131 17522 17523 0.303857 0.535806
754 8523 8524 0.757093 0.441039
598 10689 10690 0.036496 0.515554
852 9386 9386 0 0
627 7485 7673 5.78402 1.5827
209 17486 17487 1.39299 1.07356
137 19847 19883 0.55628 0.528978
265 17905 17906 1.84562 0.192338
561 8811 8812 1.37467 0.245006
308 9359 9359 0 0
484 4872 4873 0.677734 0.78727
610 6633 6634 0.57897 0.649521
570 4828 4828 0 0
711 9952 9953 0.458506 2.2723
269 17905 17906 0.415223 1.62274
297 12296 12297 0.25634 0.679893
184 17693 17694 2.58813 0.297858
532 3230 3230 0 0
114 17407 17408 1.53246 4.82286
271 17807 17808 1.33726 0.181854
651 10836 10853 0.353324 0.442057
405 5722 5723 0.329771 0.582221
360 9591 9591 0 0
889 7155 7289 0.527671 1.47657
681 9838 9839 0.345988 0.793632
98 15302 15303 0.149649 11.9218
780 8346 8347 0.916044 1.5848
414 15824 15825 0.876796 0.582038
118 20229 20232 0.604073 0.542219
280 14765 14820 0.362479 0.0373082
546 6084 6085 0.730292 0.778145
593 10908 10909 0.170297 0.190834
167 19391 19392 0.0902458 1.05247
556 7603 7604 0.249024 2.62121
901 1919 1920 0.826481 0.338527
383 6354 6355 0.0513956 0.460528
112 20579 20580 1.02782 0.321727
526 890 1213 0.145859 1.29874
533 8476 8477 6.44438 0.132204
255 17704 17705 0.586169 1.30766
877 8299 8300 0.344013 0.37685
199 18626 18627 0.366508 1.02634
910 591 861 0.211466 2.40496
821 9043 9044 0.755268 1.09351
220 17924 17925 1.30769 0.320609
325 10737 10738 0.0204752 0.865556
317 16679 16703 0.372494 2.71949
157 19152 19152 0 0
97 17097 17098 1.65471 0.0719849
606 2165 2166 0.693013 2.15384
537 1303 1430 0.740095 2.49517
433 9290 9290 0 0
236 17933 17944 0.954813 1.00199
287 14757 14758 0.921905 2.86293
324 8110 8111 1.78591 0.959967
425 5704 5705 0.116199 1.41305
697 9064 9095 0.0676918 1.1751
437 7533 7534 0.68514 0.586592
427 4650 4651 0.858448 0.212911
964 1811 1812 1.53141 0.70907
495 7408 7746 0.178826 0.513876
519 6799 6800 0.016225 1.06114
727 9695 9696 0.0194119 1.84315
278 13197 13197 0 0
369 11351 11352 1.64807 6.16706
143 16485 16486 0.396973 1.11203
348 12822 12823 7.93785 1.01271
258 17043 17044 0.245378 2.21563
399 12983 13098 1.09155 0.930269
148 17959 17984 0.80672 0.834447
626 10194 10205 1.31839 0.0770484
44 19167 19168 1.89534 0.486034
160 16507 16508 0.315521 3.618
824 8823 8824 0.0450062 0.142411
642 5945 5946 3.12567 2.73583
177 16514 16514 0 0
712 8090 8091 0.0484786 0.952051
575 2801 2802 2.73684 0.588799
508 8874 9205 0.336501 0.411003
497 13364 13365 0.478519 0.845967
373 11146 11147 0.544936 0.922806
214 15333 15368 3.21533 0.0964122
607 6163 6325 0.0308163 2.46807
370 9605 9606 1.1011 0.241696
730 8862 8863 0.925504 0.413999
756 9456 9457 0.372365 1.26406
341 16883 16893 0.583705 0.593802
949 1871 1872 0.622139 1.56383
474 7026 7027 1.28482 1.7642
451 7984 7985 1.07008 0.126618
864 4708 4709 0.32353 3.17304
192 17729 17730 1.30208 1.90594
552 4962 5070 0.513544 0.473499
677 5357 5358 0.453396 0.40259
56 17023 17024 0.56685 0.261647
703 259 260 4.75359 0.195661
135 15626 15626 0 0
953 3980 3980 0 0
922 7304 7305 0.83585 0.310691
564 6471 6472 0.405847 2.44411
390 8620 8620 0 0
767 8533 8534 1.30483 0.544979
843 6927 6928 0.323671 2.41141
819 8184 8185 0.163809 2.71458
303 16581 16582 2.01428 0.51272
150 18043 18043 0 0
814 8184 8185 2.27792 0.600477
929 7142 7143 0.145342 1.10236
734 3275 3276 3.74672 0.443595
714 9715 9716 0.76728 1.33252
407 6005 6006 0.373709 1.46381
434 11242 11243 0.421486 0.36528
538 3144 3144 0 0
469 7807 7808 0.265363 1.63808
602 8653 8656 0.0649741 1.1744
710 10430 10431 0.817714 0.396175
568 1423 1424 0.500051 7.11837
673 5934 5934 0 0
273 18422 18423 0.483634 1.40654
397 5624 5624 0 0
887 7947 7948 0.225383 0.274533
402 4955 4956 0.157596 0.722075
142 17713 17714 0.753073 1.84293
645 5949 5950 1.17654 0.168232
698 9843 9844 0.185084 2.36861
855 9378 9379 0.750401 1.09925
652 8786 8795 1.44912 0.431795
509 9567 9568 1.72214 1.02388
715 7298 7300 0.120121 0.877628
15 20714 20715 0.508885 0.541848
770 8355 8355 0 0
812 8185 8186 0.471079 1.34065
109 18866 18866 0 0
530 14004 14005 0.719998 1.23797
661 9940 10121 2.71665 2.3357
937 6994 6994 0 0
238 17788 17789 0.81902 0.325693
298 14600 14600 0 0
542 5630 5631 0.845665 1.00219
152 16504 16505 0.52572 2.65619
885 6960 6986 0.511121 1.93499
40 20012 20013 0.797067 0.393071
191 14949 14950 0.618657 1.51122
96 17815 17816 0.611445 0.689561
13 20098 20115 0.386271 8.00078
30 18767 18825 0.0466124 2.07592
591 527 527 0 0
817 10545 10546 1.81049 1.75295
419 5706 5707 0.114583 0.190838
719 8086 8087 0.585217 0.888937
940 6987 7003 1.01769 0.387804
133 18970 18971 0.617882 0.0373409
494 6810 6810 0 0
829 6904 7062 0.533144 4.1218
752 4253 4254 10.4642 5.04729
909 5567 5568 0.335482 1.77296
667 9939 9939 0 0
138 15993 15994 0.413994 1.71062
815 7059 7060 0.356059 0.301518
9 20789 20790 2.11246 0.698611
959 3225 3225 0 0
318 12142 12241 3.09735 1.97148
145 17489 17529 1.41456 0.685725
501 7419 7420 0.0270182 0.435042
284 17215 17237 0.145338 3.16709
208 15786 15787 0.680572 0.739491
934 5916 5954 0.60386 0.315844
26 18821 18822 0.589765 0.328575
239 17788 17789 0.787542 0.357171
841 8765 8792 0.92214 0.532242
579 8191 8471 1.85598 0.503722
202 17486 17486 0 0
632 10127 10127 0 0
77 13782 13782 0 0
391 11573 11574 0.373015 0.366944
549 5399 5400 0.822333 0.0660818
861 8055 8105 0.40116 2.853
524 7618 7618 0 0
125 16767 16768 0.491113 0.896747
123 17065 17066 0.998975 0.618194
510 7106 7107 0.746487 0.205668
788 8345 8346 0.879675 3.58363
364 9647 9648 1.11172 1.86362
644 4453 4544 9.00745 5.1451
791 8346 8347 2.21715 0.2837
39 18339 18340 0.718203 4.08457
562 1423 1424 4.63536 2.98306
285 16952 16953 1.71332 0.348569
894 6078 6078 0 0
765 9261 9262 0.00644946 0.831512
641 4562 4563 0.29661 1.14049
6 20862 20869 0.30324 0.962459
500 13906 13907 0.312888 0.687914
919 6941 6942 0.914073 0.867755
107 17095 17095 0 0
187 17692 17730 0.676752 0.356074
613 6150 6151 1.20106 2.18844
933 6894 6895 1.09205 0.838404
917 7315 7329 0.419627 1.82972
282 18076 18077 0.0713593 2.62833
73 17115 17116 1.79653 0.905963
670 7875 7876 0.232406 1.4148
95 16184 16185 0.583638 1.40188
230 18200 18201 0.167125 2.70079
636 4730 4749 0.297118 0.323592
701 5069 5073 0.869342 0.157556
647 6727 6728 1.03902 0.773348
169 17510 17511 2.0886 0.912509
777 8412 8532 0.52946 0.654657
496 13411 13511 0.742615 0.03909
708 6271 6272 0.790627 0.173885
213 18195 18196 0.236843 1.24037
49 16956 16957 0.929461 0.877184
871 6932 6933 0.418372 1.8802
516 5663 5664 1.53184 0.333652
87 19381 19382 1.37799 0.647204
596 6025 6026 4.50884 0.0238471
320 12076 12077 0.266825 0.255517
905 6623 6623 0 0
781 8345 8346 2.3277 2.13561
857 868 869 0.0818881 3.11341
272 18423 18676 1.211 4.08258
180 18428 18429 0.46931 1.20917
21 18841 18842 1.92328 3.95423
418 12424 12425 0.507942 0.710082
619 3201 3201 0 0
668 8843 8844 0.332919 0.308039
381 9669 9670 0.0984472 1.00147
490 2532 2532 0 0
860 411 412 0.107458 1.03716
784 1730 1731 1.09519 1.83336
295 17304 17334 1.12382 1.08518
340 11380 11381 0.42053 0.411215
301 17220 17221 0.528893 1.78994
916 6180 6934 0.227243 1.04093
1 17297 17298 0.847935 0.307603
491 13903 14177 0.384987 2.47468
753 4737 4753 0.936185 7.55903
699 10036 10037 0.390288 0.573946
18 18933 19037 0.423781 4.89135
452 8202 8203 0.304883 0.961384
254 17705 17705 0 0
78 20506 20513 0.498302 1.21969
197 17417 17418 0.671392 0.972719
543 5635 5635 0 0
958 3366 3367 0.302796 0.228311
432 8019 8020 2.23662 2.34958
66 19871 19872 0.966028 0.16253
837 8850 8851 0.70135 0.0693744
792 7214 7220 1.03557 1.19427
310 7459 7460 0.471623 0.140593
388 12084 12238 0.903485 0.664993
604 11619 11619 0 0
751 3961 3962 6.34582 1.05986
659 7931 7991 0.550762 0.817156
723 9694 9695 2.12856 0.144992
134 15993 15994 0.302313 1.8223
356 9915 9915 0 0
465 9846 9847 2.30867 0.340192
354 10261 10262 0.10236 0.713687
608 459 459 0 0
704 4534 4535 0.286717 3.97641
581 6533 6533 0 0
485 7025 7095 1.32018 0.307087
585 10914 11632 0.386563 1.23467
605 6325 6326 0.333106 2.19437
67 15332 15338 1.11383 0.260026
590 6030 6031 1.59063 0.344339
120 20384 20385 0.394197 0.111811
690 9486 9487 0.197047 0.797823
132 17719 17747 1.27297 0.528786
205 17278 17279 0.762414 0.747127
449 10859 10884 0.272758 0.238038
247 17907 17908 1.48107 0.788449
790 8346 8346 0 0
818 913 1027 0.490978 1.81769
108 17754 17762 2.82475 1.67317
563 7601 7601 0 0
541 5628 5629 0.218817 0.628675
106 19757 19843 0.888324 1.10043
420 5158 5159 0.310482 1.3076
738 1163 1168 0.545911 0.598211
463 3673 3679 0.347318 0.525098
22 18965 18968 0.160148 0.19096
473 15225 15226 1.25557 1.78723
728 10466 10467 1.13554 1.89052
372 9590 9591 0.210051 0.941312
445 12182 12240 0.591895 0.189561
520 14361 14361 0 0
655 10840 10841 0.182202 2.25097
198 17687 17688 0.240196 1.2953
70 21042 21043 0.197777 0.211607
851 8866 8867 0.69569 2.67327
679 11226 11227 1.0733 0.232291
687 11227 11227 0 0
925 7148 7148 0 0
365 9647 9648 1.03219 1.94315
423 502 503 0.287726 0.355789
153 17738 17739 2.80247 0.191601
421 15852 15853 0.279394 3.20086
878 5744 5745 0.950107 0.323782
392 11208 11209 0.201963 0.561842
410 10899 10900 2.68535 2.23189
475 14826 15039 0.531663 0.494759
235 18199 18200 1.3987 1.06044
717 10466 10466 0 0
357 16824 16825 1.92804 0.29172
950 2598 2599 0.304687 0.81444
82 20255 20256 3.81347 0.102173
939 6878 6879 0.129934 1.28977
302 10963 10964 0.178734 0.459172
580 7633 7633 0 0
172 13326 13368 2.09495 0.515915
457 9145 9316 0.879917 0.536719
761 7849 7849 0 0
408 5168 5169 0.617212 1.08131
453 8200 8201 1.14859 0.667201
415 6713 6714 2.24867 0.439428
90 19904 19905 0.103495 1.40938
724 9017 9100 2.0525 1.20275
503 9574 9575 0.56897 0.679329
158 16783 16784 0.233402 1.915
584 7506 7507 2.00682 1.53836
225 17924 17935 0.323119 0.253217
807 8182 8183 1.45191 0.711128
409 10532 10592 0.647395 0.795938