173 18328 18329 1.56757 0.410307 -118.07 33.9258
519 9586 9587 0.253374 0.610769 -120.606 37.3517
735 8118 8181 0.262636 0.837171 -122.335 37.9533
178 17313 17313 0 0 -118.095 34.1683
583 10689 10694 1.24702 1.3301 -121.415 36.8531
711 8327 8327 0 0 -122.253 37.8719
664 7990 8090 1.12816 0.250496 -122.033 37.9833
111 17790 17939 1.51334 1.65132 -117.808 34.0406
480 10854 10855 2.6795 1.88035 -119.771 36.7847
290 17907 17908 2.07774 0.191772 -118.284 34.0378
681 7994 8003 0.471013 0.240466 -122.131 38.0064
310 17256 17257 0.157203 1.5928 -118.304 34.1836
242 17933 17936 2.05814 0.439303 -118.207 34.0425
262 17285 17286 0.364823 1.2848 -118.239 34.1531
579 6453 6454 2.1444 0.218586 -121.352 38.6344
353 17063 17131 0.447819 1.38019 -118.396 34.2403
402 17041 17240 2.03933 1.13314 -118.608 34.2203
710 8533 8534 0.391084 1.45872 -122.253 37.7631
68 19530 19548 1.66792 0.379664 -117.244 33.3797
703 9454 9455 0.83511 2.10126 -122.223 37.4647
767 8513 8514 0.483667 1.36201 -122.438 37.7847
520 14161 14162 0.280296 2.68777 -120.634 35.4639
62 20278 20279 0.325387 0.749444 -117.222 32.8792
184 18396 18397 1.72083 0.252053 -118.106 33.905
260 18425 18425 0 0 -118.238 33.895
555 5736 5737 2.80998 0.336957 -121.103 38.9383
97 17771 17772 1.0336 0.429038 -117.641 34.0692
509 15228 15236 1.04535 1.01191 -120.441 34.9439
367 17802 17810 0.846119 1.30932 -118.443 34.065
675 9015 9016 0.796293 1.49716 -122.088 37.6322
324 18153 18154 2.22667 0.927681 -118.331 33.9603
813 6956 6986 0.401216 2.04647 -122.725 38.4547
757 8513 8514 1.50036 0.345314 -122.426 37.7875
599 5257 5369 3.00012 1.15793 -121.593 39.1383
516 945 946 0.561527 1.48568 -120.545 41.48
378 17802 17810 1.69311 0.462336 -118.462 34.0583
742 9044 9044 0 0 -122.382 37.5914
416 17080 17081 2.02427 0.413953 -119.019 34.2444
281 18152 18283 0.635199 0.915141 -118.273 33.9561
70 17754 17762 1.51568 2.98224 -117.249 34.0503
136 18482 18483 1.86363 2.62927 -117.932 33.8478
545 8876 8882 4.33424 0.466196 -120.99 37.6436
131 18739 18740 0.0847855 0.46235 -117.917 33.7775
212 15860 15861 1.09599 0.277418 -118.157 34.6886
607 11096 11143 0.371921 3.23508 -121.645 36.6592
737 8184 8185 2.70445 0.173946 -122.356 37.9244
679 8700 8716 0.50727 0.399208 -122.116 37.7083
654 9842 9843 1.91795 0.30422 -121.978 37.3411
596 3825 3825 0 0 -121.57 39.7569
204 15786 15788 0.249439 0.0859048 -118.146 34.6789
101 17606 17625 0.345656 0.157665 -117.662 34.0992
470 16479 16528 0.220301 0.317698 -119.717 34.4292
231 18611 18612 0.496318 1.37126 -118.192 33.8069
181 18054 18055 2.07698 1.12182 -118.1 34.015
277 17706 17707 0.305633 0.83545 -118.268 34.0747
43 20393 20521 1.8038 0.0907063 -117.152 32.7972
51 17100 17100 0 0 -117.168 34.2656
831 1826 1827 1.80364 0.437007 -124.139 40.7883
766 8513 8514 0.507727 1.33795 -122.438 37.7847
728 9446 9447 2.25551 1.14866 -122.286 37.4739
236 17559 17639 0.114085 1.84707 -118.2 34.0967
309 17704 17705 0.273093 1.62074 -118.303 34.0894
3 20862 20869 0.686406 0.579293 -115.49 32.6786
569 8191 8471 1.63548 0.724218 -121.284 37.8864
619 6313 6319 2.0715 0.693327 -121.777 38.6819
13 14627 14628 0.265718 0.332767 -116.687 35.2656
444 12094 12094 0 0 -119.341 36.1958
221 15860 15861 0.839687 0.533717 -118.172 34.6808
228 18611 18612 1.01171 0.855867 -118.186 33.8083
694 9460 9461 0.22621 0.661664 -122.175 37.4411
109 17779 17780 2.26781 0.0661299 -117.752 34.0639
661 10427 10428 0.388 0.627916 -122.016 36.9919
656 10433 10434 0.674353 2.79417 -121.981 37.0464
682 8004 8005 0.102986 1.24796 -122.132 38.0078
612 6672 6731 0.141647 1.48247 -121.753 38.5444
224 17869 17925 1.18232 0.201835 -118.181 34.0467
38 21033 21034 2.33896 0.469846 -117.09 32.6386
623 11148 11148 0 0 -121.795 36.6422
400 14757 14758 1.67569 2.10915 -118.559 35.23
144 18615 18615 0 0 -117.966 33.8186
648 7093 7093 0 0 -121.951 38.3558
471 16479 16481 0.511785 2.35864 -119.721 34.43
107 17663 17664 0.229318 0.495159 -117.749 34.0767
172 18626 18627 0.525515 0.867337 -118.066 33.8044
418 12321 12322 0.111975 0.84251 -119.027 36.0692
783 8447 8472 0.0572273 0.0801594 -122.455 37.7867
701 8521 8522 0.412918 0.361434 -122.221 37.7939
291 17704 17705 1.79124 0.102584 -118.284 34.09
345 17806 17807 0.599271 0.464539 -118.367 34.0728
771 8513 8514 0.409069 1.43661 -122.439 37.785
138 17729 17730 2.26543 0.942593 -117.944 34.0714
69 19530 19548 1.627 0.420594 -117.244 33.3808
174 18588 18589 1.28767 0.800428 -118.079 33.8336
554 5736 5737 2.24103 0.90591 -121.1 38.9453
611 8795 8795 0 0 -121.753 37.6175
819 1894 1895 0.431425 0.536765 -122.938 40.7381
195 17278 17279 1.19666 0.312879 -118.13 34.1808
301 17704 17705 0.694091 1.19974 -118.293 34.0958
49 20804 20806 0.815753 0.141831 -117.162 32.7267
4 20228 20288 1.21441 0.359064 -115.553 32.9589
670 8209 8273 0.177673 1.08438 -122.058 37.8914
406 16939 16940 1.59173 0.452415 -118.761 34.2689
99 19721 19722 1.13009 0.299653 -117.649 33.4569
98 14986 14999 3.08532 0.417733 -117.648 35.0072
568 6066 6110 0.56035 0.562678 -121.27 38.7408
637 11226 11227 0.843802 0.461792 -121.895 36.5956
457 11349 11350 0.437423 1.14246 -119.548 36.5133
17 18268 18280 3.80176 0.784901 -116.945 33.9322
193 18250 18400 0.696183 1.02886 -118.13 33.9342
81 19228 19229 0.954424 0.459887 -117.289 33.6311
227 17951 17952 0.285492 0.665869 -118.186 34.0192
653 7138 7138 0 0 -121.977 38.3289
108 17779 17780 2.31289 0.0210488 -117.751 34.0647
547 8806 8882 4.18259 1.01165 -121.005 37.6444
431 17208 17208 0 0 -119.196 34.1517
521 14509 14834 0.453519 3.09174 -120.643 35.2758
449 11384 11385 4.02979 4.03349 -119.379 36.5461
590 6652 6653 0.964694 0.242806 -121.451 38.57
777 8499 8500 0.385296 0.789592 -122.441 37.7739
384 17154 17155 1.56042 0.637932 -118.482 34.2467
638 11226 11227 0.284777 1.02082 -121.907 36.6186
526 2532 2533 0.617308 0.307246 -120.666 40.4064
727 9160 9161 0.7832 0.886637 -122.281 37.5158
492 5691 5692 0.906562 0.234193 -119.997 38.9117
768 8513 8514 0.470428 1.37525 -122.438 37.7883
669 7258 7259 0.29048 0.0570942 -122.054 38.2622
507 15239 15269 0.159231 0.199095 -120.429 34.9378
765 8516 8517 1.05331 0.113046 -122.437 37.7753
182 17743 17744 2.25374 0.444691 -118.105 34.1006
104 17629 17763 1.13463 0.973582 -117.693 34.0792
171 18362 18363 0.428259 0.314618 -118.063 33.9108
91 18299 18303 0.856488 0.142351 -117.438 33.9267
404 17300 17301 0.797022 1.35202 -118.635 34.1575
72 17754 17762 0.21041 4.28751 -117.263 34.0497
321 17620 17809 1.86022 1.49751 -118.324 34.0967
57 17766 17766 0 0 -117.204 34.0367
30 20125 20253 2.19726 0.476624 -117.056 32.9992
716 8532 8533 0.12902 1.54986 -122.258 37.7969
198 18399 18521 2.78891 1.412 -118.132 33.8542
511 3673 3679 0.734418 0.137998 -120.462 39.8056
458 12253 12254 0.786151 0.419199 -119.563 36.1003
42 20571 20572 0.948919 0.0356736 -117.144 32.7558
683 8698 8699 0.310519 0.684553 -122.142 37.7131
349 17805 17806 0.857073 0.262384 -118.38 34.0758
139 18482 18483 3.02729 1.46561 -117.944 33.8511
833 1827 1828 0.0553053 1.24949 -124.141 40.7839
397 17246 17247 1.22531 1.06284 -118.531 34.17
14 17052 17053 0.357224 0.245236 -116.888 34.2464
247 17783 17936 0.381775 0.419175 -118.212 34.0522
800 7708 7725 1.31018 0.121016 -122.579 38.0975
317 18154 18155 0.103439 2.79808 -118.319 33.9603
211 17485 17486 0.861243 1.41483 -118.152 34.1333
732 8058 8059 0.245372 0.381368 -122.3 37.9969
513 9836 9847 1.73019 0.44137 -120.477 37.3125
376 17156 17156 0 0 -118.456 34.2203
119 18703 18732 1.18743 0.047653 -117.862 33.7817
794 7934 7934 0 0 -122.519 38.0025
143 18038 18038 0 0 -117.964 34.0197
312 18154 18155 1.28674 1.61478 -118.306 33.9583
410 14157 14300 0.125554 3.76042 -118.966 35.3914
248 18199 18200 2.34006 0.119074 -118.213 33.9514
200 17875 17876 0.673209 0.707565 -118.137 34.0494
285 17705 17706 1.18115 0.513554 -118.279 34.0719
594 4300 4300 0 0 -121.54 39.5067
427 17067 17070 0.332615 0.831299 -119.157 34.2183
668 7288 7298 1.15613 0.55591 -122.048 38.2508
633 7875 7879 1.34069 0.387233 -121.869 38.0072
362 18073 18073 0 0 -118.425 33.9978
733 1028 1029 10.4954 0.182309 -122.32 41.3183
614 10606 10624 0.429536 1.59752 -121.763 36.9281
96 17502 17605 1.01881 0.532525 -117.637 34.1014
636 8752 8752 0 0 -121.881 37.7044
155 18614 18635 1.19669 0.180358 -117.996 33.8014
508 15228 15236 1.00961 1.04765 -120.44 34.9439
230 17559 17559 0 0 -118.188 34.0839
392 16964 16965 0.330186 0.846857 -118.503 34.2597
753 8663 8664 0.0473854 1.61147 -122.42 37.7472
90 17712 17713 1.34911 2.36315 -117.433 34.0733
618 6659 6660 1.34111 0.628152 -121.771 38.5622
117 18428 18429 0.0906636 1.58782 -117.842 33.8869
775 8513 8514 0.285114 1.56056 -122.44 37.7858
702 9261 9262 0.293342 0.544619 -122.222 37.4889
463 11834 11835 1.4139 0.00246191 -119.645 36.3358
74 17379 17495 1.04581 0.902072 -117.268 34.1286
758 8515 8516 0.826268 0.322491 -122.428 37.7825
141 14949 14950 0.600002 1.52988 -117.959 35.1328
58 17407 17408 5.0948 1.26052 -117.213 34.1381
106 19375 19393 0.308814 1.53105 -117.74 33.5008
641 11228 11229 0.348803 0.0967252 -121.912 36.5786
791 8763 8764 1.03184 0.139251 -122.476 37.7567
806 6961 7200 0.623625 0.946833 -122.663 38.4414
422 12337 12338 2.57313 0.258286 -119.041 36.0511
792 9377 9378 0.104489 0.961526 -122.506 37.5275
387 18012 18013 0.357869 1.09195 -118.485 34.025
564 2801 2802 2.50888 0.816757 -121.234 40.3058
282 17854 18148 1.563 0.41289 -118.274 34.0244
326 16896 16897 0.59643 0.233789 -118.334 34.2739
667 7257 7258 2.88251 0.0449514 -122.047 38.2617
180 17690 17744 2.64045 0.182848 -118.098 34.0997
396 16694 16694 0 0 -118.527 34.3775
580 7040 7050 2.43119 0.112022 -121.359 38.4131
112 18491 18492 2.91627 0.00131869 -117.817 33.8539
425 12070 12075 1.00306 0.192008 -119.095 36.2133
351 18423 18676 0.540865 4.75271 -118.394 33.8686
565 8433 8464 1.85209 1.92181 -121.244 37.7986
122 18918 18919 0.0665696 3.6633 -117.884 33.7108
35 20969 20970 2.49127 0.121896 -117.082 32.6853
296 18152 18155 1.13814 0.159178 -118.287 33.9603
736 8181 8181 0 0 -122.346 37.9447
834 337 337 0 0 -124.202 41.7478
170 18626 18627 0.516054 0.876798 -118.063 33.8033
829 1610 1662 1.02299 0.878239 -124.09 40.8964
826 3169 3225 1.64085 2.02242 -123.791 40.1017
377 16882 16890 0.167392 1.03168 -118.458 34.2806
207 18399 18521 2.08805 2.11287 -118.148 33.86
643 9837 9838 0.319729 0.767638 -121.932 37.3147
592 6662 6663 1.22029 0.541211 -121.457 38.5564
562 8424 8425 0.398935 0.203072 -121.197 37.8017
77 17377 17379 2.72839 0.632067 -117.277 34.1344
609 10085 10120 0.550429 0.911113 -121.647 37.1528
496 10532 10592 0.839266 0.604067 -120.063 36.9592
160 18178 18179 1.61451 1.5738 -118.029 33.9819
330 18153 18154 0.922603 2.23174 -118.344 33.9667
240 18414 18419 1.22099 0.243935 -118.206 33.8714
146 17637 17638 0.749371 0.415692 -117.969 34.1294
761 8517 8517 0 0 -122.433 37.7681
640 11230 11231 0.462121 0.11761 -121.912 36.5622
659 5073 5119 0.701471 0.625733 -122 39.2069
529 7106 7107 0.146791 0.805364 -120.766 38.3522
251 17933 17936 1.35215 1.14529 -118.216 34.0386
222 18195 18196 0.811072 0.66614 -118.175 33.9692
803 7297 7297 0 0 -122.632 38.2542
308 18609 18694 2.02327 1.19412 -118.303 33.7983
423 16680 16681 0.595266 0.502121 -119.064 34.3664
110 16088 16089 0.233045 9.21436 -117.773 34.7786
796 8144 8144 0 0 -122.534 37.9472
192 17484 17485 1.18367 0.14346 -118.13 34.1442
639 9470 9471 0.165702 0.713161 -121.908 37.4172
124 18708 18740 0.612877 0.702683 -117.891 33.7622
25 15332 15338 0.483755 0.8901 -117.018 34.8939
721 8412 8413 1.21401 0.215734 -122.265 37.8197
673 8780 8782 3.1282 1.27085 -122.088 37.6975
824 5184 5184 0 0 -123.214 39.1589
512 9847 9886 0.631318 1.96476 -120.473 37.2942
157 18269 18270 0.756113 1.69329 -118.003 33.9497
0 19084 19087 0.675351 1.0808 -114.594 33.6136
132 18943 18944 0.00886523 1.51838 -117.923 33.6633
245 18199 18200 2.41224 0.0468905 -118.211 33.9733
84 17377 17379 1.15456 2.2059 -117.294 34.1411
28 20550 20551 0.365825 1.16378 -117.025 32.7764
127 18740 18740 0 0 -117.901 33.7622
528 13906 13907 0.510576 0.490226 -120.719 35.5556
821 5442 5443 1.15874 1.03838 -123.202 39.1539
493 10593 10628 1.53469 1.01438 -120.035 36.9553
459 12253 12254 0.604746 0.600604 -119.572 36.0983
560 6471 6472 0.745454 2.1045 -121.158 38.6817
407 17342 17343 0.947902 0.70251 -118.82 34.1464
774 8499 8500 0.382256 0.792632 -122.44 37.7739
815 6942 6943 0.538496 0.413255 -122.863 38.6272
437 16892 16894 0.795705 0.75298 -119.257 34.275
789 8472 8474 0.94897 1.07283 -122.474 37.7886
243 17783 17784 0.531961 1.40869 -118.207 34.0594
201 18669 18714 0.65194 0.860575 -118.143 33.7839
137 18941 18942 0.966411 1.41319 -117.934 33.7147
187 17743 17744 1.49324 1.20519 -118.113 34.1017
189 18395 18398 1.3094 1.67177 -118.115 33.8722
129 19006 19006 0 0 -117.911 33.6517
662 10522 10585 0.665198 1.74853 -122.025 36.9617
689 7795 7823 2.36797 0.630998 -122.161 38.0525
121 18703 18732 0.965308 0.269771 -117.865 33.7808
202 17742 17743 0.869405 1.02479 -118.143 34.0903
420 14070 14264 0.838387 0.593413 -119.039 35.4119
66 20272 20273 0.531558 0.0649413 -117.241 32.9011
34 19897 19933 1.36044 0.265176 -117.079 33.1281
495 10517 10532 0.635 0.481891 -120.054 36.9653
469 10727 10727 0 0 -119.704 36.8314
477 10854 10855 1.81876 2.74109 -119.763 36.7783
651 10032 10033 1.07562 0.752335 -121.969 37.2628
624 9940 10121 1.03195 4.0204 -121.799 37.24
628 9884 9884 0 0 -121.806 37.3903
781 8499 8500 0.370477 0.804411 -122.452 37.7733
276 17852 17853 0.222537 1.4959 -118.266 34.0572
483 16266 16267 2.42857 1.18479 -119.78 34.445
798 7929 7929 0 0 -122.554 38.0044
537 8506 8506 0 0 -120.86 37.7578
476 10890 10890 0 0 -119.752 36.7381
557 9393 9394 0.889562 2.49971 -121.134 37.4669
23 20551 20552 0.784447 0.507327 -117.005 32.7825
447 13641 13643 0.645459 1.10304 -119.351 35.5936
563 8432 8433 1.03524 0.00960636 -121.223 37.7978
59 20413 20509 0.284627 0.112964 -117.216 32.8044
128 18606 18629 0.380541 2.10153 -117.909 33.8197
414 12321 12322 0.424903 0.529582 -119.013 36.0706
307 18358 18426 2.47496 1.78037 -118.297 33.89
385 18012 18013 0.622699 0.827116 -118.483 34.0272
102 13355 13455 1.27727 1.00663 -117.671 35.6408
772 8513 8514 0.398249 1.44743 -122.439 37.7883
499 10201 10202 1.2623 5.66606 -120.272 37.1225
722 8352 8353 0.728698 0.229012 -122.265 37.83
313 17906 17907 2.2542 0.281776 -118.309 34.0358
626 7991 7992 1.05536 0.364179 -121.802 37.9822
799 7927 7927 0 0 -122.566 38.0283
209 17278 17279 0.625313 0.884228 -118.15 34.1775
263 18198 18199 1.91516 0.127615 -118.24 33.9478
574 8104 8164 1.2605 2.08868 -121.291 37.9506
448 11384 11385 3.95521 4.10807 -119.379 36.5461
359 16788 16789 1.01395 0.483873 -118.412 34.3047
696 9456 9456 0 0 -122.182 37.4492
297 17704 17705 1.37751 0.516315 -118.287 34.0925
167 17886 18036 2.90865 0.522815 -118.048 34.01
405 16790 16875 0.13822 1.49022 -118.744 34.2894
738 8184 8185 2.09662 0.781773 -122.361 37.935
452 14742 14743 0.36979 0.475979 -119.45 35.14
582 6458 6656 2.28038 0.48321 -121.391 38.6028
621 6313 6319 1.27608 1.48874 -121.791 38.6639
120 17457 17458 1.93567 0.412347 -117.864 34.1275
343 17807 17808 0.909494 0.609622 -118.363 34.0758
709 7672 7709 0.643914 1.85711 -122.252 38.1097
479 10693 10708 2.35034 5.28737 -119.765 36.8353
523 14509 14509 0 0 -120.65 35.2781
371 17802 17810 0.770093 1.38535 -118.447 34.0597
258 15782 15782 0 0 -118.233 34.6989
133 18291 18305 0.665941 1.94984 -117.925 33.8944
399 16494 16702 4.42101 1.76216 -118.553 34.3972
585 7044 7045 0.443364 0.370249 -121.423 38.4728
304 18604 18605 1.18397 0.0570189 -118.295 33.83
784 8509 8509 0 0 -122.457 37.7625
530 6146 6148 0.194408 0.823003 -120.791 38.7253
322 17261 17262 1.50114 1.44955 -118.328 34.1564
61 18516 18701 4.11267 1.02128 -117.221 33.8125
334 17905 17906 0.0607934 1.97717 -118.353 34.0189
634 9588 9931 1.16314 0.453317 -121.876 37.3433
657 10519 10520 0.124972 0.909968 -121.983 36.9903
265 17701 17758 0.947129 0.0278136 -118.247 34.0758
213 17276 17277 1.44064 0.333372 -118.159 34.2108
456 10262 10262 0 0 -119.497 37.1094
595 4366 4367 0.212671 0.544406 -121.558 39.5106
589 6653 6653 0 0 -121.437 38.5711
591 6662 6663 1.46365 0.297852 -121.455 38.555
760 8744 8744 0 0 -122.431 37.7439
500 10201 10202 1.28943 5.63893 -120.272 37.1211
329 18677 18678 2.38659 0.367728 -118.343 33.8117
581 10903 10904 0.603991 1.11178 -121.385 36.8339
168 17416 17417 0.456915 0.516496 -118.057 34.1622
73 16190 16191 0.379652 0.55885 -117.265 34.5422
707 7635 7635 0 0 -122.236 38.1314
289 17705 17706 0.666608 1.02809 -118.283 34.0756
739 7058 7163 0.459876 6.41153 -122.363 38.3914
723 7251 7624 1.59231 1.89683 -122.265 38.2781
368 17802 17810 0.844145 1.3113 -118.443 34.0644
331 18202 18203 0.306412 0.261131 -118.347 33.9506
506 15215 15327 0.841761 2.18946 -120.423 34.9522
454 11372 11373 4.65715 10.3324 -119.456 36.5903
646 9523 9525 0.967806 0.480311 -121.95 37.3942
754 8514 8515 0.00549407 0.915586 -122.422 37.7964
19 20499 20499 0 0 -116.971 32.8425
809 6960 6986 1.89694 0.54917 -122.701 38.4425
433 12991 12993 0.886134 0.155955 -119.239 35.7619
323 17620 17809 2.34889 1.00884 -118.33 34.0947
342 17807 17808 1.01965 0.499463 -118.362 34.0764
680 8699 8700 0.236623 0.955988 -122.13 37.7161
692 9460 9461 0.775724 0.11215 -122.174 37.4356
272 18149 18150 0.429254 1.81682 -118.264 33.9875
553 4962 5070 0.208908 0.778135 -121.066 39.2161
286 18152 18155 0.368879 0.928437 -118.279 33.96
190 18718 18719 0.125157 2.22 -118.118 33.7778
503 8051 8051 0 0 -120.377 37.9742
674 8780 8782 3.12339 1.27566 -122.088 37.6992
311 18694 18695 0.13535 0.732331 -118.306 33.7392
572 8049 8104 4.61591 0.90158 -121.287 37.9711
105 19149 19150 0.991518 0.881639 -117.709 33.6083
802 5745 5746 1.11466 1.24503 -122.619 38.9356
644 9838 9838 0 0 -121.938 37.3281
373 17158 17159 0.335868 0.169346 -118.449 34.1997
273 17852 17853 0.384015 1.33442 -118.264 34.0539
186 18168 18169 1.1629 0.343225 -118.113 33.9636
264 18284 18285 0.274822 0.971894 -118.242 33.9228
830 2108 2108 0 0 -124.135 40.5828
83 16076 16192 0.135363 1.46788 -117.293 34.5283
375 17802 17810 1.21724 0.938201 -118.456 34.0575
274 17852 17853 0.358669 1.35977 -118.265 34.0544
570 8049 8104 5.09836 0.419134 -121.284 37.9658
610 4544 4562 0.144107 0.480279 -121.691 39.3675
658 10443 10444 0.118888 0.351005 -121.994 37.1994
538 3144 3226 0.458621 2.10032 -120.936 40.1408
356 13434 13435 2.09856 0.927027 -118.406 35.6292
328 18153 18154 1.11395 2.04039 -118.34 33.9925
478 10854 10855 1.963 2.59685 -119.764 36.7794
75 20385 20385 0 0 -117.274 32.8236
666 8193 8194 0.947254 0.951857 -122.039 37.9133
233 18690 18691 0.123625 1.47353 -118.197 33.7842
113 18770 18771 1.35095 0.156422 -117.826 33.7886
498 12434 12435 0.61026 0.165223 -120.133 36.0136
39 20506 20513 0.159651 1.55834 -117.096 32.7917
825 4527 4542 0.2036 2.30995 -123.35 39.4006
650 10034 10035 0.958885 0.191801 -121.968 37.2269
89 17072 17190 1.39971 1.43766 -117.408 34.2111
379 17159 17160 0.0928551 0.0193707 -118.462 34.195
571 7663 7667 0.245283 9.80516 -121.286 38.1217
756 7218 7218 0 0 -122.424 38.3017
451 14742 14743 0.317558 0.528211 -119.45 35.1394
413 14157 14300 2.8235 1.06248 -119.006 35.3914
82 19835 19836 0.797926 0.354106 -117.289 33.1856
713 3202 3202 0 0 -122.254 40.17
298 17704 17705 0.931274 0.962555 -118.29 34.0964
220 17869 17925 0.404823 0.979331 -118.171 34.0392
620 8795 8805 0.920267 0.712128 -121.781 37.6772
21 19865 19866 0.544797 1.14279 -116.986 33.2536
398 17246 17247 1.29332 0.994817 -118.533 34.22
426 12059 12060 0.196041 0.511375 -119.131 36.3
546 8800 8882 1.62221 2.68001 -120.997 37.6647
434 12975 12991 1.3875 1.47734 -119.244 35.7742
33 20547 20548 0.34814 2.82847 -117.076 32.7506
549 8806 8882 0.598244 4.596 -121.038 37.6619
808 6960 6986 1.95754 0.488567 -122.701 38.4411
162 17887 17888 0.0959619 0.971006 -118.043 34.0481
370 17802 17810 1.00685 1.14859 -118.444 34.0661
558 12073 12086 1.22395 0.515597 -121.138 36.205
176 17879 17880 0.71753 0.620946 -118.088 34.0431
573 8049 8104 4.24176 1.27574 -121.289 37.9767
48 20804 20806 0.618078 0.339505 -117.162 32.7247
302 18358 18426 2.16815 2.08718 -118.294 33.8928
196 18167 18168 2.50814 0.652206 -118.131 33.9722
303 17704 17705 0.445977 1.44785 -118.294 34.0986
372 17253 17254 0.0301975 4.01633 -118.449 34.1603
631 3883 3884 0.308964 1.178 -121.847 39.7533
515 7564 7565 0.597855 0.140407 -120.527 38.4142
364 17900 18073 1.88077 1.21851 -118.428 34.0078
823 5441 5442 2.48551 0.693709 -123.211 39.1461
820 5441 5442 3.14771 0.031508 -123.156 39.1347
205 17742 17743 0.382289 1.51191 -118.146 34.0792
47 20805 20806 0.5322 0.152689 -117.161 32.7328
360 17900 17901 1.21717 0.414093 -118.415 34.0281
270 17706 17707 0.985128 0.155954 -118.262 34.0694
485 10854 10855 3.31543 1.24443 -119.785 36.7878
279 17702 17703 0.758175 0.900827 -118.272 34.0978
827 4483 4484 0.72627 0.498836 -123.799 39.4319
430 17209 17210 0.982432 2.51698 -119.186 34.1978
8 17381 17389 3.38721 2.40038 -116.275 34.1342
436 16892 16894 0.29791 1.25077 -119.252 34.2806
1 15430 15431 0.445535 0.470511 -114.617 34.8331
804 387 469 0.575231 0.370295 -122.637 41.7247
391 18017 18018 0.891501 0.306367 -118.5 34.0183
147 17422 17423 1.39772 0.345002 -117.978 34.1425
501 12213 12214 1.1307 4.45736 -120.352 36.1494
684 8527 8527 0 0 -122.146 37.7653
253 17933 17936 1.32197 1.17547 -118.219 34.0394
381 17608 17609 0.942535 0.794267 -118.463 34.1156
818 5546 5546 0 0 -122.903 39.1058
730 7214 7220 0.746913 1.48293 -122.297 38.2892
751 8515 8516 0.224742 0.924017 -122.416 37.7894
428 17209 17210 1.85829 1.64112 -119.184 34.2056
401 17243 17244 0.56719 0.0479912 -118.588 34.1728
615 8786 8795 1.736 0.144913 -121.765 37.6756
250 17127 17130 0.117936 0.120538 -118.215 34.2047
37 21033 21034 1.60743 1.20138 -117.084 32.6336
185 18054 18055 1.22873 1.97007 -118.108 34.0175
795 8055 8115 0.85692 2.99963 -122.524 37.9744
148 17422 17423 1.24226 0.500459 -117.978 34.1617
539 8798 8799 2.6457 2.58489 -120.948 37.7372
318 17906 17907 1.29411 1.24186 -118.322 34.0561
2 20483 20484 1.32413 12.4106 -115.278 32.8386
627 7931 7991 1.05801 0.30991 -121.804 38.0139
135 19079 19080 1.81328 0.625003 -117.929 33.6236
365 17062 17063 0.231103 1.55309 -118.43 34.2222
369 16890 16916 0.386193 0.879149 -118.443 34.2767
214 18415 18416 1.93983 0.305754 -118.159 33.9231
411 14157 14300 1.14219 2.74379 -118.97 35.3825
350 16872 16886 0.67018 1.70501 -118.383 34.2817
393 17214 17247 0.262965 1.39034 -118.505 34.1922
125 17693 17694 2.09851 0.787482 -117.893 34.0881
828 1705 1705 0 0 -124.078 40.8717
671 9695 9696 0.813137 1.04943 -122.079 37.3686
685 5487 5488 0.0604871 0.952822 -122.156 39.1531
164 17417 17418 0.587499 1.05661 -118.043 34.1325
175 18590 18591 0.85818 0.825747 -118.082 33.8686
805 7322 7326 0.251203 1.27632 -122.642 38.2364
497 15852 15853 1.51148 1.96877 -120.126 34.6022
319 17620 17809 1.75695 1.60078 -118.323 34.0769
232 18690 18691 0.415523 1.18164 -118.193 33.7883
206 18669 18714 0.610802 0.901713 -118.147 33.7722
239 18200 18201 1.24686 1.62106 -118.202 33.93
720 8412 8413 1.06623 0.36351 -122.264 37.8178
793 8055 8115 1.50982 2.34672 -122.518 37.9717
551 4958 4959 0.745511 0.601397 -121.054 39.2333
602 5255 5369 1.8328 1.52824 -121.617 39.1433
269 17045 17046 2.53113 0.480079 -118.262 34.2511
417 14300 14301 2.79063 0.542241 -119.026 35.3728
455 11372 11373 3.00182 11.9878 -119.475 36.5661
652 9094 9102 0.203522 1.68263 -121.976 37.5522
567 8104 8137 1.5023 0.854091 -121.268 37.9506
419 12337 12338 1.92369 0.907726 -119.034 36.0508
525 14443 14453 1.54013 0.0844642 -120.664 35.2925
256 17282 17538 0.579917 0.253559 -118.229 34.1511
216 17868 17945 1.35434 0.0572878 -118.161 34.0242
724 8353 8354 0.174066 0.363841 -122.266 37.8369
690 9461 9462 0.890171 0.123416 -122.163 37.4222
267 17473 17539 1.36558 0.468243 -118.256 34.1278
325 18153 18154 1.77296 1.38138 -118.334 33.9797
536 10211 10214 9.64799 6.33249 -120.859 37.0642
183 16102 16103 0.66899 0.672745 -118.105 34.5569
453 11372 11373 5.15034 9.83926 -119.451 36.6083
226 18690 18691 1.22112 0.376041 -118.185 33.7797
316 17618 17619 0.331202 0.71944 -118.317 34.1047
544 8876 8882 3.179 1.62144 -120.977 37.6464
295 17704 17705 1.62051 0.273321 -118.286 34.0894
598 10594 10594 0 0 -121.576 37.0058
161 18470 18471 1.65911 0.756306 -118.037 33.8478
734 9106 9107 1.20418 0.514006 -122.326 37.5647
20 20553 20553 0 0 -116.979 32.7928
154 18726 18789 1.20214 0.654275 -117.994 33.7628
778 8499 8500 0.572055 0.602833 -122.441 37.7756
472 16479 16481 0.594541 2.27589 -119.722 34.4303
708 7664 7665 0.119477 0.488766 -122.247 38.1264
52 18750 18829 3.37241 0.137069 -117.17 33.7183
71 17754 17762 1.23724 3.26068 -117.252 34.0475
550 4958 4959 0.398794 0.948114 -121.043 39.2292
577 8049 8104 2.30307 3.21442 -121.311 37.9803
665 8209 8434 1.06837 0.571826 -122.038 37.9119
223 18691 18692 0.429958 1.297 -118.176 33.7872
340 17807 17808 1.24499 0.274123 -118.361 34.0869
691 3474 3964 0.0809839 1.24776 -122.168 39.9275
394 16952 16953 2.00751 0.0543816 -118.526 34.2381
832 1826 1827 1.92654 0.31411 -124.141 40.7881
663 10490 10491 0.200266 0.133105 -122.03 36.9786
556 12073 12086 0.702483 1.03706 -121.132 36.2072
158 18614 18615 0.356487 0.334075 -118.006 33.8158
505 8196 8197 0.846472 0.709541 -120.39 37.9797
597 10194 10336 5.93039 1.5807 -121.57 37.0367
587 6483 6484 0.27508 0.698909 -121.425 38.6267
294 18149 18150 0.0927607 2.15332 -118.286 33.99
522 14509 14834 0.41425 3.13101 -120.645 35.2753
559 6471 6472 1.6875 1.16246 -121.149 38.6708
714 8354 8355 0.662602 0.636922 -122.256 37.8553
769 8851 8852 1.37273 0.734569 -122.439 37.6594
283 18148 18148 0 0 -118.276 34.0211
179 18287 18397 1.4534 0.742855 -118.098 33.9125
271 17539 17539 0 0 -118.263 34.1092
660 10521 10522 0.253811 1.93591 -122.002 36.98
787 8765 8792 0.904011 0.550371 -122.467 37.6919
603 5255 5369 0.779889 2.58115 -121.619 39.1547
649 8678 8679 0.743248 1.05785 -121.959 37.7769
337 18254 18307 0.231552 1.25198 -118.36 33.9319
780 8441 8442 0.0984559 0.449499 -122.452 37.8008
16 18711 18711 0 0 -116.936 33.7819
534 9175 9175 0 0 -120.838 37.5114
726 9160 9161 0.607379 1.06246 -122.275 37.5236
27 20973 20974 1.90782 0.949958 -117.024 32.6167
24 20551 20552 0.597938 0.693836 -117.006 32.7806
514 15044 15045 2.67436 2.36796 -120.498 35.0256
26 20973 20974 1.82244 1.03534 -117.022 32.6189
532 6108 6147 0.593204 0.131339 -120.802 38.7292
344 18139 18153 0.243447 0.942291 -118.364 33.9647
156 18384 18437 0.884159 0.582115 -117.997 33.8767
797 8045 8055 0.449872 1.00224 -122.55 37.9597
32 20253 20254 0.128254 4.20933 -117.073 32.9928
86 19823 19824 0.883531 0.796548 -117.377 33.2014
44 20393 20521 1.64742 0.247084 -117.153 32.7992
788 8794 8849 0.0713561 0.494482 -122.473 37.68
763 8851 8852 1.69645 0.410854 -122.434 37.6586
22 20796 20797 0.757298 1.29574 -117.002 32.7514
817 1109 1110 0.210353 1.20903 -122.894 41.4569
151 18921 18922 0.418614 0.347921 -117.992 33.6903
241 17786 17787 1.16449 0.428003 -118.206 34.0628
361 16705 16788 2.0524 0.864646 -118.417 34.3261
152 17420 17421 1.16245 0.0290264 -117.992 34.1486
647 9843 9844 2.50894 0.0447559 -121.95 37.3258
490 10857 10858 0.263358 1.22931 -119.817 36.7619
810 6955 6956 1.36463 0.135952 -122.706 38.4697
527 7747 7748 0.753665 1.174 -120.669 38.1911
630 8755 8756 1.98569 3.18498 -121.847 37.6969
622 6313 6319 0.796511 1.96831 -121.791 38.6858
629 7931 7932 2.36667 0.568412 -121.841 38.0044
383 18012 18013 1.08862 0.361198 -118.48 34.0306
217 18691 18692 1.51443 0.212529 -118.164 33.7914
632 3918 3919 1.18141 1.06914 -121.848 39.7425
210 18625 18669 0.681279 0.988921 -118.151 33.8033
812 6986 7004 0.551443 1.76843 -122.714 38.445
7 18914 18915 1.10129 0.629635 -116.218 33.7064
693 9461 9461 0 0 -122.174 37.4331
510 10663 10678 0.0141187 0.497792 -120.454 36.8594
461 11351 11352 0.459057 7.35607 -119.598 36.5681
80 19227 19228 0.83566 0.207178 -117.286 33.6206
352 18423 18676 1.96642 3.32716 -118.396 33.8544
288 18152 18155 0.70237 0.594946 -118.282 33.9664
12 18763 18764 1.75918 1.18187 -116.542 33.8383
338 17904 17904 0 0 -118.36 34.0572
15 20558 20559 0.654516 0.888939 -116.919 32.8114
31 20547 20548 1.91983 1.25679 -117.06 32.7775
191 18395 18398 2.67308 0.30809 -118.129 33.8744
386 18011 18012 0.813234 0.358929 -118.484 34.0233
88 18146 18147 0.213468 1.44377 -117.394 33.9622
686 9459 9460 0.837861 0.570367 -122.156 37.4436
678 7993 7994 0.153209 0.659638 -122.115 37.9944
533 9199 9219 0.0168911 1.12224 -120.835 37.4997
586 1563 1564 1.90141 0.958475 -121.423 41.0236
790 6929 6929 0 0 -122.474 38.5428
441 11845 11848 1.26893 1.37062 -119.291 36.3161
776 8513 8514 0.265874 1.5798 -122.441 37.7839
346 17903 17904 1.29566 0.383523 -118.368 34.0514
395 17246 17247 1.72022 0.567923 -118.526 34.1656
333 18153 18154 0.486664 2.66768 -118.349 33.96
336 18423 18676 4.97782 0.315754 -118.356 33.8383
764 8513 8514 0.664142 1.18153 -122.436 37.7819
54 20340 20356 0.829112 0.450055 -117.183 32.8203
415 14266 14273 0.098205 0.328669 -119.019 35.3839
257 18199 18200 0.695562 1.76357 -118.232 33.9347
166 18178 18179 0.862806 2.32551 -118.048 33.9692
244 17640 17786 0.917521 0.462831 -118.211 34.0789
593 6651 6652 1.51379 0.458679 -121.468 38.5711
315 17906 17907 2.03495 0.501023 -118.313 34.0475
357 17253 17254 3.74077 0.305756 -118.408 34.1581
305 17620 17620 0 0 -118.295 34.1022
746 2111 2487 1.18896 0.468154 -122.393 40.5717
219 18691 18692 0.866624 0.860335 -118.168 33.7669
704 8533 8534 1.42252 0.427285 -122.23 37.7811
542 8800 8882 1.04727 3.25494 -120.973 37.6686
354 17901 17902 1.42306 0.3173 -118.397 34.0228
366 17802 17810 0.74759 1.40785 -118.441 34.065
67 20273 20274 0.441682 1.19498 -117.242 32.8967
208 17742 17743 0.0930981 1.8011 -118.149 34.0775
688 9459 9460 0.324616 1.08361 -122.157 37.45
380 18009 18010 2.02846 0.225179 -118.462 34.0231
314 17906 17907 2.1548 0.381176 -118.311 34.0469
677 7960 7993 0.341164 0.295275 -122.109 37.9931
56 18509 18510 1.97965 0.344662 -117.187 33.8986
462 11351 11352 1.80951 6.00562 -119.612 36.5728
719 8412 8413 1.2787 0.151045 -122.263 37.8194
672 8821 8822 0.846738 0.430922 -122.083 37.6756
578 6250 6456 0.764446 0.795818 -121.313 38.67
699 8535 8536 0.213171 2.14403 -122.203 37.7806
540 4451 4452 2.07607 0.52017 -120.961 39.9397
115 18776 18777 0.0560698 2.05981 -117.832 33.7542
149 18891 18892 0.618218 1.22024 -117.986 33.7036
100 13265 13318 0.0845733 1.07625 -117.653 35.6578
29 20548 20549 0.300655 1.14896 -117.043 32.7747
92 18356 18385 0.153133 5.60979 -117.453 33.9175
218 17950 17996 0.481828 0.479563 -118.166 34.0217
715 8352 8353 0.486636 0.471074 -122.256 37.8247
543 5630 5631 1.62621 0.221641 -120.976 39.0369
55 19278 19279 0.980636 0.982211 -117.184 33.5586
608 11096 11143 0.0322125 3.57479 -121.647 36.6622
255 17783 17789 1.1698 0.784954 -118.225 34.0469
613 10606 10624 0.681201 1.34586 -121.756 36.9242
412 12354 12355 2.0804 0.305837 -118.982 36.0403
517 15038 15039 2.26758 0.312156 -120.59 35.1133
363 17248 17249 0.791959 1.00488 -118.427 34.2006
541 9031 9031 0 0 -120.962 37.6003
389 17238 17344 2.43752 0.0229712 -118.486 34.1575
712 9325 9326 0.424697 0.169461 -122.254 37.4797
53 20851 20852 0.237297 0.398395 -117.171 32.6944
259 18199 18200 0.373719 2.08542 -118.235 33.9436
95 18436 18579 0.818516 0.371153 -117.553 33.8581
234 18680 18690 0.171382 0.0965245 -118.198 33.7956
779 8442 8513 0.160529 0.0909835 -122.442 37.7822
421 17129 17129 0 0 -119.04 34.1625
518 9719 9720 0.436678 1.7939 -120.595 37.3494
335 18254 18307 0.702984 0.780547 -118.355 33.9278
450 11372 11373 10.7035 4.28607 -119.389 36.5483
576 7663 7667 1.89642 8.15402 -121.305 38.1242
150 17420 17421 0.857051 0.334421 -117.988 34.1569
85 17375 17377 1.47177 1.15702 -117.319 34.1314
475 16479 16481 1.95432 0.916102 -119.735 34.4367
442 11845 11848 0.915684 1.72386 -119.294 36.3281
706 3019 3136 1.85467 0.540323 -122.231 40.1756
409 9363 9364 2.1428 1.58089 -118.962 37.6439
740 2488 2489 0.220587 3.29886 -122.379 40.5503
94 18356 18385 1.97855 3.78437 -117.47 33.9058
424 16679 16703 1.30042 1.79156 -119.069 34.3508
403 17240 17241 0.666627 2.09353 -118.628 34.2019
484 11061 11062 3.46891 1.26098 -119.783 36.7428
249 17640 17786 0.705954 0.674398 -118.214 34.0786
261 17756 17757 0.885135 0.613194 -118.238 34.0653
126 18304 18305 2.40025 0.206959 -117.901 33.9311
284 18152 18283 1.36091 0.189428 -118.277 33.9497
46 20571 20639 0.598346 0.597641 -117.159 32.7514
575 8049 8104 3.85998 1.65751 -121.3 37.9619
502 12182 12240 0.138094 0.643361 -120.363 36.1444
635 7875 7879 0.218194 1.50973 -121.879 38.0192
254 18199 18200 1.16812 1.29101 -118.223 33.9894
194 17742 17743 1.80263 0.0915697 -118.13 34.0783
606 11075 11076 1.32396 0.681991 -121.633 36.6975
705 8520 8521 1.11202 0.618286 -122.231 37.7983
605 11075 11076 1.35364 0.652314 -121.632 36.6978
300 17704 17705 0.829154 1.06467 -118.29 34.0978
655 9095 9095 0 0 -121.979 37.5575
566 7623 7633 0.6693 0.63371 -121.264 38.1339
435 16892 16894 0.203631 1.34505 -119.251 34.2772
440 16883 16893 0.549682 0.627824 -119.289 34.2825
487 10692 10693 9.44669 6.08646 -119.793 36.8947
140 17729 17730 2.04373 1.1643 -117.945 34.0636
229 18193 18193 0 0 -118.187 33.9869
358 17803 17804 2.17585 0.037183 -118.411 34.0597
504 8196 8197 0.854504 0.701509 -120.389 37.9797
10 18759 18760 1.22837 1.62412 -116.406 33.7622
215 18399 18413 1.97681 0.0837034 -118.161 33.8844
266 17701 17702 1.44222 0.179644 -118.256 34.0853
782 8447 8472 0.0763745 0.0610121 -122.453 37.7867
725 8345 8346 3.86384 0.599472 -122.268 37.8642
327 18153 18154 1.66017 1.49417 -118.335 33.9847
645 10032 10033 0.297542 1.53041 -121.945 37.2519
130 17693 17693 0 0 -117.916 34.0872
388 18012 18013 0.446957 1.00286 -118.486 34.0269
752 8516 8517 0.469816 0.696538 -122.417 37.7781
443 12022 12023 0.391076 0.311009 -119.338 36.2211
5 20619 20623 0.86842 4.67721 -115.56 32.7469
60 20581 20581 0 0 -117.221 32.7486
36 21033 21034 1.52033 1.28848 -117.082 32.6333
382 18012 18013 1.2032 0.246617 -118.478 34.0303
299 18284 18285 1.07163 0.175089 -118.29 33.9322
811 6956 6956 0 0 -122.706 38.4669
524 14453 14509 1.43094 0.721651 -120.652 35.2853
63 20278 20279 0.993317 0.0815151 -117.225 32.885
474 9670 9671 0.928865 0.555616 -119.731 37.3817
814 7156 7157 0.380458 1.18868 -122.819 38.3978
786 7219 7252 0.620952 0.318258 -122.465 38.2883
103 17864 18020 1.21849 1.38464 -117.685 34.0256
759 8513 8514 1.09969 0.745985 -122.431 37.7906
237 17786 17787 0.46193 1.13056 -118.201 34.0686
41 20817 20840 0.733309 0.367748 -117.137 32.7086
11 18837 18838 4.91859 5.67594 -116.484 33.9586
306 18688 18695 0.146798 0.154459 -118.295 33.7894
473 10693 10708 6.15032 1.48738 -119.722 36.8442
750 9039 9040 1.19451 0.524635 -122.415 37.6567
9 19749 19896 0.153239 2.85761 -116.329 33.2039
116 17557 17715 0.686508 0.973879 -117.834 34.0975
87 18146 18147 1.46146 0.195777 -117.38 33.9764
731 9140 9163 1.88469 0.178131 -122.299 37.5311
822 5441 5442 0.589608 2.58961 -123.211 39.1278
142 18282 18353 0.146213 1.24454 -117.96 33.9264
348 18423 18676 2.64677 2.64681 -118.378 33.8536
744 9043 9044 1.0256 0.823181 -122.386 37.6003
268 17942 17943 0.953262 0.55122 -118.259 34.0281
45 20783 20784 0.417986 0.825038 -117.159 32.7353
467 11146 11147 0.686387 0.781356 -119.675 36.6325
65 20273 20274 0.939283 0.697374 -117.234 32.8939
238 17783 17784 1.08443 0.856225 -118.201 34.0625
741 2487 2488 1.62304 0.167373 -122.381 40.5508
801 7952 7953 0.526757 1.01156 -122.611 38.0011
676 9006 9006 0 0 -122.094 37.6306
755 9371 9704 0.504021 0.286098 -122.424 37.4619
600 5265 5369 1.21759 1.75904 -121.598 39.1492
118 18777 18777 0 0 -117.861 33.755
145 17729 17729 0 0 -117.967 34.0631
275 17854 17942 0.229676 0.0634638 -118.266 34.0375
199 18402 18403 1.73604 0.765875 -118.137 33.8889
729 7165 7179 0.996485 0.0825929 -122.295 38.3247
743 913 1027 0.616992 1.69167 -122.384 41.4269
698 8535 8536 1.03202 1.32518 -122.202 37.7731
438 16381 16382 0.520151 0.869817 -119.263 34.4433
588 8653 8656 0.667822 0.57155 -121.433 37.7439
700 4259 4748 0.159674 1.15611 -122.207 39.5214
18 18746 18816 0.0677169 2.85622 -116.96 33.7497
235 17786 17787 0.0904159 1.50207 -118.2 34.0719
163 17690 17733 2.40195 0.127573 -118.043 34.065
535 9197 9198 0.616928 0.511502 -120.842 37.4947
114 18775 18810 1.3978 0.43007 -117.827 33.73
816 6943 6944 1.85733 0.31008 -122.866 38.6108
625 11098 11148 0.0361053 0.725969 -121.801 36.6514
717 8412 8413 1.29249 0.137256 -122.262 37.8192
177 17313 17314 0.474568 0.661254 -118.089 34.1417
188 18522 18618 1.0728 0.635756 -118.114 33.8278
374 16708 16709 1.17477 0.303484 -118.451 34.3258
252 17783 17936 0.659327 0.141624 -118.217 34.05
695 9456 9457 0.495789 1.14064 -122.176 37.4367
169 11220 11221 0.608142 0.184036 -118.057 36.6092
6 20526 20532 4.86933 1.37372 -115.567 32.7808
225 17951 17952 0.624342 0.32702 -118.181 34.0214
197 18402 18403 0.219867 2.28205 -118.132 33.9028
287 17854 17908 1.03928 0.210678 -118.279 34.0392
134 17437 17438 0.992208 0.934763 -117.928 34.1094
488 16265 16266 0.885711 0.0490237 -119.808 34.4353
601 10194 10205 1.38666 0.00878239 -121.604 37.0733
320 17620 17809 1.72798 1.62975 -118.323 34.1
123 18704 18707 0.862284 0.824536 -117.887 33.7872
339 17807 17808 1.17839 0.340728 -118.361 34.0822
64 18516 18701 3.98379 1.15017 -117.225 33.8125
617 6319 6327 0.149986 1.99309 -121.77 38.6725
408 17137 17137 0 0 -118.881 34.2075
332 18153 18154 0.641243 2.5131 -118.347 33.9703
486 11203 11563 1.64166 3.5864 -119.791 36.5914
584 7046 7047 0.437051 0.167013 -121.415 38.4631
745 2107 2111 0.371484 0.463391 -122.387 40.5856
697 9455 9456 1.482 0.013948 -122.186 37.45
79 20065 20118 0.96899 0.140374 -117.284 33.0369
390 18011 18012 1.107 0.0651652 -118.489 34.0242
293 17705 17706 0.778364 0.916336 -118.285 34.0669
40 20933 20934 1.18223 0.148834 -117.107 32.6767
465 9590 9664 0.691392 0.671952 -119.659 37.3358
748 8510 8663 0.954154 0.512753 -122.403 37.7547
466 11880 11886 0.227196 0.060106 -119.664 36.3289
203 18669 18714 0.366304 1.14621 -118.144 33.7883
153 18615 18616 1.00915 0.9005 -117.994 33.8256
159 18616 18617 0.282485 1.17406 -118.013 33.8311
561 6471 6472 0.0469372 2.80302 -121.166 38.6794
439 11848 11878 0.36391 3.58768 -119.271 36.3408
355 9555 9555 0 0 -118.405 37.3619
93 18356 18385 0.135357 5.62756 -117.453 33.9181
429 17209 17210 0.920385 2.57902 -119.186 34.1972
604 11091 11092 0.747003 0.234078 -121.626 36.6789