0 17298 17298 0 0
1 17297 17298 0.847935 0.307603
2 19084 19087 0.449808 1.30634
3 19373 19374 6.50585 0.0947928
4 20396 20397 0.329486 0.447961
5 18835 18867 0.500826 4.4608
6 20862 20869 0.30324 0.962459
7 19918 20103 0.161739 9.14781
8 19684 19685 0.255484 0.216922
9 20789 20790 2.11246 0.698611
10 20191 20217 0.98685 0.46085
11 20496 20498 0.18701 1.57396
12 20330 20331 0.556207 0.239152
13 20098 20115 0.386271 8.00078
14 20491 20492 0.10839 1.06835
15 20714 20715 0.508885 0.541848
16 17451 17453 2.04593 0.422351
17 14587 14588 2.59138 1.92028
18 18933 19037 0.423781 4.89135
19 18858 18859 0.286538 0.801775
20 18933 19199 6.00211 3.6868
21 18841 18842 1.92328 3.95423
22 18965 18968 0.160148 0.19096
23 18969 18969 0 0
24 17381 17466 0.859991 5.54633
25 18854 18855 0.298489 2.69272
26 18821 18822 0.589765 0.328575
27 19755 19756 2.25049 0.939115
28 17387 17388 7.82421 4.16598
29 18805 18806 1.01327 8.41801
30 18767 18825 0.0466124 2.07592
31 20429 20430 0.546297 0.672172
32 18761 18762 0.181924 5.94654
33 18761 18762 0.242908 5.88556
34 18344 18344 0 0
35 18837 18838 3.06702 7.52751
36 20405 20406 0.54743 0.139597
37 18836 18837 0.148769 0.52241
38 18763 18764 1.12458 1.81647
39 18339 18340 0.718203 4.08457
40 20012 20013 0.797067 0.393071
41 20295 20362 1.36855 0.364324
42 15654 15655 1.85847 2.87255
43 11912 11912 0 0
44 19167 19168 1.89534 0.486034
45 19169 19169 0 0
47 20371 20372 0.409018 0.251331
48 18315 18316 0.0239785 1.16737
49 16956 16957 0.929461 0.877184
50 17049 17050 0.0201087 1.65277
51 20096 20097 1.21731 0.111624
52 15386 15387 0.182101 1.31306
53 17054 17055 0.465256 0.92922
54 20354 20354 0 0
55 20557 20558 1.13367 0.608619
56 17023 17024 0.56685 0.261647
57 16291 16296 0.605705 3.12759
58 18733 18734 0.207667 0.884084
59 20554 20555 1.33617 0.207203
60 18746 18751 0.821917 2.60135
62 18268 18280 0.918816 3.66785
63 19639 19639 0 0
64 17591 17592 1.51028 0.619066
65 20550 20550 0 0
66 19871 19872 0.966028 0.16253
67 15332 15338 1.11383 0.260026
68 20794 20795 0.839144 0.878324
69 20240 20241 0.280901 1.4198
70 21042 21043 0.197777 0.211607
71 17798 17896 0.905291 0.836958
72 21032 21033 2.26591 0.771361
73 17115 17116 1.79653 0.905963
74 17115 17116 0.160498 2.542
75 21033 21034 2.23401 0.5748
76 19306 19307 0.309438 0.235169
77 13782 13782 0 0
78 20506 20513 0.498302 1.21969
79 17108 17114 0.882427 0.642933
80 18785 18786 0.359601 1.93498
81 20975 21027 1.38104 0.242521
82 20255 20256 3.81347 0.102173
83 17684 17685 1.6108 1.26415
84 17108 17333 1.70555 0.636777
85 20510 20511 0.403567 0.571012
86 18662 18662 0 0
87 19381 19382 1.37799 0.647204
88 20804 20820 0.686796 0.941608
89 18236 18248 5.11281 0.505235
90 19904 19905 0.103495 1.40938
93 17099 17100 0.621438 0.404194
94 18750 18755 0.493773 1.14702
95 16184 16185 0.583638 1.40188
96 17815 17816 0.611445 0.689561
97 17097 17098 1.65471 0.0719849
98 15302 15303 0.149649 11.9218
99 18829 18866 0.48536 0.629908
100 20140 20141 0.992018 0.23473
101 17096 17097 0.763906 0.327225
103 17541 17542 0.0713995 0.4798
104 19223 19223 0 0
105 17095 17096 0.432052 0.834715
106 19757 19843 0.888324 1.10043
107 17095 17095 0 0
108 17754 17762 2.82475 1.67317
109 18866 18866 0 0
110 18227 18230 0.719199 1.69812
111 20517 20518 0.377877 0.80937
112 20579 20580 1.02782 0.321727
113 19547 19548 1.26491 0.416841
114 17407 17408 1.53246 4.82286
115 18516 18517 5.50742 3.32913
116 17517 17518 0.478352 0.862659
117 17754 17762 0.541769 3.95615
118 20229 20232 0.604073 0.542219
119 16217 16218 1.93343 2.45377
120 20384 20385 0.394197 0.111811
121 20222 20222 0 0
122 19225 19226 3.54389 0.292553
123 17065 17066 0.998975 0.618194
124 18592 18593 2.94607 5.29084
125 16767 16768 0.491113 0.896747
126 17377 17379 1.57383 1.78663
127 17644 17645 0.36504 1.25222
128 20065 20118 0.858676 0.250688
129 16076 16076 0 0
130 19996 19996 0 0
131 17522 17523 0.303857 0.535806
132 17719 17747 1.27297 0.528786
133 18970 18971 0.617882 0.0373409
134 15993 15994 0.302313 1.8223
135 15626 15626 0 0
136 17271 17272 1.43652 1.06974
137 19847 19883 0.55628 0.528978
138 15993 15994 0.413994 1.71062
139 18125 18126 0.515282 0.851921
140 17508 17521 0.477042 2.92797
141 19823 19824 0.62547 1.05461
142 17713 17714 0.753073 1.84293
143 16485 16486 0.396973 1.11203
144 18045 18060 0.996644 0.436148
145 17489 17529 1.41456 0.685725
147 16482 16503 4.42891 3.88706
148 17959 17984 0.80672 0.834447
149 18356 18385 3.3082 2.45473
150 18043 18043 0 0
151 17490 17491 0.93777 0.389211
152 16504 16505 0.52572 2.65619
153 17738 17739 2.80247 0.191601
154 13301 13302 0.382256 0.28927
155 19723 19724 1.04729 0.320241
156 19722 19723 2.94014 0.332345
157 19152 19152 0 0
158 16783 16784 0.233402 1.915
159 18452 18452 0 0
160 16507 16508 0.315521 3.618
161 17605 17607 0.816701 0.421244
162 14986 14999 3.16387 0.339185
163 17765 17774 1.11518 0.250073
164 13455 13509 0.468392 0.626842
165 17864 18020 2.48831 0.114817
166 17629 17763 1.67663 0.431579
167 19391 19392 0.0902458 1.05247
168 19149 19150 0.93586 0.937298
169 17510 17511 2.0886 0.912509
170 19293 19304 1.68487 0.632683
171 17488 17557 1.31381 0.530976
172 13326 13368 2.09495 0.515915
173 16512 16513 0.185603 0.981913
174 18491 18492 2.25777 0.659814
175 18491 18492 2.27107 0.646521
176 18774 18775 1.09276 0.444374
177 16514 16514 0 0
178 16599 16600 1.74065 0.108726
179 18034 18035 0.555386 0.18727
180 18428 18429 0.46931 1.20917
182 17457 17458 1.7074 0.640611
183 19144 19145 0.872301 0.380623
184 17693 17694 2.58813 0.297858
185 16515 16516 0.704513 1.52688
186 19079 19080 1.24833 1.18996
187 17692 17730 0.676752 0.356074
188 15365 15366 7.50842 0.721611
189 18286 18292 0.679117 1.17757
190 18038 18039 0.503861 0.618906
191 14949 14950 0.618657 1.51122
192 17729 17730 1.30208 1.90594
193 16091 16092 0.411187 0.502699
194 19032 19033 1.8796 0.0141423
195 11936 11945 0.382316 1.43518
196 18471 18472 0.51082 1.31037
197 17417 17418 0.671392 0.972719
198 17687 17688 0.240196 1.2953
199 18626 18627 0.366508 1.02634
200 18588 18589 1.04239 1.04571
201 18757 18758 0.424587 0.204436
202 17486 17486 0 0
203 15872 15915 0.267777 0.251829
204 18395 18398 2.04301 0.938162
205 17278 17279 0.762414 0.747127
206 18250 18252 1.2229 0.0460849
207 18250 18252 1.2382 0.0307766
208 15786 15787 0.680572 0.739491
209 17486 17487 1.39299 1.07356
210 18166 18167 1.35512 1.64275
211 17996 18166 0.448323 0.0100919
212 18192 18193 0.782445 0.424393
213 18195 18196 0.236843 1.24037
214 15333 15368 3.21533 0.0964122
215 18416 18417 0.816466 1.82223
216 14887 14888 0.0983648 0.7968
217 18417 18418 0.163772 2.22077
218 17784 17785 1.71981 0.376333
219 18415 18416 1.23394 1.01164
220 17924 17925 1.30769 0.320609
222 17558 17559 0.966658 1.61484
223 18200 18201 1.50006 1.36786
224 16533 16534 1.34353 0.810875
225 17924 17935 0.323119 0.253217
226 17558 17559 1.5202 1.06129
227 18200 18201 0.0873852 2.78053
228 17786 17786 0 0
229 18200 18201 0.572012 2.2959
230 18200 18201 0.167125 2.70079
231 17933 17936 2.09453 0.402919
232 17536 17537 0.616689 0.41091
233 15863 15864 0.547046 3.87154
234 18199 18200 1.53933 0.919801
235 18199 18200 1.3987 1.06044
236 17933 17944 0.954813 1.00199
237 17534 17535 0.470651 0.281587
238 17788 17789 0.81902 0.325693
239 17788 17789 0.787542 0.357171
240 17943 17944 0.593276 0.600445
241 17284 17285 1.37617 1.21844
242 17852 17853 0.758708 0.959731
243 17852 17853 0.0110875 1.70735
244 17539 17540 0.747561 0.693982
245 17852 17853 1.56209 0.156347
246 17852 17853 0.86038 0.858059
247 17907 17908 1.48107 0.788449
248 18154 18155 2.74003 0.161492
249 17044 17045 1.17894 0.0926179
250 17907 17908 1.42932 0.8402
252 18358 18426 2.31567 1.93966
253 18148 18149 1.21444 2.08672
254 17705 17705 0 0
255 17704 17705 0.586169 1.30766
256 17619 17620 0.544685 0.481577
257 17255 17256 2.55591 0.0256355
258 17043 17044 0.245378 2.21563
259 18686 18687 0.381978 0.55144
260 17906 17907 0.689764 1.84621
261 19032 19032 0 0
262 14519 14520 0.111914 1.80067
263 17620 17809 2.35267 1.00506
264 17620 17809 2.41943 0.9383
265 17905 17906 1.84562 0.192338
266 17905 17906 1.46965 0.568306
267 17905 17906 1.13802 0.899936
268 18378 18433 0.940037 0.347024
269 17905 17906 0.415223 1.62274
270 17808 17809 0.404236 1.2996
271 17807 17808 1.33726 0.181854
272 18423 18676 1.211 4.08258
273 18422 18423 0.483634 1.40654
275 17804 17805 1.39807 0.947329
276 18373 18374 0.236928 1.82656
277 16705 16788 2.12729 0.789759
278 13197 13197 0 0
279 17802 17810 1.27677 0.878674
280 14765 14820 0.362479 0.0373082
281 16551 16557 0.749933 0.877532
282 18076 18077 0.0713593 2.62833
283 18011 18018 0.955362 0.215371
284 17215 17237 0.145338 3.16709
285 16952 16953 1.71332 0.348569
287 14757 14758 0.921905 2.86293
288 11578 11579 0.124249 1.53832
289 17240 17241 0.999183 1.76097
291 10778 10779 1.83982 0.069647
292 12230 12230 0 0
293 16324 16325 0.726138 7.4319
294 13039 13039 0 0
295 17304 17334 1.12382 1.08518
296 16576 16577 0.213502 0.92067
297 12296 12297 0.25634 0.679893
298 14600 14600 0 0
299 17217 17218 0.0709667 0.586905
300 16859 16870 0.27051 0.30126
301 17220 17221 0.528893 1.78994
302 10963 10964 0.178734 0.459172
303 16581 16582 2.01428 0.51272
304 14602 14602 0 0
305 15504 15505 0.219691 2.10379
306 9363 9364 1.32724 2.39646
307 17082 17083 0.644444 0.21095
308 9359 9359 0 0
309 14597 14598 0.20307 2.51956
310 7459 7460 0.471623 0.140593
311 10324 10324 0 0
312 12321 12322 0.475089 0.479396
313 14300 14301 2.30421 1.02866
314 14042 14042 0 0
315 17079 17087 0.871431 0.243952
316 12793 12794 0.00845375 7.50521
317 16679 16703 0.372494 2.71949
318 12142 12241 3.09735 1.97148
319 8833 8833 0 0
320 12076 12077 0.266825 0.255517
321 11631 11874 0.0384163 1.42495
322 12061 12061 0 0
323 12351 12352 0.0640455 0.621847
324 8110 8111 1.78591 0.959967
325 10737 10738 0.0204752 0.865556
326 10305 10306 0.921099 0.110859
327 10302 10303 0.621554 1.14279
328 11877 11878 6.61457 2.21262
329 11877 11878 7.62042 1.20677
330 11877 11878 8.13498 0.692208
331 7271 7272 0.654302 0.0483283
332 13234 13235 0.288688 0.643318
333 10298 10299 1.37121 0.30033
334 12975 12991 2.06751 0.797331
335 16376 16377 0.497777 0.306451
336 10286 10287 1.02936 0.739434
337 13920 13921 0.498413 1.84352
338 12819 12833 0.499297 0.322911
339 11378 11379 8.00625 1.36374
340 11380 11381 0.42053 0.411215
341 16883 16893 0.583705 0.593802
342 12783 12784 0.156885 2.36195
343 16686 16687 0.353747 0.642461
344 11375 11376 0.354343 0.546801
345 10279 10280 2.15112 0.554415
346 13619 13641 1.0245 0.897968
347 12072 12080 0.149451 1.46461
348 12822 12823 7.93785 1.01271
349 11384 11385 4.68146 3.38182
350 14870 14871 0.285963 1.3049
351 11372 11373 5.40059 9.58901
352 14741 14743 0.503716 0.192778
353 14152 14153 0.364539 2.88521
354 10261 10262 0.10236 0.713687
355 11839 11840 2.66487 9.44163
356 9915 9915 0 0
357 16824 16825 1.92804 0.29172
358 11369 11370 0.205244 0.572041
359 11349 11350 0.419896 1.15999
360 9591 9591 0 0
361 11063 11064 0.153065 0.299167
362 12329 12330 0.788163 0.527054
364 9647 9648 1.11172 1.86362
365 9647 9648 1.03219 1.94315
366 9654 9655 0.100582 0.944719
367 9655 9656 0.369416 0.200067
368 16834 16835 0.213289 1.69509
369 11351 11352 1.64807 6.16706
370 9605 9606 1.1011 0.241696
371 11835 11887 0.227575 1.35302
372 9590 9591 0.210051 0.941312
373 11146 11147 0.544936 0.922806
374 11566 11566 0 0
375 9919 9920 1.49957 0.85678
376 16526 16527 1.50678 0.799847
377 11930 11931 1.40065 0.822989
379 10426 10447 0.285182 0.239083
380 9669 9670 0.332234 0.767682
381 9669 9670 0.0984472 1.00147
382 7360 7361 0.473998 3.44785
383 6354 6355 0.0513956 0.460528
384 11933 11934 0.856806 1.65592
385 9254 9255 0.247015 1.46006
386 11203 11205 5.03313 2.50536
387 10692 10693 15.232 0.30115
388 12084 12238 0.903485 0.664993
389 11562 11563 6.94797 2.19586
390 8620 8620 0 0
391 11573 11574 0.373015 0.366944
392 11208 11209 0.201963 0.561842
393 11208 11209 0.193414 0.570391
394 10001 10215 0.591703 1.55272
395 12519 12520 2.47302 2.57311
396 5624 5625 0.172182 2.64123
397 5624 5624 0 0
398 9222 9318 0.332237 1.15555
399 12983 13098 1.09155 0.930269
400 5626 5689 1.23094 0.164036
401 6795 7510 0.259073 0.969836
402 4955 4956 0.157596 0.722075
403 10888 10900 1.36486 1.65489
404 4934 4956 0.978407 0.367887
405 5722 5723 0.329771 0.582221
406 6009 6010 1.27355 0.470553
407 6005 6006 0.373709 1.46381
408 5168 5169 0.617212 1.08131
409 10532 10592 0.647395 0.795938
410 10899 10900 2.68535 2.23189
411 6011 6011 0 0
412 15855 15856 0.352547 2.13393
413 5164 5165 0.247879 0.513979
414 15824 15825 0.876796 0.582038
415 6713 6714 2.24867 0.439428
416 5999 5999 0 0
417 5710 5711 0.292405 0.957573
418 12424 12425 0.507942 0.710082
419 5706 5707 0.114583 0.190838
420 5158 5159 0.310482 1.3076
421 15852 15853 0.279394 3.20086
422 5705 5706 0.417179 0.81958
423 502 503 0.287726 0.355789
424 10203 10497 7.45496 2.461
425 5704 5705 0.116199 1.41305
426 726 1017 1.49716 1.98125
427 4650 4651 0.858448 0.212911
428 11246 11247 0.219536 0.154617
429 15830 15831 0.323926 0.340234
430 8021 8022 1.42027 0.773551
431 2777 2777 0 0
432 8019 8020 2.23662 2.34958
433 9290 9290 0 0
434 11242 11243 0.421486 0.36528
435 8383 8384 0.592559 0.181392
436 10201 10202 2.28515 4.64322
437 7533 7534 0.68514 0.586592
438 7532 7533 0.266419 0.253928
439 15599 15605 1.1837 0.0616009
440 4663 4664 1.00095 0.747747
441 5984 5985 2.28728 1.05589
442 7535 7536 0.515746 1.33625
443 7538 7539 0.841413 0.672537
444 4668 4669 0.814828 1.03393
445 12182 12240 0.591895 0.189561
446 4641 4642 0.692736 0.513923
447 7543 7544 1.09294 0.191107
449 10859 10884 0.272758 0.238038
450 4670 5185 0.537339 2.02704
451 7984 7985 1.07008 0.126618
452 8202 8203 0.304883 0.961384
453 8200 8201 1.14859 0.667201
454 4645 4646 0.819427 0.447037
455 4155 4156 0.385252 1.11227
456 15228 15237 0.553069 0.458636
457 9145 9316 0.879917 0.536719
458 15373 15375 1.04631 0.988023
459 10663 10677 0.070564 0.416195
460 7555 7798 0.0410698 0.973457
461 8900 9153 0.140848 0.60513
462 15821 15822 0.162352 0.982694
463 3673 3679 0.347318 0.525098
464 15044 15045 2.07312 2.9692
465 9846 9847 2.30867 0.340192
466 1184 1431 1.67141 1.12972
467 6816 6816 0 0
468 7565 7566 0.472514 0.398617
469 7807 7808 0.265363 1.63808
470 853 945 0.836838 0.0756568
471 7807 7808 1.69974 0.2037
472 9720 9720 0 0
473 15225 15226 1.25557 1.78723
474 7026 7027 1.28482 1.7642
475 14826 15039 0.531663 0.494759
476 6122 6123 1.65295 0.380629
477 15038 15039 1.15888 1.42086
478 14158 14183 1.25573 2.09214
479 15037 15038 0.970354 1.43211
480 9587 9589 0.0360783 0.178396
481 9577 9578 7.84507 0.0174532
482 14823 14824 2.23426 0.358769
483 10445 10446 2.81553 0.00950289
484 4872 4873 0.677734 0.78727
485 7025 7095 1.32018 0.307087
486 8044 8153 0.313068 1.19098
487 5475 5476 1.17007 0.571342
488 7098 7099 1.26411 0.0513756
489 14453 14509 1.40922 0.743372
490 2532 2532 0 0
491 13903 14177 0.384987 2.47468
492 14733 14734 1.20414 1.16088
493 6131 6132 0.775276 0.909037
494 6810 6810 0 0
495 7408 7746 0.178826 0.513876
496 13411 13511 0.742615 0.03909
497 13364 13365 0.478519 0.845967
498 14410 14411 1.23884 0.155306
499 9220 9221 6.77708 3.29262
500 13906 13907 0.312888 0.687914
501 7419 7420 0.0270182 0.435042
502 5394 5395 3.41025 1.87564
503 9574 9575 0.56897 0.679329
504 6807 6808 1.46604 0.171067
505 14729 14730 0.899844 0.204434
506 6140 6141 0.26399 0.0346771
507 9205 9206 1.44159 2.41464
508 8874 9205 0.336501 0.411003
509 9567 9568 1.72214 1.02388
510 7106 7107 0.746487 0.205668
511 6146 6148 0.956131 0.06128
512 7112 7112 0 0
513 6252 6253 2.58454 0.741848
514 7113 7114 0.29186 0.449449
515 4861 4862 0.355273 2.09999
516 5663 5664 1.53184 0.333652
517 7430 7647 2.4103 0.0561705
518 5662 5662 0 0
519 6799 6800 0.016225 1.06114
520 14361 14361 0 0
521 6251 6252 0.1687 0.571971
522 9197 9272 0.378471 0.634225
523 10211 10214 10.4866 5.4939
524 7618 7618 0 0
525 8876 8877 6.695 1.18969
526 890 1213 0.145859 1.29874
527 7614 7615 0.357293 0.705884
528 6103 6104 0.585593 2.65347
529 8876 8877 3.56906 4.31562
530 14004 14005 0.719998 1.23797
531 6102 6103 0.144272 1.09658
532 3230 3230 0 0
533 8476 8477 6.44438 0.132204
534 7239 7240 0.0255391 0.542227
535 8798 8799 2.45483 2.77577
536 6364 6365 1.06205 2.83014
537 1303 1430 0.740095 2.49517
538 3144 3144 0 0
539 6368 6369 0.177695 1.51556
540 9046 9127 0.204505 1.02278
541 5628 5629 0.218817 0.628675
542 5630 5631 0.845665 1.00219
543 5635 5635 0 0
544 9925 10168 0.676476 0.396463
545 2814 2815 3.35941 0.450737
546 6084 6085 0.730292 0.778145
547 4786 4787 0.26828 0.451039
548 12866 12867 2.72422 0.443555
549 5399 5400 0.822333 0.0660818
550 9925 9930 6.12697 0.945207
551 4841 4842 0.370978 0.370322
552 4962 5070 0.513544 0.473499
553 5765 5767 0.424113 1.05873
554 6475 6476 2.62439 0.834355
555 13790 13791 0.0346173 0.194787
556 7603 7604 0.249024 2.62121
557 4832 4833 0.272852 0.746906
558 12055 12073 0.324079 0.270761
559 9330 9341 0.101353 2.22534
560 6058 6059 0.679599 0.837848
561 8811 8812 1.37467 0.245006
562 1423 1424 4.63536 2.98306
563 7601 7601 0 0
564 6471 6472 0.405847 2.44411
565 6060 6061 1.81401 5.22511
566 6471 6471 0 0
567 3112 3113 1.88586 0.808962
568 1423 1424 0.500051 7.11837
569 6060 6061 5.71103 1.32809
570 4828 4828 0 0
571 8432 8433 0.549477 0.495371
572 5028 5028 0 0
573 6468 6469 2.03681 1.02477
574 2801 2802 3.18702 0.13862
575 2801 2802 2.73684 0.588799
576 6061 6062 4.23539 2.53404
577 11881 12372 0.470625 1.82522
578 7053 7053 0 0
579 8191 8471 1.85598 0.503722
580 7633 7633 0 0
581 6533 6533 0 0
582 8467 8468 3.42579 0.649682
583 5041 5041 0 0
584 7506 7507 2.00682 1.53836
585 10914 11632 0.386563 1.23467
586 4212 4213 0.305652 0.327665
587 5035 5036 1.03236 0.782264
588 6053 6111 1.04361 0.133478
589 8104 8164 0.595809 2.75337
590 6030 6031 1.59063 0.344339
591 527 527 0 0
592 7501 7502 0.661051 3.40966
593 10908 10909 0.170297 0.190834
594 5038 5039 1.01355 0.323008
595 8636 8657 0.869972 0.2422
596 6025 6026 4.50884 0.0238471
597 6454 6455 0.0468422 1.4856
598 10689 10690 0.036496 0.515554
599 5087 5088 1.21827 0.658945
600 7392 7393 0.282523 0.976511
601 6024 6025 0.270428 0.733378
602 8653 8656 0.0649741 1.1744
603 1563 1563 0 0
604 11619 11619 0 0
605 6325 6326 0.333106 2.19437
606 2165 2166 0.693013 2.15384
607 6163 6325 0.0308163 2.46807
608 459 459 0 0
609 1902 1903 1.66748 2.91869
610 6633 6634 0.57897 0.649521
611 6633 6634 0.505466 0.723025
612 11140 11623 2.85021 1.70601
613 6150 6151 1.20106 2.18844
614 10699 10700 0.169647 0.833901
615 6593 6594 0.0295172 0.10748
616 4186 4186 0 0
617 6152 6153 1.24397 9.26176
618 1897 1898 0.905654 2.15663
619 3201 3201 0 0
620 12509 12510 0.827006 0.347564
621 4365 4366 0.165051 0.310316
622 10406 10406 0 0
624 3827 3828 0.306287 0.644371
625 5257 5369 2.34296 1.81509
626 10194 10205 1.31839 0.0770484
627 7485 7673 5.78402 1.5827
628 5368 5369 1.32501 1.0343
629 3856 3881 2.82162 0.538287
630 8647 8648 1.36172 2.24293
631 8243 8243 0 0
632 10127 10127 0 0
633 10804 10804 0 0
634 11096 11143 2.605 1.00201
635 11081 11095 1.56203 0.15982
636 4730 4749 0.297118 0.323592
637 1661 1664 1.20302 0.145043
638 8241 8242 3.62437 1.02703
639 2302 2302 0 0
640 8240 8241 3.14595 0.472441
641 4562 4563 0.29661 1.14049
642 5945 5946 3.12567 2.73583
643 8244 8245 0.728543 0.359879
644 4453 4544 9.00745 5.1451
645 5949 5950 1.17654 0.168232
646 12003 12004 0.994384 0.426842
647 6727 6728 1.03902 0.773348
648 10121 10122 2.1061 1.36269
649 5362 5363 2.43542 0.632152
650 10623 10624 0.770387 0.27364
651 10836 10853 0.353324 0.442057
652 8786 8795 1.44912 0.431795
653 6313 6319 2.73626 0.0285585
654 10608 10608 0 0
655 10840 10841 0.182202 2.25097
656 11082 11088 0.474424 0.331235
657 6239 6240 0.659628 1.74297
659 7931 7991 0.550762 0.817156
660 7931 7991 0.493879 0.874038
661 9940 10121 2.71665 2.3357
662 7078 7079 7.69125 2.07513
663 3918 3925 0.984811 1.16575
664 11210 11211 0.244926 2.70195
665 9938 9938 0 0
666 9560 9561 0.741131 0.981002
667 9939 9939 0 0
668 8843 8844 0.332919 0.308039
669 6243 6244 1.6137 0.16009
670 7875 7876 0.232406 1.4148
671 9058 9071 0.0302658 1.80701
672 9841 9841 0 0
673 5934 5934 0 0
674 11226 11227 0.640699 0.664895
675 9838 9839 1.04153 0.0980906
676 9441 9471 0.887339 0.217263
677 5357 5358 0.453396 0.40259
678 10031 10031 0 0
679 11226 11227 1.0733 0.232291
680 264 265 5.33563 0.269203
681 9838 9839 0.345988 0.793632
682 9143 9144 0.17358 0.40249
683 8748 8749 0.755868 0.653192
684 2050 2051 1.9024 0.501898
685 9436 9437 1.96819 2.0695
686 8102 8103 0.287516 0.401813
687 11227 11227 0 0
688 9545 9547 0.49203 0.449285
689 10455 10518 0.0699614 1.6046
690 9486 9487 0.197047 0.797823
691 9156 9156 0 0
692 8677 8678 2.01127 0.0497973
693 6268 6269 0.322656 0.278793
694 6676 7006 2.51188 4.64121
695 5830 5831 0.498086 0.633751
696 9485 9486 0.501396 0.897679
697 9064 9095 0.0676918 1.1751
698 9843 9844 0.185084 2.36861
699 10036 10037 0.390288 0.573946
700 7094 7138 1.77652 0.957148
701 5069 5073 0.869342 0.157556
702 5821 5822 2.52774 2.01795
703 259 260 4.75359 0.195661
704 4534 4535 0.286717 3.97641
705 3887 4107 0.234902 1.22643
706 4293 4294 2.06791 0.438233
707 9952 9953 1.11211 1.6187
708 6271 6272 0.790627 0.173885
709 10491 10522 0.323137 0.55026
710 10430 10431 0.817714 0.396175
711 9952 9953 0.458506 2.2723
712 8090 8091 0.0484786 0.952051
713 9698 9699 0.42025 1.27126
714 9715 9716 0.76728 1.33252
715 7298 7300 0.120121 0.877628
716 9099 9100 1.01327 1.29073
717 10466 10466 0 0
718 5820 5821 5.46091 0.652018
719 8086 8087 0.585217 0.888937
720 10463 10464 1.38195 2.13622
721 10463 10464 1.86849 1.64969
722 7869 7870 0.110264 0.912011
723 9694 9695 2.12856 0.144992
724 9017 9100 2.0525 1.20275
725 8780 8782 2.2754 2.12365
726 8822 8855 0.673601 1.64416
727 9695 9696 0.0194119 1.84315
728 10466 10467 1.13554 1.89052
730 8862 8863 0.925504 0.413999
731 3415 3416 1.19846 2.96693
732 10467 10468 0.192555 0.739925
733 9563 9564 0.244612 1.89883
734 3275 3276 3.74672 0.443595
735 8859 8860 0.245113 1.01994
736 8341 8342 0.639908 0.0202684
737 8699 8700 0.374883 0.817728
738 1163 1168 0.545911 0.598211
739 8858 8859 0.406484 1.83546
740 5487 5487 0 0
741 8697 8698 0.848712 0.969688
742 9459 9460 0.730701 0.677527
743 7795 7823 2.54749 0.45148
744 8526 8527 0.0896398 0.755073
745 9461 9462 0.731825 0.281762
746 8856 8857 2.13827 0.0978029
747 8696 8696 0 0
748 3474 3474 0 0
749 7795 7823 0.859481 2.13949
750 9455 9456 1.45199 0.0439608
751 3961 3962 6.34582 1.05986
752 4253 4254 10.4642 5.04729
753 4737 4753 0.936185 7.55903
754 8523 8524 0.757093 0.441039
755 4279 4280 0.865818 0.214986
756 9456 9457 0.372365 1.26406
757 8661 8662 0.320434 0.789018
758 8329 8329 0 0
759 9262 9399 0.38336 1.03165
760 8521 8522 0.485404 0.288948
761 7849 7849 0 0
762 10476 10476 0 0
763 8534 8535 0.347216 0.562386
764 9454 9455 0.796332 2.14004
765 9261 9262 0.00644946 0.831512
766 3030 3030 0 0
767 8533 8534 1.30483 0.544979
768 8519 8520 1.59843 0.761239
769 9450 9451 0.73588 1.64405
770 8355 8355 0 0
771 8352 8353 0.88033 0.0773801
772 9162 9260 0.318099 1.83512
773 8353 8354 0.274723 0.263184
774 8412 8413 0.262581 1.16716
775 9105 9105 0 0
776 7864 7878 0.577019 0.896917
777 8412 8532 0.52946 0.654657
778 7878 8056 0.820581 0.161159
779 8412 8414 0.0978967 0.639749
780 8346 8347 0.916044 1.5848
781 8345 8346 2.3277 2.13561
782 8412 8532 0.12658 1.05754
783 8345 8346 3.34523 1.11808
784 1730 1731 1.09519 1.83336
785 8412 8414 0.316293 0.421353
786 9160 9161 0.690793 0.979044
787 8532 8532 0 0
788 8345 8346 0.879675 3.58363
789 3026 3027 0.0473678 0.945186
790 8346 8346 0 0
791 8346 8347 2.21715 0.2837
792 7214 7220 1.03557 1.19427
793 8057 8058 1.06123 0.814007
794 1734 1734 0 0
795 8060 8061 0.601686 1.32549
796 8345 8346 1.14384 3.31947
797 8345 8346 0.165103 4.29821
798 2492 2493 3.36896 0.256334
799 8350 8351 0.785275 0.707595
800 8183 8345 1.80022 0.916943
801 7163 7164 1.04541 1.08967
802 7165 7179 0.95845 0.120628
803 9120 9121 0.0795658 0.228912
804 9899 9899 0 0
805 9121 9122 0.584769 0.498037
806 1030 1031 0.654929 0.813734
807 8182 8183 1.45191 0.711128
809 8181 8182 0.218195 1.42407
810 8118 8118 0 0
811 9061 9106 0.406812 0.887282
812 8185 8186 0.471079 1.34065
813 8060 8061 1.49094 0.436244
814 8184 8185 2.27792 0.600477
815 7059 7060 0.356059 0.301518
817 10545 10546 1.81049 1.75295
818 913 1027 0.490978 1.81769
819 8184 8185 0.163809 2.71458
820 9906 9907 0.435282 0.127825
821 9043 9044 0.755268 1.09351
822 2106 2354 0.0459916 2.58601
823 9041 9042 0.3145 1.32223
824 8823 8824 0.0450062 0.142411
825 6904 7062 3.54596 1.10898
826 9039 9040 1.28346 0.435678
827 8516 8517 0.149464 1.01689
828 9041 9042 0.960585 0.67614
829 6904 7062 0.533144 4.1218
830 9371 9704 0.195446 0.594674
831 6558 6559 0.662154 0.681155
832 874 914 1.37797 1.30946
833 8851 8852 1.98806 0.119241
834 7487 7488 0.924488 0.478446
835 6556 6556 0 0
836 6499 6500 0.885592 1.16974
837 8850 8851 0.70135 0.0693744
838 8747 8747 0 0
839 7219 7252 0.442018 0.497191
841 8765 8792 0.92214 0.532242
842 9373 9374 1.17596 0.206176
843 6927 6928 0.323671 2.41141
845 7210 7211 0.298719 0.342779
846 6563 6563 0 0
847 8766 8767 0.898807 0.222597
848 8139 8140 1.25068 0.157451
849 7212 7215 0.353383 0.628171
850 2101 2102 1.31882 0.788183
851 8866 8867 0.69569 2.67327
852 9386 9386 0 0
854 9377 9378 0.57993 0.486086
855 9378 9379 0.750401 1.09925
856 820 821 0.850382 0.048371
857 868 869 0.0818881 3.11341
858 7207 7208 4.14133 2.12167
859 8249 8250 0.227269 0.130192
860 411 412 0.107458 1.03716
861 8055 8105 0.40116 2.853
862 8248 8249 0.0541964 0.535685
863 4725 4726 0.230144 1.06393
864 4708 4709 0.32353 3.17304
865 8312 8312 0 0
866 7205 7206 0.0311749 0.953037
867 8045 8045 0 0
868 9 36 1.45128 0.560557
869 8031 8031 0 0
870 7725 7726 0.224199 0.798457
871 6932 6933 0.418372 1.8802
872 7963 7995 0.646757 0.405623
873 5747 6486 0.133835 0.586693
874 6068 6069 0.422316 0.261703
875 387 387 0 0
876 7322 7326 0.705758 0.82176
877 8299 8300 0.344013 0.37685
878 5744 5745 0.950107 0.323782
879 7950 7951 1.1933 1.97805
880 5744 5744 0 0
881 7293 7294 1.14786 0.57064
882 7949 7950 0.797809 0.850911
883 6613 6614 0.33071 1.96308
885 6960 6986 0.511121 1.93499
886 8188 8188 0 0
887 7947 7948 0.225383 0.274533
888 7937 7937 0 0
889 7155 7289 0.527671 1.47657
890 7945 7946 1.06365 0.195019
891 1408 1408 0 0
892 7153 7154 3.63339 0.228032
893 6986 7038 0.297002 2.44751
894 6078 6078 0 0
896 4069 4070 0.41559 0.201517
897 7941 7942 0.237664 0.567552
898 6952 6953 1.35568 0.496425
899 7021 7066 0.922268 1.09948
900 7851 8152 0.103856 1.75707
901 1919 1920 0.826481 0.338527
902 1021 1022 0.102146 1.10342
903 6950 6951 0.667807 3.26466
904 7852 7853 0.231024 0.199516
905 6623 6623 0 0
906 201 202 1.43245 0.340986
907 7063 7156 0.576132 0.228231
908 5748 5749 1.15354 0.359061
909 5567 5568 0.335482 1.77296
910 591 861 0.211466 2.40496
911 7857 7858 0.205271 1.9136
912 7071 7072 3.80724 1.87127
913 6943 6944 1.57984 0.587577
914 1109 1110 0.206465 1.21291
915 7070 7070 0 0
916 6180 6934 0.227243 1.04093
917 7315 7329 0.419627 1.82972
918 862 863 0.798014 2.36825
919 6941 6942 0.914073 0.867755
920 5266 5571 0.926901 1.32811
921 5543 5544 0.360026 2.34644
922 7304 7305 0.83585 0.310691
923 1894 1895 0.381523 0.586668
924 2158 2159 0.425789 0.129855
925 7148 7148 0 0
926 6902 6902 0 0
927 5270 5271 0.175806 0.95766
928 7321 7321 0 0
929 7142 7143 0.145342 1.10236
930 6169 6169 0 0
931 6893 6894 0.470983 0.155983
933 6894 6895 1.09205 0.838404
934 5916 5954 0.60386 0.315844
935 6902 6903 0.914515 1.01805
936 7191 7192 0.319459 0.856344
937 6994 6994 0 0
938 1888 1888 0 0
939 6878 6879 0.129934 1.28977
940 6987 7003 1.01769 0.387804
941 5600 5606 0.277526 1.22658
942 1880 1881 0.391439 0.861372
943 5442 5443 1.74414 0.452984
944 2130 2392 0.653585 0.64469
945 4952 4953 2.20608 0.282999
946 4895 4895 0 0
948 4473 4473 0 0
949 1871 1872 0.622139 1.56383
950 2598 2599 0.304687 0.81444
951 4506 4527 0.50784 0.703846
952 241 643 0.245585 0.39134
953 3980 3980 0 0
954 2113 2113 0 0
955 1683 1684 1.77276 0.474987
956 1544 1681 1.00493 0.40351
957 3292 3292 0 0
958 3366 3367 0.302796 0.228311
959 3225 3225 0 0
960 4691 4692 1.02354 0.124209
961 4482 4484 0.354834 0.60911
962 4697 4698 0.406454 0.905186
963 1611 1660 2.02834 1.4529
964 1811 1812 1.53141 0.70907
966 1589 1590 0.821853 0.251929
967 1827 1828 0.897626 0.407172
968 337 338 0.243554 1.03048
969 2019 2020 0.877057 0.62994
970 2889 2890 1.72356 0.592075
