0 19084 19087 0.675351 1.0808
1 15430 15431 0.445535 0.470511
2 20483 20484 1.32413 12.4106
3 20862 20869 0.686406 0.579293
4 20228 20288 1.21441 0.359064
5 20619 20623 0.86842 4.67721
6 20526 20532 4.86933 1.37372
7 18914 18915 1.10129 0.629635
8 17381 17389 3.38721 2.40038
9 19749 19896 0.153239 2.85761
10 18759 18760 1.22837 1.62412
11 18837 18838 4.91859 5.67594
12 18763 18764 1.75918 1.18187
13 14627 14628 0.265718 0.332767
14 17052 17053 0.357224 0.245236
15 20558 20559 0.654516 0.888939
16 18711 18711 0 0
17 18268 18280 3.80176 0.784901
18 18746 18816 0.0677169 2.85622
19 20499 20499 0 0
20 20553 20553 0 0
21 19865 19866 0.544797 1.14279
22 20796 20797 0.757298 1.29574
23 20551 20552 0.784447 0.507327
24 20551 20552 0.597938 0.693836
25 15332 15338 0.483755 0.8901
26 20973 20974 1.82244 1.03534
27 20973 20974 1.90782 0.949958
28 20550 20551 0.365825 1.16378
29 20548 20549 0.300655 1.14896
30 20125 20253 2.19726 0.476624
31 20547 20548 1.91983 1.25679
32 20253 20254 0.128254 4.20933
33 20547 20548 0.34814 2.82847
34 19897 19933 1.36044 0.265176
35 20969 20970 2.49127 0.121896
36 21033 21034 1.52033 1.28848
37 21033 21034 1.60743 1.20138
38 21033 21034 2.33896 0.469846
39 20506 20513 0.159651 1.55834
40 20933 20934 1.18223 0.148834
41 20817 20840 0.733309 0.367748
42 20571 20572 0.948919 0.0356736
43 20393 20521 1.8038 0.0907063
44 20393 20521 1.64742 0.247084
45 20783 20784 0.417986 0.825038
46 20571 20639 0.598346 0.597641
47 20805 20806 0.5322 0.152689
48 20804 20806 0.618078 0.339505
49 20804 20806 0.815753 0.141831
50 20805 20806 0.613923 0.0709659
51 17100 17100 0 0
52 18750 18829 3.37241 0.137069
53 20851 20852 0.237297 0.398395
54 20340 20356 0.829112 0.450055
55 19278 19279 0.980636 0.982211
56 18509 18510 1.97965 0.344662
57 17766 17766 0 0
58 17407 17408 5.0948 1.26052
59 20413 20509 0.284627 0.112964
61 18516 18701 4.11267 1.02128
62 20278 20279 0.325387 0.749444
63 20278 20279 0.993317 0.0815151
64 18516 18701 3.98379 1.15017
65 20273 20274 0.939283 0.697374
66 20272 20273 0.531558 0.0649413
67 20273 20274 0.441682 1.19498
68 19530 19548 1.66792 0.379664
69 19530 19548 1.627 0.420594
70 17754 17762 1.51568 2.98224
71 17754 17762 1.23724 3.26068
72 17754 17762 0.21041 4.28751
73 16190 16191 0.379652 0.55885
74 17379 17495 1.04581 0.902072
77 17377 17379 2.72839 0.632067
79 20065 20118 0.96899 0.140374
80 19227 19228 0.83566 0.207178
81 19228 19229 0.954424 0.459887
82 19835 19836 0.797926 0.354106
83 16076 16192 0.135363 1.46788
84 17377 17379 1.15456 2.2059
85 17375 17377 1.47177 1.15702
86 19823 19824 0.883531 0.796548
87 18146 18147 1.46146 0.195777
88 18146 18147 0.213468 1.44377
89 17072 17190 1.39971 1.43766
90 17712 17713 1.34911 2.36315
91 18299 18303 0.856488 0.142351
92 18356 18385 0.153133 5.60979
93 18356 18385 0.135357 5.62756
94 18356 18385 1.97855 3.78437
95 18436 18579 0.818516 0.371153
96 17502 17605 1.01881 0.532525
97 17771 17772 1.0336 0.429038
98 14986 14999 3.08532 0.417733
99 19721 19722 1.13009 0.299653
100 13265 13318 0.0845733 1.07625
101 17606 17625 0.345656 0.157665
102 13355 13455 1.27727 1.00663
103 17864 18020 1.21849 1.38464
104 17629 17763 1.13463 0.973582
105 19149 19150 0.991518 0.881639
106 19375 19393 0.308814 1.53105
107 17663 17664 0.229318 0.495159
108 17779 17780 2.31289 0.0210488
109 17779 17780 2.26781 0.0661299
110 16088 16089 0.233045 9.21436
111 17790 17939 1.51334 1.65132
112 18491 18492 2.91627 0.00131869
113 18770 18771 1.35095 0.156422
114 18775 18810 1.3978 0.43007
115 18776 18777 0.0560698 2.05981
116 17557 17715 0.686508 0.973879
117 18428 18429 0.0906636 1.58782
118 18777 18777 0 0
119 18703 18732 1.18743 0.047653
120 17457 17458 1.93567 0.412347
121 18703 18732 0.965308 0.269771
122 18918 18919 0.0665696 3.6633
123 18704 18707 0.862284 0.824536
124 18708 18740 0.612877 0.702683
125 17693 17694 2.09851 0.787482
126 18304 18305 2.40025 0.206959
127 18740 18740 0 0
128 18606 18629 0.380541 2.10153
129 19006 19006 0 0
130 17693 17693 0 0
131 18739 18740 0.0847855 0.46235
132 18943 18944 0.00886523 1.51838
133 18291 18305 0.665941 1.94984
134 17437 17438 0.992208 0.934763
135 19079 19080 1.81328 0.625003
136 18482 18483 1.86363 2.62927
137 18941 18942 0.966411 1.41319
138 17729 17730 2.26543 0.942593
139 18482 18483 3.02729 1.46561
140 17729 17730 2.04373 1.1643
141 14949 14950 0.600002 1.52988
142 18282 18353 0.146213 1.24454
143 18038 18038 0 0
144 18615 18615 0 0
145 17729 17729 0 0
146 17637 17638 0.749371 0.415692
147 17422 17423 1.39772 0.345002
148 17422 17423 1.24226 0.500459
149 18891 18892 0.618218 1.22024
150 17420 17421 0.857051 0.334421
151 18921 18922 0.418614 0.347921
152 17420 17421 1.16245 0.0290264
153 18615 18616 1.00915 0.9005
154 18726 18789 1.20214 0.654275
155 18614 18635 1.19669 0.180358
156 18384 18437 0.884159 0.582115
157 18269 18270 0.756113 1.69329
158 18614 18615 0.356487 0.334075
159 18616 18617 0.282485 1.17406
160 18178 18179 1.61451 1.5738
161 18470 18471 1.65911 0.756306
162 17887 17888 0.0959619 0.971006
163 17690 17733 2.40195 0.127573
164 17417 17418 0.587499 1.05661
165 17687 17688 1.04942 0.48607
166 18178 18179 0.862806 2.32551
167 17886 18036 2.90865 0.522815
168 17416 17417 0.456915 0.516496
169 11220 11221 0.608142 0.184036
170 18626 18627 0.516054 0.876798
171 18362 18363 0.428259 0.314618
172 18626 18627 0.525515 0.867337
173 18328 18329 1.56757 0.410307
174 18588 18589 1.28767 0.800428
175 18590 18591 0.85818 0.825747
176 17879 17880 0.71753 0.620946
177 17313 17314 0.474568 0.661254
178 17313 17313 0 0
179 18287 18397 1.4534 0.742855
180 17690 17744 2.64045 0.182848
181 18054 18055 2.07698 1.12182
182 17743 17744 2.25374 0.444691
183 16102 16103 0.66899 0.672745
184 18396 18397 1.72083 0.252053
185 18054 18055 1.22873 1.97007
186 18168 18169 1.1629 0.343225
187 17743 17744 1.49324 1.20519
188 18522 18618 1.0728 0.635756
189 18395 18398 1.3094 1.67177
190 18718 18719 0.125157 2.22
191 18395 18398 2.67308 0.30809
192 17484 17485 1.18367 0.14346
193 18250 18400 0.696183 1.02886
194 17742 17743 1.80263 0.0915697
195 17278 17279 1.19666 0.312879
196 18167 18168 2.50814 0.652206
197 18402 18403 0.219867 2.28205
198 18399 18521 2.78891 1.412
199 18402 18403 1.73604 0.765875
200 17875 17876 0.673209 0.707565
201 18669 18714 0.65194 0.860575
202 17742 17743 0.869405 1.02479
203 18669 18714 0.366304 1.14621
204 15786 15788 0.249439 0.0859048
205 17742 17743 0.382289 1.51191
206 18669 18714 0.610802 0.901713
207 18399 18521 2.08805 2.11287
208 17742 17743 0.0930981 1.8011
209 17278 17279 0.625313 0.884228
210 18625 18669 0.681279 0.988921
211 17485 17486 0.861243 1.41483
212 15860 15861 1.09599 0.277418
213 17276 17277 1.44064 0.333372
214 18415 18416 1.93983 0.305754
215 18399 18413 1.97681 0.0837034
216 17868 17945 1.35434 0.0572878
217 18691 18692 1.51443 0.212529
218 17950 17996 0.481828 0.479563
219 18691 18692 0.866624 0.860335
220 17869 17925 0.404823 0.979331
221 15860 15861 0.839687 0.533717
222 18195 18196 0.811072 0.66614
223 18691 18692 0.429958 1.297
224 17869 17925 1.18232 0.201835
225 17951 17952 0.624342 0.32702
226 18690 18691 1.22112 0.376041
227 17951 17952 0.285492 0.665869
228 18611 18612 1.01171 0.855867
229 18193 18193 0 0
230 17559 17559 0 0
231 18611 18612 0.496318 1.37126
232 18690 18691 0.415523 1.18164
233 18690 18691 0.123625 1.47353
234 18680 18690 0.171382 0.0965245
235 17786 17787 0.0904159 1.50207
236 17559 17639 0.114085 1.84707
237 17786 17787 0.46193 1.13056
238 17783 17784 1.08443 0.856225
239 18200 18201 1.24686 1.62106
240 18414 18419 1.22099 0.243935
241 17786 17787 1.16449 0.428003
242 17933 17936 2.05814 0.439303
243 17783 17784 0.531961 1.40869
244 17640 17786 0.917521 0.462831
245 18199 18200 2.41224 0.0468905
246 17933 17936 1.59555 0.901899
247 17783 17936 0.381775 0.419175
248 18199 18200 2.34006 0.119074
249 17640 17786 0.705954 0.674398
250 17127 17130 0.117936 0.120538
251 17933 17936 1.35215 1.14529
252 17783 17936 0.659327 0.141624
253 17933 17936 1.32197 1.17547
254 18199 18200 1.16812 1.29101
255 17783 17789 1.1698 0.784954
256 17282 17538 0.579917 0.253559
257 18199 18200 0.695562 1.76357
258 15782 15782 0 0
259 18199 18200 0.373719 2.08542
260 18425 18425 0 0
261 17756 17757 0.885135 0.613194
262 17285 17286 0.364823 1.2848
263 18198 18199 1.91516 0.127615
264 18284 18285 0.274822 0.971894
265 17701 17758 0.947129 0.0278136
266 17701 17702 1.44222 0.179644
267 17473 17539 1.36558 0.468243
268 17942 17943 0.953262 0.55122
269 17045 17046 2.53113 0.480079
270 17706 17707 0.985128 0.155954
271 17539 17539 0 0
272 18149 18150 0.429254 1.81682
273 17852 17853 0.384015 1.33442
274 17852 17853 0.358669 1.35977
275 17854 17942 0.229676 0.0634638
276 17852 17853 0.222537 1.4959
277 17706 17707 0.305633 0.83545
278 17706 17707 0.307085 0.833997
279 17702 17703 0.758175 0.900827
280 17854 18148 1.07405 0.901842
281 18152 18283 0.635199 0.915141
282 17854 18148 1.563 0.41289
283 18148 18148 0 0
284 18152 18283 1.36091 0.189428
285 17705 17706 1.18115 0.513554
286 18152 18155 0.368879 0.928437
287 17854 17908 1.03928 0.210678
288 18152 18155 0.70237 0.594946
289 17705 17706 0.666608 1.02809
290 17907 17908 2.07774 0.191772
291 17704 17705 1.79124 0.102584
293 17705 17706 0.778364 0.916336
294 18149 18150 0.0927607 2.15332
295 17704 17705 1.62051 0.273321
296 18152 18155 1.13814 0.159178
297 17704 17705 1.37751 0.516315
298 17704 17705 0.931274 0.962555
299 18284 18285 1.07163 0.175089
300 17704 17705 0.829154 1.06467
301 17704 17705 0.694091 1.19974
302 18358 18426 2.16815 2.08718
303 17704 17705 0.445977 1.44785
304 18604 18605 1.18397 0.0570189
305 17620 17620 0 0
306 18688 18695 0.146798 0.154459
307 18358 18426 2.47496 1.78037
308 18609 18694 2.02327 1.19412
309 17704 17705 0.273093 1.62074
310 17256 17257 0.157203 1.5928
311 18694 18695 0.13535 0.732331
312 18154 18155 1.28674 1.61478
313 17906 17907 2.2542 0.281776
314 17906 17907 2.1548 0.381176
315 17906 17907 2.03495 0.501023
316 17618 17619 0.331202 0.71944
317 18154 18155 0.103439 2.79808
318 17906 17907 1.29411 1.24186
319 17620 17809 1.75695 1.60078
320 17620 17809 1.72798 1.62975
321 17620 17809 1.86022 1.49751
322 17261 17262 1.50114 1.44955
323 17620 17809 2.34889 1.00884
324 18153 18154 2.22667 0.927681
325 18153 18154 1.77296 1.38138
326 16896 16897 0.59643 0.233789
327 18153 18154 1.66017 1.49417
328 18153 18154 1.11395 2.04039
329 18677 18678 2.38659 0.367728
330 18153 18154 0.922603 2.23174
331 18202 18203 0.306412 0.261131
332 18153 18154 0.641243 2.5131
333 18153 18154 0.486664 2.66768
334 17905 17906 0.0607934 1.97717
335 18254 18307 0.702984 0.780547
336 18423 18676 4.97782 0.315754
337 18254 18307 0.231552 1.25198
338 17904 17904 0 0
339 17807 17808 1.17839 0.340728
340 17807 17808 1.24499 0.274123
342 17807 17808 1.01965 0.499463
343 17807 17808 0.909494 0.609622
344 18139 18153 0.243447 0.942291
345 17806 17807 0.599271 0.464539
346 17903 17904 1.29566 0.383523
347 18123 18123 0 0
348 18423 18676 2.64677 2.64681
349 17805 17806 0.857073 0.262384
350 16872 16886 0.67018 1.70501
351 18423 18676 0.540865 4.75271
352 18423 18676 1.96642 3.32716
353 17063 17131 0.447819 1.38019
354 17901 17902 1.42306 0.3173
355 9555 9555 0 0
356 13434 13435 2.09856 0.927027
357 17253 17254 3.74077 0.305756
358 17803 17804 2.17585 0.037183
359 16788 16789 1.01395 0.483873
360 17900 17901 1.21717 0.414093
361 16705 16788 2.0524 0.864646
362 18073 18073 0 0
363 17248 17249 0.791959 1.00488
364 17900 18073 1.88077 1.21851
365 17062 17063 0.231103 1.55309
366 17802 17810 0.74759 1.40785
367 17802 17810 0.846119 1.30932
368 17802 17810 0.844145 1.3113
369 16890 16916 0.386193 0.879149
370 17802 17810 1.00685 1.14859
371 17802 17810 0.770093 1.38535
372 17253 17254 0.0301975 4.01633
373 17158 17159 0.335868 0.169346
374 16708 16709 1.17477 0.303484
375 17802 17810 1.21724 0.938201
376 17156 17156 0 0
377 16882 16890 0.167392 1.03168
378 17802 17810 1.69311 0.462336
379 17159 17160 0.0928551 0.0193707
380 18009 18010 2.02846 0.225179
381 17608 17609 0.942535 0.794267
382 18012 18013 1.2032 0.246617
383 18012 18013 1.08862 0.361198
384 17154 17155 1.56042 0.637932
385 18012 18013 0.622699 0.827116
386 18011 18012 0.813234 0.358929
387 18012 18013 0.357869 1.09195
388 18012 18013 0.446957 1.00286
389 17238 17344 2.43752 0.0229712
390 18011 18012 1.107 0.0651652
391 18017 18018 0.891501 0.306367
392 16964 16965 0.330186 0.846857
393 17214 17247 0.262965 1.39034
394 16952 16953 2.00751 0.0543816
395 17246 17247 1.72022 0.567923
396 16694 16694 0 0
397 17246 17247 1.22531 1.06284
398 17246 17247 1.29332 0.994817
399 16494 16702 4.42101 1.76216
400 14757 14758 1.67569 2.10915
401 17243 17244 0.56719 0.0479912
402 17041 17240 2.03933 1.13314
403 17240 17241 0.666627 2.09353
404 17300 17301 0.797022 1.35202
405 16790 16875 0.13822 1.49022
406 16939 16940 1.59173 0.452415
407 17342 17343 0.947902 0.70251
408 17137 17137 0 0
409 9363 9364 2.1428 1.58089
410 14157 14300 0.125554 3.76042
411 14157 14300 1.14219 2.74379
412 12354 12355 2.0804 0.305837
413 14157 14300 2.8235 1.06248
414 12321 12322 0.424903 0.529582
415 14266 14273 0.098205 0.328669
416 17080 17081 2.02427 0.413953
417 14300 14301 2.79063 0.542241
418 12321 12322 0.111975 0.84251
419 12337 12338 1.92369 0.907726
420 14070 14264 0.838387 0.593413
421 17129 17129 0 0
422 12337 12338 2.57313 0.258286
423 16680 16681 0.595266 0.502121
424 16679 16703 1.30042 1.79156
425 12070 12075 1.00306 0.192008
426 12059 12060 0.196041 0.511375
427 17067 17070 0.332615 0.831299
428 17209 17210 1.85829 1.64112
429 17209 17210 0.920385 2.57902
430 17209 17210 0.982432 2.51698
431 17208 17208 0 0
432 12994 12995 7.31854 1.2465
433 12991 12993 0.886134 0.155955
434 12975 12991 1.3875 1.47734
435 16892 16894 0.203631 1.34505
436 16892 16894 0.29791 1.25077
437 16892 16894 0.795705 0.75298
438 16381 16382 0.520151 0.869817
439 11848 11878 0.36391 3.58768
440 16883 16893 0.549682 0.627824
441 11845 11848 1.26893 1.37062
442 11845 11848 0.915684 1.72386
443 12022 12023 0.391076 0.311009
444 12094 12094 0 0
447 13641 13643 0.645459 1.10304
448 11384 11385 3.95521 4.10807
449 11384 11385 4.02979 4.03349
450 11372 11373 10.7035 4.28607
451 14742 14743 0.317558 0.528211
452 14742 14743 0.36979 0.475979
453 11372 11373 5.15034 9.83926
454 11372 11373 4.65715 10.3324
455 11372 11373 3.00182 11.9878
456 10262 10262 0 0
457 11349 11350 0.437423 1.14246
458 12253 12254 0.786151 0.419199
459 12253 12254 0.604746 0.600604
460 11064 11064 0 0
461 11351 11352 0.459057 7.35607
462 11351 11352 1.80951 6.00562
463 11834 11835 1.4139 0.00246191
464 11835 11835 0 0
465 9590 9664 0.691392 0.671952
466 11880 11886 0.227196 0.060106
467 11146 11147 0.686387 0.781356
468 16480 16480 0 0
469 10727 10727 0 0
470 16479 16528 0.220301 0.317698
471 16479 16481 0.511785 2.35864
472 16479 16481 0.594541 2.27589
473 10693 10708 6.15032 1.48738
474 9670 9671 0.928865 0.555616
475 16479 16481 1.95432 0.916102
476 10890 10890 0 0
477 10854 10855 1.81876 2.74109
478 10854 10855 1.963 2.59685
479 10693 10708 2.35034 5.28737
480 10854 10855 2.6795 1.88035
481 10854 10855 1.52803 3.03182
482 10854 10855 2.09391 2.46595
483 16266 16267 2.42857 1.18479
484 11061 11062 3.46891 1.26098
485 10854 10855 3.31543 1.24443
486 11203 11563 1.64166 3.5864
487 10692 10693 9.44669 6.08646
488 16265 16266 0.885711 0.0490237
489 16265 16266 0.738734 0.196001
490 10857 10858 0.263358 1.22931
491 9191 9222 2.21403 1.27406
492 5691 5692 0.906562 0.234193
493 10593 10628 1.53469 1.01438
494 10593 10628 1.70509 0.843976
495 10517 10532 0.635 0.481891
496 10532 10592 0.839266 0.604067
497 15852 15853 1.51148 1.96877
498 12434 12435 0.61026 0.165223
499 10201 10202 1.2623 5.66606
500 10201 10202 1.28943 5.63893
501 12213 12214 1.1307 4.45736
502 12182 12240 0.138094 0.643361
503 8051 8051 0 0
504 8196 8197 0.854504 0.701509
505 8196 8197 0.846472 0.709541
506 15215 15327 0.841761 2.18946
507 15239 15269 0.159231 0.199095
508 15228 15236 1.00961 1.04765
509 15228 15236 1.04535 1.01191
510 10663 10678 0.0141187 0.497792
511 3673 3679 0.734418 0.137998
512 9847 9886 0.631318 1.96476
513 9836 9847 1.73019 0.44137
514 15044 15045 2.67436 2.36796
515 7564 7565 0.597855 0.140407
516 945 946 0.561527 1.48568
517 15038 15039 2.26758 0.312156
518 9719 9720 0.436678 1.7939
519 9586 9587 0.253374 0.610769
520 14161 14162 0.280296 2.68777
521 14509 14834 0.453519 3.09174
522 14509 14834 0.41425 3.13101
523 14509 14509 0 0
524 14453 14509 1.43094 0.721651
525 14443 14453 1.54013 0.0844642
526 2532 2533 0.617308 0.307246
527 7747 7748 0.753665 1.174
528 13906 13907 0.510576 0.490226
529 7106 7107 0.146791 0.805364
530 6146 6148 0.194408 0.823003
531 6108 6147 0.300012 0.424531
532 6108 6147 0.593204 0.131339
533 9199 9219 0.0168911 1.12224
534 9175 9175 0 0
535 9197 9198 0.616928 0.511502
536 10211 10214 9.64799 6.33249
537 8506 8506 0 0
538 3144 3226 0.458621 2.10032
539 8798 8799 2.6457 2.58489
540 4451 4452 2.07607 0.52017
541 9031 9031 0 0
542 8800 8882 1.04727 3.25494
543 5630 5631 1.62621 0.221641
544 8876 8882 3.179 1.62144
545 8876 8882 4.33424 0.466196
546 8800 8882 1.62221 2.68001
547 8806 8882 4.18259 1.01165
548 9925 9930 2.6504 4.42178
549 8806 8882 0.598244 4.596
550 4958 4959 0.398794 0.948114
551 4958 4959 0.745511 0.601397
552 5765 5765 0 0
553 4962 5070 0.208908 0.778135
554 5736 5737 2.24103 0.90591
555 5736 5737 2.80998 0.336957
556 12073 12086 0.702483 1.03706
557 9393 9394 0.889562 2.49971
558 12073 12086 1.22395 0.515597
559 6471 6472 1.6875 1.16246
560 6471 6472 0.745454 2.1045
561 6471 6472 0.0469372 2.80302
562 8424 8425 0.398935 0.203072
563 8432 8433 1.03524 0.00960636
564 2801 2802 2.50888 0.816757
565 8433 8464 1.85209 1.92181
566 7623 7633 0.6693 0.63371
567 8104 8137 1.5023 0.854091
568 6066 6110 0.56035 0.562678
569 8191 8471 1.63548 0.724218
570 8049 8104 5.09836 0.419134
571 7663 7667 0.245283 9.80516
572 8049 8104 4.61591 0.90158
573 8049 8104 4.24176 1.27574
574 8104 8164 1.2605 2.08868
575 8049 8104 3.85998 1.65751
576 7663 7667 1.89642 8.15402
577 8049 8104 2.30307 3.21442
578 6250 6456 0.764446 0.795818
579 6453 6454 2.1444 0.218586
580 7040 7050 2.43119 0.112022
581 10903 10904 0.603991 1.11178
582 6458 6656 2.28038 0.48321
583 10689 10694 1.24702 1.3301
584 7046 7047 0.437051 0.167013
585 7044 7045 0.443364 0.370249
586 1563 1564 1.90141 0.958475
587 6483 6484 0.27508 0.698909
588 8653 8656 0.667822 0.57155
589 6653 6653 0 0
590 6652 6653 0.964694 0.242806
591 6662 6663 1.46365 0.297852
592 6662 6663 1.22029 0.541211
593 6651 6652 1.51379 0.458679
594 4300 4300 0 0
595 4366 4367 0.212671 0.544406
596 3825 3825 0 0
597 10194 10336 5.93039 1.5807
598 10594 10594 0 0
599 5257 5369 3.00012 1.15793
600 5265 5369 1.21759 1.75904
601 10194 10205 1.38666 0.00878239
602 5255 5369 1.8328 1.52824
603 5255 5369 0.779889 2.58115
604 11091 11092 0.747003 0.234078
605 11075 11076 1.35364 0.652314
606 11075 11076 1.32396 0.681991
607 11096 11143 0.371921 3.23508
608 11096 11143 0.0322125 3.57479
609 10085 10120 0.550429 0.911113
610 4544 4562 0.144107 0.480279
611 8795 8795 0 0
612 6672 6731 0.141647 1.48247
613 10606 10624 0.681201 1.34586
614 10606 10624 0.429536 1.59752
615 8786 8795 1.736 0.144913
617 6319 6327 0.149986 1.99309
618 6659 6660 1.34111 0.628152
619 6313 6319 2.0715 0.693327
620 8795 8805 0.920267 0.712128
621 6313 6319 1.27608 1.48874
622 6313 6319 0.796511 1.96831
623 11148 11148 0 0
624 9940 10121 1.03195 4.0204
625 11098 11148 0.0361053 0.725969
626 7991 7992 1.05536 0.364179
627 7931 7991 1.05801 0.30991
628 9884 9884 0 0
629 7931 7932 2.36667 0.568412
630 8755 8756 1.98569 3.18498
631 3883 3884 0.308964 1.178
632 3918 3919 1.18141 1.06914
633 7875 7879 1.34069 0.387233
634 9588 9931 1.16314 0.453317
635 7875 7879 0.218194 1.50973
636 8752 8752 0 0
637 11226 11227 0.843802 0.461792
638 11226 11227 0.284777 1.02082
639 9470 9471 0.165702 0.713161
640 11230 11231 0.462121 0.11761
641 11228 11229 0.348803 0.0967252
642 9488 9489 0.980971 0.659211
643 9837 9838 0.319729 0.767638
644 9838 9838 0 0
645 10032 10033 0.297542 1.53041
646 9523 9525 0.967806 0.480311
647 9843 9844 2.50894 0.0447559
648 7093 7093 0 0
649 8678 8679 0.743248 1.05785
650 10034 10035 0.958885 0.191801
651 10032 10033 1.07562 0.752335
652 9094 9102 0.203522 1.68263
653 7138 7138 0 0
654 9842 9843 1.91795 0.30422
655 9095 9095 0 0
656 10433 10434 0.674353 2.79417
657 10519 10520 0.124972 0.909968
658 10443 10444 0.118888 0.351005
659 5073 5119 0.701471 0.625733
660 10521 10522 0.253811 1.93591
661 10427 10428 0.388 0.627916
662 10522 10585 0.665198 1.74853
663 10490 10491 0.200266 0.133105
664 7990 8090 1.12816 0.250496
665 8209 8434 1.06837 0.571826
666 8193 8194 0.947254 0.951857
667 7257 7258 2.88251 0.0449514
668 7288 7298 1.15613 0.55591
669 7258 7259 0.29048 0.0570942
670 8209 8273 0.177673 1.08438
671 9695 9696 0.813137 1.04943
672 8821 8822 0.846738 0.430922
673 8780 8782 3.1282 1.27085
674 8780 8782 3.12339 1.27566
675 9015 9016 0.796293 1.49716
676 9006 9006 0 0
677 7960 7993 0.341164 0.295275
678 7993 7994 0.153209 0.659638
679 8700 8716 0.50727 0.399208
680 8699 8700 0.236623 0.955988
681 7994 8003 0.471013 0.240466
682 8004 8005 0.102986 1.24796
683 8698 8699 0.310519 0.684553
684 8527 8527 0 0
685 5487 5488 0.0604871 0.952822
686 9459 9460 0.837861 0.570367
687 9459 9460 0.317548 1.09068
688 9459 9460 0.324616 1.08361
689 7795 7823 2.36797 0.630998
690 9461 9462 0.890171 0.123416
691 3474 3964 0.0809839 1.24776
692 9460 9461 0.775724 0.11215
693 9461 9461 0 0
694 9460 9461 0.22621 0.661664
695 9456 9457 0.495789 1.14064
696 9456 9456 0 0
697 9455 9456 1.482 0.013948
698 8535 8536 1.03202 1.32518
699 8535 8536 0.213171 2.14403
700 4259 4748 0.159674 1.15611
701 8521 8522 0.412918 0.361434
702 9261 9262 0.293342 0.544619
703 9454 9455 0.83511 2.10126
704 8533 8534 1.42252 0.427285
705 8520 8521 1.11202 0.618286
706 3019 3136 1.85467 0.540323
707 7635 7635 0 0
708 7664 7665 0.119477 0.488766
709 7672 7709 0.643914 1.85711
710 8533 8534 0.391084 1.45872
711 8327 8327 0 0
712 9325 9326 0.424697 0.169461
713 3202 3202 0 0
714 8354 8355 0.662602 0.636922
715 8352 8353 0.486636 0.471074
716 8532 8533 0.12902 1.54986
717 8412 8413 1.29249 0.137256
718 8352 8357 0.126225 1.54352
719 8412 8413 1.2787 0.151045
720 8412 8413 1.06623 0.36351
721 8412 8413 1.21401 0.215734
722 8352 8353 0.728698 0.229012
723 7251 7624 1.59231 1.89683
724 8353 8354 0.174066 0.363841
725 8345 8346 3.86384 0.599472
726 9160 9161 0.607379 1.06246
727 9160 9161 0.7832 0.886637
728 9446 9447 2.25551 1.14866
729 7165 7179 0.996485 0.0825929
730 7214 7220 0.746913 1.48293
731 9140 9163 1.88469 0.178131
732 8058 8059 0.245372 0.381368
733 1028 1029 10.4954 0.182309
734 9106 9107 1.20418 0.514006
735 8118 8181 0.262636 0.837171
736 8181 8181 0 0
737 8184 8185 2.70445 0.173946
738 8184 8185 2.09662 0.781773
739 7058 7163 0.459876 6.41153
740 2488 2489 0.220587 3.29886
741 2487 2488 1.62304 0.167373
742 9044 9044 0 0
743 913 1027 0.616992 1.69167
744 9043 9044 1.0256 0.823181
745 2107 2111 0.371484 0.463391
746 2111 2487 1.18896 0.468154
747 8446 8512 1.30468 0.275011
748 8510 8663 0.954154 0.512753
750 9039 9040 1.19451 0.524635
751 8515 8516 0.224742 0.924017
752 8516 8517 0.469816 0.696538
753 8663 8664 0.0473854 1.61147
754 8514 8515 0.00549407 0.915586
755 9371 9704 0.504021 0.286098
756 7218 7218 0 0
757 8513 8514 1.50036 0.345314
758 8515 8516 0.826268 0.322491
759 8513 8514 1.09969 0.745985
760 8744 8744 0 0
761 8517 8517 0 0
763 8851 8852 1.69645 0.410854
764 8513 8514 0.664142 1.18153
765 8516 8517 1.05331 0.113046
766 8513 8514 0.507727 1.33795
767 8513 8514 0.483667 1.36201
768 8513 8514 0.470428 1.37525
769 8851 8852 1.37273 0.734569
770 8499 8499 0 0
771 8513 8514 0.409069 1.43661
772 8513 8514 0.398249 1.44743
773 8513 8514 0.359731 1.48595
774 8499 8500 0.382256 0.792632
775 8513 8514 0.285114 1.56056
776 8513 8514 0.265874 1.5798
777 8499 8500 0.385296 0.789592
778 8499 8500 0.572055 0.602833
779 8442 8513 0.160529 0.0909835
780 8441 8442 0.0984559 0.449499
781 8499 8500 0.370477 0.804411
782 8447 8472 0.0763745 0.0610121
783 8447 8472 0.0572273 0.0801594
784 8509 8509 0 0
785 8499 8500 1.15741 0.0174793
786 7219 7252 0.620952 0.318258
787 8765 8792 0.904011 0.550371
788 8794 8849 0.0713561 0.494482
789 8472 8474 0.94897 1.07283
790 6929 6929 0 0
791 8763 8764 1.03184 0.139251
792 9377 9378 0.104489 0.961526
793 8055 8115 1.50982 2.34672
794 7934 7934 0 0
795 8055 8115 0.85692 2.99963
796 8144 8144 0 0
797 8045 8055 0.449872 1.00224
798 7929 7929 0 0
799 7927 7927 0 0
800 7708 7725 1.31018 0.121016
801 7952 7953 0.526757 1.01156
802 5745 5746 1.11466 1.24503
803 7297 7297 0 0
804 387 469 0.575231 0.370295
805 7322 7326 0.251203 1.27632
806 6961 7200 0.623625 0.946833
807 6960 6986 1.74607 0.700038
808 6960 6986 1.95754 0.488567
809 6960 6986 1.89694 0.54917
810 6955 6956 1.36463 0.135952
811 6956 6956 0 0
812 6986 7004 0.551443 1.76843
813 6956 6986 0.401216 2.04647
814 7156 7157 0.380458 1.18868
815 6942 6943 0.538496 0.413255
816 6943 6944 1.85733 0.31008
817 1109 1110 0.210353 1.20903
818 5546 5546 0 0
819 1894 1895 0.431425 0.536765
820 5441 5442 3.14771 0.031508
821 5442 5443 1.15874 1.03838
822 5441 5442 0.589608 2.58961
823 5441 5442 2.48551 0.693709
824 5184 5184 0 0
825 4527 4542 0.2036 2.30995
826 3169 3225 1.64085 2.02242
827 4483 4484 0.72627 0.498836
828 1705 1705 0 0
829 1610 1662 1.02299 0.878239
830 2108 2108 0 0
831 1826 1827 1.80364 0.437007
832 1826 1827 1.92654 0.31411
833 1827 1828 0.0553053 1.24949
834 337 337 0 0
