0 17298 17298 0 0 -114.141 34.2864
1 17297 17298 0.847935 0.307603 -114.303 34.1642
2 19084 19087 0.449808 1.30634 -114.596 33.6103
3 19373 19374 6.50585 0.0947928 -114.656 33.5244
4 20396 20397 0.329486 0.447961 -115.378 32.8119
5 18835 18867 0.500826 4.4608 -115.402 33.7133
6 20862 20869 0.30324 0.962459 -115.496 32.6675
7 19918 20103 0.161739 9.14781 -115.515 33.1258
8 19684 19685 0.255484 0.216922 -115.518 33.2419
9 20789 20790 2.11246 0.698611 -115.527 32.7303
10 20191 20217 0.98685 0.46085 -115.534 32.9789
11 20496 20498 0.18701 1.57396 -115.554 32.7911
12 20330 20331 0.556207 0.239152 -115.569 32.8481
13 20098 20115 0.386271 8.00078 -115.621 33.0364
14 20491 20492 0.10839 1.06835 -115.69 32.7925
15 20714 20715 0.508885 0.541848 -115.993 32.7369
16 17451 17453 2.04593 0.422351 -116.051 34.1392
17 14587 14588 2.59138 1.92028 -116.054 35.2786
18 18933 19037 0.423781 4.89135 -116.175 33.6794
19 18858 18859 0.286538 0.801775 -116.216 33.7194
20 18933 19199 6.00211 3.6868 -116.217 33.6278
21 18841 18842 1.92328 3.95423 -116.252 33.9167
22 18965 18968 0.160148 0.19096 -116.303 33.6758
23 18969 18969 0 0 -116.309 33.6633
24 17381 17466 0.859991 5.54633 -116.321 34.1353
25 18854 18855 0.298489 2.69272 -116.325 33.7211
26 18821 18822 0.589765 0.328575 -116.372 33.7192
27 19755 19756 2.25049 0.939115 -116.376 33.2561
28 17387 17388 7.82421 4.16598 -116.393 34.2658
29 18805 18806 1.01327 8.41801 -116.394 33.8167
30 18767 18825 0.0466124 2.07592 -116.41 33.7408
31 20429 20430 0.546297 0.672172 -116.416 32.8697
32 18761 18762 0.181924 5.94654 -116.464 33.78
33 18761 18762 0.242908 5.88556 -116.464 33.7797
34 18344 18344 0 0 -116.498 34.1567
35 18837 18838 3.06702 7.52751 -116.504 33.9611
36 20405 20406 0.54743 0.139597 -116.528 32.8217
37 18836 18837 0.148769 0.52241 -116.543 33.9247
38 18763 18764 1.12458 1.81647 -116.544 33.8303
39 18339 18340 0.718203 4.08457 -116.582 34.0447
40 20012 20013 0.797067 0.393071 -116.598 33.0761
41 20295 20362 1.36855 0.364324 -116.615 32.8533
42 15654 15655 1.85847 2.87255 -116.662 34.8242
43 11912 11912 0 0 -116.671 36.3231
44 19167 19168 1.89534 0.486034 -116.711 33.7019
45 19169 19169 0 0 -116.713 33.7442
47 20371 20372 0.409018 0.251331 -116.767 32.8356
48 18315 18316 0.0239785 1.16737 -116.782 33.9175
49 16956 16957 0.929461 0.877184 -116.796 34.2794
50 17049 17050 0.0201087 1.65277 -116.848 34.2608
51 20096 20097 1.21731 0.111624 -116.861 33.0453
52 15386 15387 0.182101 1.31306 -116.885 34.8622
53 17054 17055 0.465256 0.92922 -116.911 34.2442
54 20354 20354 0 0 -116.92 32.8572
55 20557 20558 1.13367 0.608619 -116.935 32.8094
56 17023 17024 0.56685 0.261647 -116.945 34.2686
57 16291 16296 0.605705 3.12759 -116.952 34.4408
58 18733 18734 0.207667 0.884084 -116.957 33.7722
59 20554 20555 1.33617 0.207203 -116.962 32.7933
60 18746 18751 0.821917 2.60135 -116.971 33.7461
61 20499 20499 0 0 -116.975 32.8389
62 18268 18280 0.918816 3.66785 -116.976 33.9347
63 19639 19639 0 0 -116.977 33.3031
64 17591 17592 1.51028 0.619066 -116.98 34.1492
65 20550 20550 0 0 -117.021 32.7661
66 19871 19872 0.966028 0.16253 -117.024 33.2314
67 15332 15338 1.11383 0.260026 -117.025 34.8947
68 20794 20795 0.839144 0.878324 -117.026 32.7425
69 20240 20241 0.280901 1.4198 -117.033 32.9569
70 21042 21043 0.197777 0.211607 -117.042 32.5522
71 17798 17896 0.905291 0.836958 -117.042 34.0331
72 21032 21033 2.26591 0.771361 -117.069 32.61
73 17115 17116 1.79653 0.905963 -117.078 34.2372
74 17115 17116 0.160498 2.542 -117.082 34.2108
75 21033 21034 2.23401 0.5748 -117.084 32.6394
76 19306 19307 0.309438 0.235169 -117.084 33.7072
77 13782 13782 0 0 -117.094 36.1183
78 20506 20513 0.498302 1.21969 -117.097 32.7867
79 17108 17114 0.882427 0.642933 -117.104 34.2044
80 18785 18786 0.359601 1.93498 -117.105 33.7436
81 20975 21027 1.38104 0.242521 -117.113 32.5825
82 20255 20256 3.81347 0.102173 -117.128 32.9167
83 17684 17685 1.6108 1.26415 -117.131 34.07
84 17108 17333 1.70555 0.636777 -117.131 34.2017
85 20510 20511 0.403567 0.571012 -117.139 32.8017
86 18662 18662 0 0 -117.145 33.8017
87 19381 19382 1.37799 0.647204 -117.152 33.4969
88 20804 20820 0.686796 0.941608 -117.156 32.7142
89 18236 18248 5.11281 0.505235 -117.157 33.9172
90 19904 19905 0.103495 1.40938 -117.162 33.145
91 17100 17100 0 0 -117.164 34.2539
93 17099 17100 0.621438 0.404194 -117.178 34.2356
94 18750 18755 0.493773 1.14702 -117.18 33.7492
95 16184 16185 0.583638 1.40188 -117.18 34.5003
96 17815 17816 0.611445 0.689561 -117.185 34.055
97 17097 17098 1.65471 0.0719849 -117.188 34.2492
98 15302 15303 0.149649 11.9218 -117.188 34.9319
99 18829 18866 0.48536 0.629908 -117.193 33.7147
100 20140 20141 0.992018 0.23473 -117.204 33.02
101 17096 17097 0.763906 0.327225 -117.209 34.2461
103 17541 17542 0.0713995 0.4798 -117.211 34.1208
104 19223 19223 0 0 -117.211 33.5522
105 17095 17096 0.432052 0.834715 -117.225 34.2297
106 19757 19843 0.888324 1.10043 -117.231 33.1917
107 17095 17095 0 0 -117.233 34.2392
108 17754 17762 2.82475 1.67317 -117.235 34.0478
109 18866 18866 0 0 -117.24 33.7044
110 18227 18230 0.719199 1.69812 -117.242 33.9406
111 20517 20518 0.377877 0.80937 -117.244 32.7981
112 20579 20580 1.02782 0.321727 -117.247 32.7458
113 19547 19548 1.26491 0.416841 -117.25 33.3781
114 17407 17408 1.53246 4.82286 -117.252 34.1408
115 18516 18517 5.50742 3.32913 -117.253 33.895
116 17517 17518 0.478352 0.862659 -117.254 34.1003
117 17754 17762 0.541769 3.95615 -117.26 34.0508
118 20229 20232 0.604073 0.542219 -117.266 32.9594
119 16217 16218 1.93343 2.45377 -117.267 34.4922
120 20384 20385 0.394197 0.111811 -117.271 32.8475
121 20222 20222 0 0 -117.272 32.99
122 19225 19226 3.54389 0.292553 -117.272 33.6039
123 17065 17066 0.998975 0.618194 -117.281 34.2428
124 18592 18593 2.94607 5.29084 -117.287 33.8369
125 16767 16768 0.491113 0.896747 -117.287 34.4161
126 17377 17379 1.57383 1.78663 -117.289 34.1356
127 17644 17645 0.36504 1.25222 -117.291 34.1086
128 20065 20118 0.858676 0.250688 -117.293 33.0375
129 16076 16076 0 0 -117.303 34.5286
130 19996 19996 0 0 -117.303 33.0692
131 17522 17523 0.303857 0.535806 -117.313 34.1186
132 17719 17747 1.27297 0.528786 -117.323 34.0686
133 18970 18971 0.617882 0.0373409 -117.332 33.6692
134 15993 15994 0.302313 1.8223 -117.332 34.5992
135 15626 15626 0 0 -117.334 34.7436
136 17271 17272 1.43652 1.06974 -117.341 34.1717
137 19847 19883 0.55628 0.528978 -117.348 33.1614
138 15993 15994 0.413994 1.71062 -117.364 34.5869
139 18125 18126 0.515282 0.851921 -117.372 33.9803
140 17508 17521 0.477042 2.92797 -117.372 34.0981
141 19823 19824 0.62547 1.05461 -117.377 33.1953
142 17713 17714 0.753073 1.84293 -117.399 34.0703
143 16485 16486 0.396973 1.11203 -117.405 34.5789
144 18045 18060 0.996644 0.436148 -117.412 33.9956
145 17489 17529 1.41456 0.685725 -117.436 34.1031
147 16482 16503 4.42891 3.88706 -117.45 34.4589
148 17959 17984 0.80672 0.834447 -117.466 34.0117
149 18356 18385 3.3082 2.45473 -117.489 33.9183
150 18043 18043 0 0 -117.519 33.9922
151 17490 17491 0.93777 0.389211 -117.522 34.1164
152 16504 16505 0.52572 2.65619 -117.569 34.4281
153 17738 17739 2.80247 0.191601 -117.589 34.0633
154 13301 13302 0.382256 0.28927 -117.591 36.2697
155 19723 19724 1.04729 0.320241 -117.614 33.4256
156 19722 19723 2.94014 0.332345 -117.622 33.4375
157 19152 19152 0 0 -117.625 33.7092
158 16783 16784 0.233402 1.915 -117.629 34.36
159 18452 18452 0 0 -117.637 33.7475
160 16507 16508 0.315521 3.618 -117.64 34.4369
161 17605 17607 0.816701 0.421244 -117.644 34.0972
162 14986 14999 3.16387 0.339185 -117.649 35.0011
163 17765 17774 1.11518 0.250073 -117.651 34.0631
164 13455 13509 0.468392 0.626842 -117.668 35.6278
165 17864 18020 2.48831 0.114817 -117.687 34.0142
166 17629 17763 1.67663 0.431579 -117.691 34.0744
167 19391 19392 0.0902458 1.05247 -117.698 33.4672
168 19149 19150 0.93586 0.937298 -117.709 33.6094
169 17510 17511 2.0886 0.912509 -117.768 34.0997
170 19293 19304 1.68487 0.632683 -117.78 33.5408
171 17488 17557 1.31381 0.530976 -117.801 34.1064
172 13326 13368 2.09495 0.515915 -117.812 35.6467
173 16512 16513 0.185603 0.981913 -117.817 34.5056
174 18491 18492 2.25777 0.659814 -117.819 33.8911
175 18491 18492 2.27107 0.646521 -117.819 33.8917
176 18774 18775 1.09276 0.444374 -117.82 33.7453
177 16514 16514 0 0 -117.83 34.6158
178 16599 16600 1.74065 0.108726 -117.853 34.4472
179 18034 18035 0.555386 0.18727 -117.858 34.0106
180 18428 18429 0.46931 1.20917 -117.861 33.8864
181 18777 18777 0 0 -117.866 33.7503
182 17457 17458 1.7074 0.640611 -117.866 34.1381
183 19144 19145 0.872301 0.380623 -117.867 33.5947
184 17693 17694 2.58813 0.297858 -117.887 34.0872
185 16515 16516 0.704513 1.52688 -117.909 34.5061
186 19079 19080 1.24833 1.18996 -117.923 33.6214
187 17692 17730 0.676752 0.356074 -117.933 34.1058
188 15365 15366 7.50842 0.721611 -117.938 34.9267
189 18286 18292 0.679117 1.17757 -117.945 33.9328
190 18038 18039 0.503861 0.618906 -117.958 34.0197
191 14949 14950 0.618657 1.51122 -117.959 35.1267
192 17729 17730 1.30208 1.90594 -117.959 34.0894
193 16091 16092 0.411187 0.502699 -117.991 34.5214
194 19032 19033 1.8796 0.0141423 -117.999 33.6589
195 11936 11945 0.382316 1.43518 -118.004 36.2814
196 18471 18472 0.51082 1.31037 -118.045 33.8664
197 17417 17418 0.671392 0.972719 -118.052 34.1606
198 17687 17688 0.240196 1.2953 -118.064 34.1075
199 18626 18627 0.366508 1.02634 -118.069 33.8039
200 18588 18589 1.04239 1.04571 -118.071 33.8336
201 18757 18758 0.424587 0.204436 -118.104 33.7422
202 17486 17486 0 0 -118.108 34.1206
203 15872 15915 0.267777 0.251829 -118.113 34.5844
204 18395 18398 2.04301 0.938162 -118.122 33.8825
205 17278 17279 0.762414 0.747127 -118.131 34.1847
206 18250 18252 1.2229 0.0460849 -118.135 33.9422
207 18250 18252 1.2382 0.0307766 -118.135 33.9419
208 15786 15787 0.680572 0.739491 -118.148 34.6872
209 17486 17487 1.39299 1.07356 -118.152 34.1144
210 18166 18167 1.35512 1.64275 -118.155 34.0006
211 17996 18166 0.448323 0.0100919 -118.157 34.0183
212 18192 18193 0.782445 0.424393 -118.159 34.0006
213 18195 18196 0.236843 1.24037 -118.164 33.9725
214 15333 15368 3.21533 0.0964122 -118.166 34.8642
215 18416 18417 0.816466 1.82223 -118.168 33.9161
216 14887 14888 0.0983648 0.7968 -118.169 35.0564
217 18417 18418 0.163772 2.22077 -118.171 33.8961
218 17784 17785 1.71981 0.376333 -118.177 34.0842
219 18415 18416 1.23394 1.01164 -118.18 33.9392
220 17924 17925 1.30769 0.320609 -118.185 34.0364
221 18193 18193 0 0 -118.187 33.9878
222 17558 17559 0.966658 1.61484 -118.189 34.1108
223 18200 18201 1.50006 1.36786 -118.192 33.9794
224 16533 16534 1.34353 0.810875 -118.194 34.4683
225 17924 17935 0.323119 0.253217 -118.198 34.0192
226 17558 17559 1.5202 1.06129 -118.202 34.1206
227 18200 18201 0.0873852 2.78053 -118.209 33.9667
228 17786 17786 0 0 -118.209 34.0739
229 18200 18201 0.572012 2.2959 -118.21 33.9292
230 18200 18201 0.167125 2.70079 -118.21 33.9544
231 17933 17936 2.09453 0.402919 -118.214 34.045
232 17536 17537 0.616689 0.41091 -118.214 34.1372
233 15863 15864 0.547046 3.87154 -118.218 34.6483
234 18199 18200 1.53933 0.919801 -118.219 33.9914
235 18199 18200 1.3987 1.06044 -118.221 33.9789
236 17933 17944 0.954813 1.00199 -118.226 33.9967
237 17534 17535 0.470651 0.281587 -118.228 34.1194
238 17788 17789 0.81902 0.325693 -118.235 34.0594
239 17788 17789 0.787542 0.357171 -118.239 34.0539
240 17943 17944 0.593276 0.600445 -118.242 34.0375
241 17284 17285 1.37617 1.21844 -118.251 34.1464
242 17852 17853 0.758708 0.959731 -118.256 34.0422
243 17852 17853 0.0110875 1.70735 -118.256 34.0514
244 17539 17540 0.747561 0.693982 -118.257 34.1031
245 17852 17853 1.56209 0.156347 -118.266 34.0406
246 17852 17853 0.86038 0.858059 -118.273 34.0547
247 17907 17908 1.48107 0.788449 -118.29 34.0469
248 18154 18155 2.74003 0.161492 -118.291 33.9639
249 17044 17045 1.17894 0.0926179 -118.291 34.2517
250 17907 17908 1.42932 0.8402 -118.291 34.0258
251 17620 17620 0 0 -118.291 34.1047
252 18358 18426 2.31567 1.93966 -118.301 33.8914
253 18148 18149 1.21444 2.08672 -118.303 34.0111
254 17705 17705 0 0 -118.304 34.0639
255 17704 17705 0.586169 1.30766 -118.308 34.0769
256 17619 17620 0.544685 0.481577 -118.309 34.0964
257 17255 17256 2.55591 0.0256355 -118.309 34.1806
258 17043 17044 0.245378 2.21563 -118.319 34.2622
259 18686 18687 0.381978 0.55144 -118.319 33.7964
260 17906 17907 0.689764 1.84621 -118.326 34.0394
261 19032 19032 0 0 -118.327 33.3431
262 14519 14520 0.111914 1.80067 -118.329 35.4422
263 17620 17809 2.35267 1.00506 -118.33 34.0911
264 17620 17809 2.41943 0.9383 -118.331 34.1003
265 17905 17906 1.84562 0.192338 -118.334 34.0147
266 17905 17906 1.46965 0.568306 -118.338 34.0122
267 17905 17906 1.13802 0.899936 -118.345 34.0619
268 18378 18433 0.940037 0.347024 -118.35 33.8942
269 17905 17906 0.415223 1.62274 -118.351 34.0328
270 17808 17809 0.404236 1.2996 -118.355 34.0756
271 17807 17808 1.33726 0.181854 -118.361 34.0917
272 18423 18676 1.211 4.08258 -118.395 33.8619
273 18422 18423 0.483634 1.40654 -118.396 33.8867
274 9555 9555 0 0 -118.4 37.3617
275 17804 17805 1.39807 0.947329 -118.401 34.0725
276 18373 18374 0.236928 1.82656 -118.415 33.9181
277 16705 16788 2.12729 0.789759 -118.431 34.31
278 13197 13197 0 0 -118.436 35.7139
279 17802 17810 1.27677 0.878674 -118.443 34.0703
280 14765 14820 0.362479 0.0373082 -118.447 35.1303
281 16551 16557 0.749933 0.877532 -118.452 34.4161
282 18076 18077 0.0713593 2.62833 -118.482 33.9997
283 18011 18018 0.955362 0.215371 -118.496 34.0186
284 17215 17237 0.145338 3.16709 -118.503 34.1608
285 16952 16953 1.71332 0.348569 -118.528 34.2353
286 16694 16694 0 0 -118.528 34.3808
287 14757 14758 0.921905 2.86293 -118.556 35.2175
288 11578 11579 0.124249 1.53832 -118.594 36.4508
289 17240 17241 0.999183 1.76097 -118.602 34.2014
291 10778 10779 1.83982 0.069647 -118.603 36.95
292 12230 12230 0 0 -118.608 36.1428
293 16324 16325 0.726138 7.4319 -118.618 34.4919
294 13039 13039 0 0 -118.651 35.8061
295 17304 17334 1.12382 1.08518 -118.658 34.1506
296 16576 16577 0.213502 0.92067 -118.793 34.4153
297 12296 12297 0.25634 0.679893 -118.817 36.13
298 14600 14600 0 0 -118.83 35.2094
299 17217 17218 0.0709667 0.586905 -118.877 34.1814
300 16859 16870 0.27051 0.30126 -118.879 34.2858
301 17220 17221 0.528893 1.78994 -118.912 34.1836
302 10963 10964 0.178734 0.459172 -118.913 36.785
303 16581 16582 2.01428 0.51272 -118.913 34.4
304 14602 14602 0 0 -118.913 35.26
305 15504 15505 0.219691 2.10379 -118.944 34.8222
306 9363 9364 1.32724 2.39646 -118.97 37.6486
307 17082 17083 0.644444 0.21095 -118.996 34.2572
308 9359 9359 0 0 -119 37.6
309 14597 14598 0.20307 2.51956 -119.002 35.2689
310 7459 7460 0.471623 0.140593 -119.012 38.2111
311 10324 10324 0 0 -119.014 37.3286
312 12321 12322 0.475089 0.479396 -119.017 36.0689
313 14300 14301 2.30421 1.02866 -119.021 35.3756
314 14042 14042 0 0 -119.022 35.4192
315 17079 17087 0.871431 0.243952 -119.042 34.2219
316 12793 12794 0.00845375 7.50521 -119.042 35.9622
317 16679 16703 0.372494 2.71949 -119.059 34.3533
318 12142 12241 3.09735 1.97148 -119.061 36.1481
319 8833 8833 0 0 -119.074 37.7797
320 12076 12077 0.266825 0.255517 -119.089 36.2031
321 11631 11874 0.0384163 1.42495 -119.097 36.4156
322 12061 12061 0 0 -119.14 36.2969
323 12351 12352 0.0640455 0.621847 -119.143 36.0558
324 8110 8111 1.78591 0.959967 -119.144 37.9906
325 10737 10738 0.0204752 0.865556 -119.157 37.0861
326 10305 10306 0.921099 0.110859 -119.174 37.2531
327 10302 10303 0.621554 1.14279 -119.2 37.245
328 11877 11878 6.61457 2.21262 -119.206 36.3006
329 11877 11878 7.62042 1.20677 -119.217 36.3883
330 11877 11878 8.13498 0.692208 -119.223 36.3097
331 7271 7272 0.654302 0.0483283 -119.226 38.2547
332 13234 13235 0.288688 0.643318 -119.229 35.6778
333 10298 10299 1.37121 0.30033 -119.235 37.2317
334 12975 12991 2.06751 0.797331 -119.244 35.7681
335 16376 16377 0.497777 0.306451 -119.245 34.4475
336 10286 10287 1.02936 0.739434 -119.259 37.1906
337 13920 13921 0.498413 1.84352 -119.272 35.5006
338 12819 12833 0.499297 0.322911 -119.273 35.8847
339 11378 11379 8.00625 1.36374 -119.284 36.5439
340 11380 11381 0.42053 0.411215 -119.287 36.5236
341 16883 16893 0.583705 0.593802 -119.289 34.2797
342 12783 12784 0.156885 2.36195 -119.292 35.9683
343 16686 16687 0.353747 0.642461 -119.298 34.3967
344 11375 11376 0.354343 0.546801 -119.311 36.6247
345 10279 10280 2.15112 0.554415 -119.32 37.1114
346 13619 13641 1.0245 0.897968 -119.334 35.5931
347 12072 12080 0.149451 1.46461 -119.343 36.2089
348 12822 12823 7.93785 1.01271 -119.381 35.8881
349 11384 11385 4.68146 3.38182 -119.387 36.5406
350 14870 14871 0.285963 1.3049 -119.4 35.0636
351 11372 11373 5.40059 9.58901 -119.448 36.5978
352 14741 14743 0.503716 0.192778 -119.457 35.1414
353 14152 14153 0.364539 2.88521 -119.469 35.4003
354 10261 10262 0.10236 0.713687 -119.485 37.0744
355 11839 11840 2.66487 9.44163 -119.487 36.4536
356 9915 9915 0 0 -119.509 37.23
357 16824 16825 1.92804 0.29172 -119.513 34.395
358 11369 11370 0.205244 0.572041 -119.529 36.6114
359 11349 11350 0.419896 1.15999 -119.551 36.5139
360 9591 9591 0 0 -119.556 37.32
361 11063 11064 0.153065 0.299167 -119.557 36.7053
362 12329 12330 0.788163 0.527054 -119.56 36.1003
364 9647 9648 1.11172 1.86362 -119.571 37.7367
365 9647 9648 1.03219 1.94315 -119.572 37.7369
366 9654 9655 0.100582 0.944719 -119.585 37.7494
367 9655 9656 0.369416 0.200067 -119.597 37.7431
368 16834 16835 0.213289 1.69509 -119.6 34.4228
369 11351 11352 1.64807 6.16706 -119.612 36.57
370 9605 9606 1.1011 0.241696 -119.637 37.4794
371 11835 11887 0.227575 1.35302 -119.645 36.3275
372 9590 9591 0.210051 0.941312 -119.649 37.3306
373 11146 11147 0.544936 0.922806 -119.679 36.6311
374 11566 11566 0 0 -119.685 36.4344
375 9919 9920 1.49957 0.85678 -119.691 37.2644
376 16526 16527 1.50678 0.799847 -119.698 34.4217
377 11930 11931 1.40065 0.822989 -119.708 36.3172
378 10727 10727 0 0 -119.708 36.8228
379 10426 10447 0.285182 0.239083 -119.714 36.9847
380 9669 9670 0.332234 0.767682 -119.724 37.3678
381 9669 9670 0.0984472 1.00147 -119.725 37.3656
382 7360 7361 0.473998 3.44785 -119.766 38.3411
383 6354 6355 0.0513956 0.460528 -119.779 38.695
384 11933 11934 0.856806 1.65592 -119.782 36.3022
385 9254 9255 0.247015 1.46006 -119.784 37.6742
386 11203 11205 5.03313 2.50536 -119.79 36.6514
387 10692 10693 15.232 0.30115 -119.79 36.8428
388 12084 12238 0.903485 0.664993 -119.823 36.1897
389 11562 11563 6.94797 2.19586 -119.833 36.5397
390 8620 8620 0 0 -119.855 37.8822
391 11573 11574 0.373015 0.366944 -119.859 36.4319
392 11208 11209 0.201963 0.561842 -119.903 36.6008
393 11208 11209 0.193414 0.570391 -119.903 36.6025
394 10001 10215 0.591703 1.55272 -119.906 37.2156
395 12519 12520 2.47302 2.57311 -119.959 36.0089
396 5624 5625 0.172182 2.64123 -119.967 38.9467
397 5624 5624 0 0 -119.968 38.9447
398 9222 9318 0.332237 1.15555 -119.969 37.4886
399 12983 13098 1.09155 0.930269 -119.974 35.7656
400 5626 5689 1.23094 0.164036 -119.976 38.9342
401 6795 7510 0.259073 0.969836 -120 38.4786
402 4955 4956 0.157596 0.722075 -120.011 39.2267
403 10888 10900 1.36486 1.65489 -120.015 36.8031
404 4934 4956 0.978407 0.367887 -120.02 39.2358
405 5722 5723 0.329771 0.582221 -120.038 38.9331
406 6009 6010 1.27355 0.470553 -120.041 38.8339
407 6005 6006 0.373709 1.46381 -120.042 38.8236
408 5168 5169 0.617212 1.08131 -120.05 39.2403
409 10532 10592 0.647395 0.795938 -120.056 36.9617
410 10899 10900 2.68535 2.23189 -120.059 36.7239
411 6011 6011 0 0 -120.072 38.8831
412 15855 15856 0.352547 2.13393 -120.079 34.6142
413 5164 5165 0.247879 0.513979 -120.081 39.2269
414 15824 15825 0.876796 0.582038 -120.113 34.6653
415 6713 6714 2.24867 0.439428 -120.113 38.6708
416 5999 5999 0 0 -120.116 38.8022
417 5710 5711 0.292405 0.957573 -120.123 39.0392
418 12424 12425 0.507942 0.710082 -120.126 36.0061
419 5706 5707 0.114583 0.190838 -120.13 39.0686
420 5158 5159 0.310482 1.3076 -120.136 39.1742
421 15852 15853 0.279394 3.20086 -120.137 34.5953
422 5705 5706 0.417179 0.81958 -120.14 39.0733
423 502 503 0.287726 0.355789 -120.151 41.8561
424 10203 10497 7.45496 2.461 -120.152 37.0397
425 5704 5705 0.116199 1.41305 -120.157 39.0806
426 726 1017 1.49716 1.98125 -120.171 41.5275
427 4650 4651 0.858448 0.212911 -120.183 39.3283
428 11246 11247 0.219536 0.154617 -120.187 36.6086
429 15830 15831 0.323926 0.340234 -120.194 34.6136
430 8021 8022 1.42027 0.773551 -120.23 38.0394
431 2777 2777 0 0 -120.231 40.3478
432 8019 8020 2.23662 2.34958 -120.236 37.9606
433 9290 9290 0 0 -120.238 37.5025
434 11242 11243 0.421486 0.36528 -120.253 36.6486
435 8383 8384 0.592559 0.181392 -120.258 37.8236
436 10201 10202 2.28515 4.64322 -120.26 37.1206
437 7533 7534 0.68514 0.586592 -120.276 38.3014
438 7532 7533 0.266419 0.253928 -120.276 38.3103
439 15599 15605 1.1837 0.0616009 -120.277 34.7444
440 4663 4664 1.00095 0.747747 -120.29 39.3211
441 5984 5985 2.28728 1.05589 -120.296 38.7747
442 7535 7536 0.515746 1.33625 -120.309 38.2775
443 7538 7539 0.841413 0.672537 -120.348 38.2572
444 4668 4669 0.814828 1.03393 -120.349 39.3175
445 12182 12240 0.591895 0.189561 -120.36 36.1408
446 4641 4642 0.692736 0.513923 -120.368 39.5839
447 7543 7544 1.09294 0.191107 -120.368 38.2044
448 8051 8051 0 0 -120.378 37.9756
449 10859 10884 0.272758 0.238038 -120.379 36.755
450 4670 5185 0.537339 2.02704 -120.384 39.3247
451 7984 7985 1.07008 0.126618 -120.399 38.0358
452 8202 8203 0.304883 0.961384 -120.412 37.9167
453 8200 8201 1.14859 0.667201 -120.421 37.9553
454 4645 4646 0.819427 0.447037 -120.425 39.6158
455 4155 4156 0.385252 1.11227 -120.433 39.6647
456 15228 15237 0.553069 0.458636 -120.436 34.9506
457 9145 9316 0.879917 0.536719 -120.437 37.5194
458 15373 15375 1.04631 0.988023 -120.445 34.8644
459 10663 10677 0.070564 0.416195 -120.454 36.8592
460 7555 7798 0.0410698 0.973457 -120.457 38.1383
461 8900 9153 0.140848 0.60513 -120.462 37.6639
462 15821 15822 0.162352 0.982694 -120.466 34.6394
463 3673 3679 0.347318 0.525098 -120.466 39.8078
464 15044 15045 2.07312 2.9692 -120.473 35.0422
465 9846 9847 2.30867 0.340192 -120.481 37.3022
466 1184 1431 1.67141 1.12972 -120.503 41.2297
467 6816 6816 0 0 -120.526 38.6361
468 7565 7566 0.472514 0.398617 -120.528 38.4019
469 7807 7808 0.265363 1.63808 -120.54 38.0697
470 853 945 0.836838 0.0756568 -120.542 41.4856
471 7807 7808 1.69974 0.2037 -120.552 38.0783
472 9720 9720 0 0 -120.57 37.3656
473 15225 15226 1.25557 1.78723 -120.571 34.9717
474 7026 7027 1.28482 1.7642 -120.575 38.4303
475 14826 15039 0.531663 0.494759 -120.577 35.1206
476 6122 6123 1.65295 0.380629 -120.59 38.7594
477 15038 15039 1.15888 1.42086 -120.592 35.1033
478 14158 14183 1.25573 2.09214 -120.607 35.3917
479 15037 15038 0.970354 1.43211 -120.61 35.0992
480 9587 9589 0.0360783 0.178396 -120.61 37.3478
481 9577 9578 7.84507 0.0174532 -120.612 37.3817
482 14823 14824 2.23426 0.358769 -120.619 35.1217
483 10445 10446 2.81553 0.00950289 -120.626 36.9864
484 4872 4873 0.677734 0.78727 -120.629 39.5675
485 7025 7095 1.32018 0.307087 -120.63 38.4425
486 8044 8153 0.313068 1.19098 -120.639 37.98
487 5475 5476 1.17007 0.571342 -120.647 39.175
488 7098 7099 1.26411 0.0513756 -120.653 38.4125
489 14453 14509 1.40922 0.743372 -120.66 35.2797
490 2532 2532 0 0 -120.66 40.4194
491 13903 14177 0.384987 2.47468 -120.669 35.49
492 14733 14734 1.20414 1.16088 -120.671 35.1575
493 6131 6132 0.775276 0.909037 -120.673 38.7381
494 6810 6810 0 0 -120.684 38.6478
495 7408 7746 0.178826 0.513876 -120.686 38.1981
496 13411 13511 0.742615 0.03909 -120.691 35.6264
497 13364 13365 0.478519 0.845967 -120.696 35.7497
498 14410 14411 1.23884 0.155306 -120.699 35.3261
499 9220 9221 6.77708 3.29262 -120.701 37.4517
500 13906 13907 0.312888 0.687914 -120.705 35.5483
501 7419 7420 0.0270182 0.435042 -120.705 38.3008
502 5394 5395 3.41025 1.87564 -120.709 39.255
503 9574 9575 0.56897 0.679329 -120.723 37.3869
504 6807 6808 1.46604 0.171067 -120.723 38.5622
505 14729 14730 0.899844 0.204434 -120.732 35.1806
506 6140 6141 0.26399 0.0346771 -120.753 38.7339
507 9205 9206 1.44159 2.41464 -120.754 37.6236
508 8874 9205 0.336501 0.411003 -120.759 37.64
509 9567 9568 1.72214 1.02388 -120.775 37.4311
510 7106 7107 0.746487 0.205668 -120.775 38.3533
511 6146 6148 0.956131 0.06128 -120.801 38.7272
512 7112 7112 0 0 -120.802 38.3956
513 6252 6253 2.58454 0.741848 -120.815 38.6944
514 7113 7114 0.29186 0.449449 -120.824 38.4194
515 4861 4862 0.355273 2.09999 -120.827 39.5594
516 5663 5664 1.53184 0.333652 -120.827 39.0192
517 7430 7647 2.4103 0.0561705 -120.829 38.1917
518 5662 5662 0 0 -120.835 38.9069
519 6799 6800 0.016225 1.06114 -120.846 38.4814
520 14361 14361 0 0 -120.846 35.3667
521 6251 6252 0.1687 0.571971 -120.847 38.6825
522 9197 9272 0.378471 0.634225 -120.848 37.4925
523 10211 10214 10.4866 5.4939 -120.849 37.0583
524 7618 7618 0 0 -120.852 38.2281
525 8876 8877 6.695 1.18969 -120.864 37.5969
526 890 1213 0.145859 1.29874 -120.87 41.4439
527 7614 7615 0.357293 0.705884 -120.889 38.1833
528 6103 6104 0.585593 2.65347 -120.889 38.8006
529 8876 8877 3.56906 4.31562 -120.9 37.6381
530 14004 14005 0.719998 1.23797 -120.902 35.45
531 6102 6103 0.144272 1.09658 -120.909 38.8003
532 3230 3230 0 0 -120.911 40.0956
533 8476 8477 6.44438 0.132204 -120.912 37.8294
534 7239 7240 0.0255391 0.542227 -120.933 38.3525
535 8798 8799 2.45483 2.77577 -120.934 37.7358
536 6364 6365 1.06205 2.83014 -120.935 38.6606
537 1303 1430 0.740095 2.49517 -120.943 41.1975
538 3144 3144 0 0 -120.949 40.1408
539 6368 6369 0.177695 1.51556 -120.951 38.7122
540 9046 9127 0.204505 1.02278 -120.954 37.5931
541 5628 5629 0.218817 0.628675 -120.954 39.0994
542 5630 5631 0.845665 1.00219 -120.972 39.0433
543 5635 5635 0 0 -120.994 38.9978
544 9925 10168 0.676476 0.396463 -120.999 37.2572
545 2814 2815 3.35941 0.450737 -121 40.3031
546 6084 6085 0.730292 0.778145 -121.015 38.8872
547 4786 4787 0.26828 0.451039 -121.016 39.2636
548 12866 12867 2.72422 0.443555 -121.019 36.1294
549 5399 5400 0.822333 0.0660818 -121.021 39.1992
550 9925 9930 6.12697 0.945207 -121.022 37.3153
551 4841 4842 0.370978 0.370322 -121.049 39.4519
552 4962 5070 0.513544 0.473499 -121.061 39.2183
553 5765 5767 0.424113 1.05873 -121.068 38.8994
554 6475 6476 2.62439 0.834355 -121.069 38.6547
555 13790 13791 0.0346173 0.194787 -121.08 35.5642
556 7603 7604 0.249024 2.62121 -121.086 38.1914
557 4832 4833 0.272852 0.746906 -121.101 39.3703
558 12055 12073 0.324079 0.270761 -121.124 36.2125
559 9330 9341 0.101353 2.22534 -121.129 37.4711
560 6058 6059 0.679599 0.837848 -121.132 38.8736
561 8811 8812 1.37467 0.245006 -121.139 37.7397
562 1423 1424 4.63536 2.98306 -121.142 41.1214
563 7601 7601 0 0 -121.15 38.1628
564 6471 6472 0.405847 2.44411 -121.161 38.6922
565 6060 6061 1.81401 5.22511 -121.168 38.8519
566 6471 6471 0 0 -121.169 38.6772
567 3112 3113 1.88586 0.808962 -121.176 40.2175
568 1423 1424 0.500051 7.11837 -121.179 41.0972
569 6060 6061 5.71103 1.32809 -121.193 38.8206
570 4828 4828 0 0 -121.206 39.3717
571 8432 8433 0.549477 0.495371 -121.217 37.7992
572 5028 5028 0 0 -121.22 39.4842
573 6468 6469 2.03681 1.02477 -121.225 38.68
574 2801 2802 3.18702 0.13862 -121.227 40.3092
575 2801 2802 2.73684 0.588799 -121.231 40.3064
576 6061 6062 4.23539 2.53404 -121.238 38.7858
577 11881 12372 0.470625 1.82522 -121.244 36.3211
578 7053 7053 0 0 -121.269 38.4097
579 8191 8471 1.85598 0.503722 -121.269 37.8844
580 7633 7633 0 0 -121.272 38.1322
581 6533 6533 0 0 -121.273 38.6444
582 8467 8468 3.42579 0.649682 -121.275 37.8214
583 5041 5041 0 0 -121.275 39.3572
584 7506 7507 2.00682 1.53836 -121.277 38.175
585 10914 11632 0.386563 1.23467 -121.278 36.7286
586 4212 4213 0.305652 0.327665 -121.279 39.9586
587 5035 5036 1.03236 0.782264 -121.281 39.4517
588 6053 6111 1.04361 0.133478 -121.284 38.7483
589 8104 8164 0.595809 2.75337 -121.288 37.9575
590 6030 6031 1.59063 0.344339 -121.291 38.8917
591 527 527 0 0 -121.295 41.6492
592 7501 7502 0.661051 3.40966 -121.301 38.2653
593 10908 10909 0.170297 0.190834 -121.321 36.7908
594 5038 5039 1.01355 0.323008 -121.33 39.4378
595 8636 8657 0.869972 0.2422 -121.371 37.7533
596 6025 6026 4.50884 0.0238471 -121.375 38.98
597 6454 6455 0.0468422 1.4856 -121.382 38.6847
598 10689 10690 0.036496 0.515554 -121.4 36.8511
599 5087 5088 1.21827 0.658945 -121.409 39.2397
600 7392 7393 0.282523 0.976511 -121.421 38.2242
601 6024 6025 0.270428 0.733378 -121.422 39.0114
602 8653 8656 0.0649741 1.1744 -121.426 37.7403
603 1563 1563 0 0 -121.436 41.0061
604 11619 11619 0 0 -121.442 36.5075
605 6325 6326 0.333106 2.19437 -121.447 38.6914
606 2165 2166 0.693013 2.15384 -121.459 40.6506
607 6163 6325 0.0308163 2.46807 -121.464 38.7147
608 459 459 0 0 -121.475 41.9569
609 1902 1903 1.66748 2.91869 -121.505 40.7911
610 6633 6634 0.57897 0.649521 -121.524 38.5903
611 6633 6634 0.505466 0.723025 -121.528 38.5789
612 11140 11623 2.85021 1.70601 -121.534 36.6425
613 6150 6151 1.20106 2.18844 -121.534 38.9617
614 10699 10700 0.169647 0.833901 -121.535 36.8411
615 6593 6594 0.0295172 0.10748 -121.54 38.595
616 4186 4186 0 0 -121.541 39.7217
617 6152 6153 1.24397 9.26176 -121.543 38.9117
618 1897 1898 0.905654 2.15663 -121.55 40.9194
619 3201 3201 0 0 -121.55 40.0814
620 12509 12510 0.827006 0.347564 -121.55 36.025
621 4365 4366 0.165051 0.310316 -121.556 39.5114
622 10406 10406 0 0 -121.567 37.0058
623 10594 10594 0 0 -121.571 37.0092
624 3827 3828 0.306287 0.644371 -121.579 39.8067
625 5257 5369 2.34296 1.81509 -121.586 39.1397
626 10194 10205 1.31839 0.0770484 -121.606 37.0858
627 7485 7673 5.78402 1.5827 -121.608 38.1622
628 5368 5369 1.32501 1.0343 -121.616 39.1394
629 3856 3881 2.82162 0.538287 -121.624 39.755
630 8647 8648 1.36172 2.24293 -121.631 37.8472
631 8243 8243 0 0 -121.639 38.0153
632 10127 10127 0 0 -121.641 37.1208
633 10804 10804 0 0 -121.644 36.8881
634 11096 11143 2.605 1.00201 -121.646 36.6225
635 11081 11095 1.56203 0.15982 -121.656 36.6739
636 4730 4749 0.297118 0.323592 -121.662 39.2747
637 1661 1664 1.20302 0.145043 -121.664 40.8825
638 8241 8242 3.62437 1.02703 -121.665 37.9692
639 2302 2302 0 0 -121.677 40.5181
640 8240 8241 3.14595 0.472441 -121.694 37.9336
641 4562 4563 0.29661 1.14049 -121.696 39.365
642 5945 5946 3.12567 2.73583 -121.704 38.8706
643 8244 8245 0.728543 0.359879 -121.707 37.9958
644 4453 4544 9.00745 5.1451 -121.71 39.4136
645 5949 5950 1.17654 0.168232 -121.717 38.8019
646 12003 12004 0.994384 0.426842 -121.728 36.4775
647 6727 6728 1.03902 0.773348 -121.738 38.5458
648 10121 10122 2.1061 1.36269 -121.738 37.2161
649 5362 5363 2.43542 0.632152 -121.748 39.1606
650 10623 10624 0.770387 0.27364 -121.754 36.9106
651 10836 10853 0.353324 0.442057 -121.756 36.7647
652 8786 8795 1.44912 0.431795 -121.766 37.6814
653 6313 6319 2.73626 0.0285585 -121.771 38.6786
654 10608 10608 0 0 -121.776 36.9392
655 10840 10841 0.182202 2.25097 -121.785 36.7989
656 11082 11088 0.474424 0.331235 -121.803 36.6828
657 6239 6240 0.659628 1.74297 -121.805 38.7336
658 11148 11148 0 0 -121.805 36.6453
659 7931 7991 0.550762 0.817156 -121.808 37.9969
660 7931 7991 0.493879 0.874038 -121.811 38.0158
661 9940 10121 2.71665 2.3357 -121.822 37.1758
662 7078 7079 7.69125 2.07513 -121.824 38.4456
663 3918 3925 0.984811 1.16575 -121.838 39.7278
664 11210 11211 0.244926 2.70195 -121.843 36.6094
665 9938 9938 0 0 -121.846 37.2492
666 9560 9561 0.741131 0.981002 -121.846 37.4
667 9939 9939 0 0 -121.861 37.2186
668 8843 8844 0.332919 0.308039 -121.872 37.6717
669 6243 6244 1.6137 0.16009 -121.882 38.7975
670 7875 7876 0.232406 1.4148 -121.883 38.0289
671 9058 9071 0.0302658 1.80701 -121.887 37.5939
672 9841 9841 0 0 -121.891 37.3381
673 5934 5934 0 0 -121.893 39.075
674 11226 11227 0.640699 0.664895 -121.893 36.5961
675 9838 9839 1.04153 0.0980906 -121.902 37.3111
676 9441 9471 0.887339 0.217263 -121.905 37.4236
677 5357 5358 0.453396 0.40259 -121.913 39.1436
678 10031 10031 0 0 -121.914 37.2653
679 11226 11227 1.0733 0.232291 -121.918 36.6192
680 264 265 5.33563 0.269203 -121.919 41.9644
681 9838 9839 0.345988 0.793632 -121.919 37.3175
682 9143 9144 0.17358 0.40249 -121.919 37.5306
683 8748 8749 0.755868 0.653192 -121.92 37.7058
684 2050 2051 1.9024 0.501898 -121.924 40.8417
685 9436 9437 1.96819 2.0695 -121.927 37.4894
686 8102 8103 0.287516 0.401813 -121.935 37.9411
687 11227 11227 0 0 -121.935 36.6208
688 9545 9547 0.49203 0.449285 -121.946 37.3486
689 10455 10518 0.0699614 1.6046 -121.955 36.9883
690 9486 9487 0.197047 0.797823 -121.96 37.3994
691 9156 9156 0 0 -121.961 37.5322
692 8677 8678 2.01127 0.0497973 -121.963 37.7803
693 6268 6269 0.322656 0.278793 -121.968 38.6792
694 6676 7006 2.51188 4.64121 -121.969 38.5242
695 5830 5831 0.498086 0.633751 -121.97 38.8853
696 9485 9486 0.501396 0.897679 -121.974 37.4267
697 9064 9095 0.0676918 1.1751 -121.976 37.5756
698 9843 9844 0.185084 2.36861 -121.977 37.3014
699 10036 10037 0.390288 0.573946 -121.983 37.2214
700 7094 7138 1.77652 0.957148 -121.99 38.3592
701 5069 5073 0.869342 0.157556 -122.005 39.2136
702 5821 5822 2.52774 2.01795 -122.006 39.0081
703 259 260 4.75359 0.195661 -122.006 41.8275
704 4534 4535 0.286717 3.97641 -122.009 39.4019
705 3887 4107 0.234902 1.22643 -122.01 39.7403
706 4293 4294 2.06791 0.438233 -122.012 39.5222
707 9952 9953 1.11211 1.6187 -122.015 37.2667
708 6271 6272 0.790627 0.173885 -122.016 38.695
709 10491 10522 0.323137 0.55026 -122.025 36.9767
710 10430 10431 0.817714 0.396175 -122.027 37.0472
711 9952 9953 0.458506 2.2723 -122.031 37.2594
712 8090 8091 0.0484786 0.952051 -122.031 37.9797
713 9698 9699 0.42025 1.27126 -122.032 37.3519
714 9715 9716 0.76728 1.33252 -122.037 37.3225
715 7298 7300 0.120121 0.877628 -122.04 38.2519
716 9099 9100 1.01327 1.29073 -122.041 37.5931
717 10466 10466 0 0 -122.043 37.0919
718 5820 5821 5.46091 0.652018 -122.056 39.0169
719 8086 8087 0.585217 0.888937 -122.056 37.9758
720 10463 10464 1.38195 2.13622 -122.058 37.0511
721 10463 10464 1.86849 1.64969 -122.074 37.0497
722 7869 7870 0.110264 0.912011 -122.074 38.0328
723 9694 9695 2.12856 0.144992 -122.077 37.3931
724 9017 9100 2.0525 1.20275 -122.077 37.5967
725 8780 8782 2.2754 2.12365 -122.078 37.6964
726 8822 8855 0.673601 1.64416 -122.083 37.6708
727 9695 9696 0.0194119 1.84315 -122.086 37.3733
728 10466 10467 1.13554 1.89052 -122.089 37.0914
729 9006 9006 0 0 -122.092 37.6333
730 8862 8863 0.925504 0.413999 -122.095 37.6558
731 3415 3416 1.19846 2.96693 -122.099 40.0247
732 10467 10468 0.192555 0.739925 -122.105 37.1064
733 9563 9564 0.244612 1.89883 -122.119 37.3806
734 3275 3276 3.74672 0.443595 -122.12 40.0272
735 8859 8860 0.245113 1.01994 -122.126 37.6817
736 8341 8342 0.639908 0.0202684 -122.129 37.835
737 8699 8700 0.374883 0.817728 -122.132 37.7086
738 1163 1168 0.545911 0.598211 -122.138 41.2542
739 8858 8859 0.406484 1.83546 -122.146 37.6911
740 5487 5487 0 0 -122.149 39.1542
741 8697 8698 0.848712 0.969688 -122.156 37.7242
742 9459 9460 0.730701 0.677527 -122.158 37.4461
743 7795 7823 2.54749 0.45148 -122.158 38.0531
744 8526 8527 0.0896398 0.755073 -122.165 37.7639
745 9461 9462 0.731825 0.281762 -122.168 37.4244
746 8856 8857 2.13827 0.0978029 -122.17 37.7106
747 8696 8696 0 0 -122.173 37.7481
748 3474 3474 0 0 -122.181 39.9286
749 7795 7823 0.859481 2.13949 -122.183 38.0464
750 9455 9456 1.45199 0.0439608 -122.184 37.4536
751 3961 3962 6.34582 1.05986 -122.193 39.7453
752 4253 4254 10.4642 5.04729 -122.194 39.6194
753 4737 4753 0.936185 7.55903 -122.194 39.2767
754 8523 8524 0.757093 0.441039 -122.196 37.7886
755 4279 4280 0.865818 0.214986 -122.196 39.5208
756 9456 9457 0.372365 1.26406 -122.201 37.4317
757 8661 8662 0.320434 0.789018 -122.202 37.7306
758 8329 8329 0 0 -122.208 37.8269
759 9262 9399 0.38336 1.03165 -122.212 37.4875
760 8521 8522 0.485404 0.288948 -122.214 37.8011
761 7849 7849 0 0 -122.219 38.0547
762 10476 10476 0 0 -122.221 37.1725
763 8534 8535 0.347216 0.562386 -122.223 37.7778
764 9454 9455 0.796332 2.14004 -122.227 37.4578
765 9261 9262 0.00644946 0.831512 -122.227 37.4856
766 3030 3030 0 0 -122.236 40.1775
767 8533 8534 1.30483 0.544979 -122.241 37.7642
768 8519 8520 1.59843 0.761239 -122.246 37.8106
769 9450 9451 0.73588 1.64405 -122.249 37.4294
770 8355 8355 0 0 -122.252 37.8561
771 8352 8353 0.88033 0.0773801 -122.253 37.8272
772 9162 9260 0.318099 1.83512 -122.262 37.5056
773 8353 8354 0.274723 0.263184 -122.262 37.8356
774 8412 8413 0.262581 1.16716 -122.263 37.8089
775 9105 9105 0 0 -122.263 37.5517
776 7864 7878 0.577019 0.896917 -122.265 38.0308
777 8412 8532 0.52946 0.654657 -122.266 37.8014
778 7878 8056 0.820581 0.161159 -122.267 38.0097
779 8412 8414 0.0978967 0.639749 -122.268 37.8089
780 8346 8347 0.916044 1.5848 -122.268 37.8547
781 8345 8346 2.3277 2.13561 -122.268 37.8792
782 8412 8532 0.12658 1.05754 -122.268 37.8044
783 8345 8346 3.34523 1.11808 -122.269 37.8689
784 1730 1731 1.09519 1.83336 -122.27 41.2136
785 8412 8414 0.316293 0.421353 -122.273 37.8058
786 9160 9161 0.690793 0.979044 -122.275 37.5225
787 8532 8532 0 0 -122.276 37.7717
788 8345 8346 0.879675 3.58363 -122.276 37.8903
789 3026 3027 0.0473678 0.945186 -122.278 40.3833
790 8346 8346 0 0 -122.279 37.8547
791 8346 8347 2.21715 0.2837 -122.279 37.8339
792 7214 7220 1.03557 1.19427 -122.286 38.2969
793 8057 8058 1.06123 0.814007 -122.29 38.0044
794 1734 1734 0 0 -122.291 41.1628
795 8060 8061 0.601686 1.32549 -122.294 37.9778
796 8345 8346 1.14384 3.31947 -122.295 37.8817
797 8345 8346 0.165103 4.29821 -122.296 37.8908
798 2492 2493 3.36896 0.256334 -122.297 40.4514
799 8350 8351 0.785275 0.707595 -122.3 37.805
800 8183 8345 1.80022 0.916943 -122.301 37.9006
801 7163 7164 1.04541 1.08967 -122.303 38.3464
802 7165 7179 0.95845 0.120628 -122.304 38.3214
803 9120 9121 0.0795658 0.228912 -122.307 37.5436
804 9899 9899 0 0 -122.308 37.2694
805 9121 9122 0.584769 0.498037 -122.308 37.5561
806 1030 1031 0.654929 0.813734 -122.311 41.3119
807 8182 8183 1.45191 0.711128 -122.314 37.92
808 9107 9107 0 0 -122.323 37.5656
809 8181 8182 0.218195 1.42407 -122.328 37.9428
810 8118 8118 0 0 -122.345 37.9611
811 9061 9106 0.406812 0.887282 -122.345 37.5781
812 8185 8186 0.471079 1.34065 -122.346 37.9325
813 8060 8061 1.49094 0.436244 -122.356 37.9906
814 8184 8185 2.27792 0.600477 -122.358 37.9372
815 7059 7060 0.356059 0.301518 -122.362 38.4033
816 7058 7163 0.459876 6.41153 -122.363 38.3914
817 10545 10546 1.81049 1.75295 -122.382 37.2514
818 913 1027 0.490978 1.81769 -122.384 41.4281
819 8184 8185 0.163809 2.71458 -122.384 37.9272
820 9906 9907 0.435282 0.127825 -122.386 37.3272
821 9043 9044 0.755268 1.09351 -122.39 37.6003
822 2106 2354 0.0459916 2.58601 -122.393 40.5825
823 9041 9042 0.3145 1.32223 -122.399 37.6381
824 8823 8824 0.0450062 0.142411 -122.401 37.6694
825 6904 7062 3.54596 1.10898 -122.401 38.4372
826 9039 9040 1.28346 0.435678 -122.409 37.6558
827 8516 8517 0.149464 1.01689 -122.41 37.78
828 9041 9042 0.960585 0.67614 -122.41 37.6278
829 6904 7062 0.533144 4.1218 -122.422 38.4592
830 9371 9704 0.195446 0.594674 -122.428 37.4667
831 6558 6559 0.662154 0.681155 -122.428 38.6156
832 874 914 1.37797 1.30946 -122.432 41.4603
833 8851 8852 1.98806 0.119241 -122.433 37.6564
834 7487 7488 0.924488 0.478446 -122.437 38.2722
835 6556 6556 0 0 -122.442 38.5706
836 6499 6500 0.885592 1.16974 -122.45 38.8828
837 8850 8851 0.70135 0.0693744 -122.45 37.67
838 8747 8747 0 0 -122.454 37.7078
839 7219 7252 0.442018 0.497191 -122.457 38.2894
840 8254 8254 0 0 -122.458 37.8744
841 8765 8792 0.92214 0.532242 -122.464 37.6908
842 9373 9374 1.17596 0.206176 -122.468 37.5033
843 6927 6928 0.323671 2.41141 -122.471 38.5058
844 6929 6929 0 0 -122.475 38.5419
845 7210 7211 0.298719 0.342779 -122.481 38.3144
846 6563 6563 0 0 -122.482 38.6536
847 8766 8767 0.898807 0.222597 -122.482 37.6975
848 8139 8140 1.25068 0.157451 -122.482 37.9419
849 7212 7215 0.353383 0.628171 -122.486 38.2997
850 2101 2102 1.31882 0.788183 -122.487 40.5967
851 8866 8867 0.69569 2.67327 -122.491 37.6492
852 9386 9386 0 0 -122.497 37.5989
854 9377 9378 0.57993 0.486086 -122.513 37.5289
855 9378 9379 0.750401 1.09925 -122.514 37.5414
856 820 821 0.850382 0.048371 -122.519 41.5219
857 868 869 0.0818881 3.11341 -122.522 41.6456
858 7207 7208 4.14133 2.12167 -122.524 38.3631
859 8249 8250 0.227269 0.130192 -122.526 37.9261
860 411 412 0.107458 1.03716 -122.527 41.7278
861 8055 8105 0.40116 2.853 -122.531 37.9728
862 8248 8249 0.0541964 0.535685 -122.535 37.9364
863 4725 4726 0.230144 1.06393 -122.536 39.6036
864 4708 4709 0.32353 3.17304 -122.544 39.3753
865 8312 8312 0 0 -122.544 37.9061
866 7205 7206 0.0311749 0.953037 -122.551 38.42
867 8045 8045 0 0 -122.555 37.9622
868 9 36 1.45128 0.560557 -122.557 41.9083
869 8031 8031 0 0 -122.561 37.9711
870 7725 7726 0.224199 0.798457 -122.569 38.0964
871 6932 6933 0.418372 1.8802 -122.577 38.5783
872 7963 7995 0.646757 0.405623 -122.584 37.9864
873 5747 6486 0.133835 0.586693 -122.61 38.9103
874 6068 6069 0.422316 0.261703 -122.615 38.7519
875 387 387 0 0 -122.636 41.7294
876 7322 7326 0.705758 0.82176 -122.637 38.2317
877 8299 8300 0.344013 0.37685 -122.639 37.8983
878 5744 5745 0.950107 0.323782 -122.643 38.9544
879 7950 7951 1.1933 1.97805 -122.643 38.0131
880 5744 5744 0 0 -122.659 38.9678
881 7293 7294 1.14786 0.57064 -122.666 38.2967
882 7949 7950 0.797809 0.850911 -122.667 38.0142
883 6613 6614 0.33071 1.96308 -122.673 38.6322
885 6960 6986 0.511121 1.93499 -122.685 38.4444
886 8188 8188 0 0 -122.686 37.9081
887 7947 7948 0.225383 0.274533 -122.688 38.015
888 7937 7937 0 0 -122.698 38.0625
889 7155 7289 0.527671 1.47657 -122.698 38.3283
890 7945 7946 1.06365 0.195019 -122.701 38.0122
891 1408 1408 0 0 -122.702 40.9814
892 7153 7154 3.63339 0.228032 -122.705 38.3472
893 6986 7038 0.297002 2.44751 -122.709 38.4397
894 6078 6078 0 0 -122.719 38.8564
896 4069 4070 0.41559 0.201517 -122.724 39.6511
897 7941 7942 0.237664 0.567552 -122.729 38.0197
898 6952 6953 1.35568 0.496425 -122.768 38.4947
899 7021 7066 0.922268 1.09948 -122.787 38.4236
900 7851 8152 0.103856 1.75707 -122.788 38.0422
901 1919 1920 0.826481 0.338527 -122.799 40.7042
902 1021 1022 0.102146 1.10342 -122.8 41.3097
903 6950 6951 0.667807 3.26466 -122.804 38.5481
904 7852 7853 0.231024 0.199516 -122.806 38.0692
905 6623 6623 0 0 -122.819 38.6667
906 201 202 1.43245 0.340986 -122.822 41.8614
907 7063 7156 0.576132 0.228231 -122.823 38.4003
908 5748 5749 1.15354 0.359061 -122.837 38.9786
909 5567 5568 0.335482 1.77296 -122.839 39.1222
910 591 861 0.211466 2.40496 -122.84 41.6078
911 7857 7858 0.205271 1.9136 -122.851 38.0969
912 7071 7072 3.80724 1.87127 -122.868 38.4372
913 6943 6944 1.57984 0.587577 -122.868 38.6128
914 1109 1110 0.206465 1.21291 -122.894 41.4564
915 7070 7070 0 0 -122.894 38.4739
916 6180 6934 0.227243 1.04093 -122.903 38.7069
917 7315 7329 0.419627 1.82972 -122.904 38.2464
918 862 863 0.798014 2.36825 -122.906 41.5481
919 6941 6942 0.914073 0.867755 -122.909 38.6492
920 5266 5571 0.926901 1.32811 -122.91 39.165
921 5543 5544 0.360026 2.34644 -122.913 39.0439
922 7304 7305 0.83585 0.310691 -122.925 38.3183
923 1894 1895 0.381523 0.586668 -122.941 40.7333
924 2158 2159 0.425789 0.129855 -122.942 40.6517
925 7148 7148 0 0 -122.947 38.4069
926 6902 6902 0 0 -122.958 38.425
927 5270 5271 0.175806 0.95766 -122.962 39.18
928 7321 7321 0 0 -122.963 38.2494
929 7142 7143 0.145342 1.10236 -122.971 38.3467
930 6169 6169 0 0 -122.973 38.7631
931 6893 6894 0.470983 0.155983 -122.999 38.5025
933 6894 6895 1.09205 0.838404 -123.011 38.4972
934 5916 5954 0.60386 0.315844 -123.016 38.8061
935 6902 6903 0.914515 1.01805 -123.023 38.4736
936 7191 7192 0.319459 0.856344 -123.037 38.3244
937 6994 6994 0 0 -123.05 38.4528
938 1888 1888 0 0 -123.054 40.7303
939 6878 6879 0.129934 1.28977 -123.088 38.5369
940 6987 7003 1.01769 0.387804 -123.114 38.4497
941 5600 5606 0.277526 1.22658 -123.116 38.9731
942 1880 1881 0.391439 0.861372 -123.128 40.7733
943 5442 5443 1.74414 0.452984 -123.157 39.1669
944 2130 2392 0.653585 0.64469 -123.181 40.5542
945 4952 4953 2.20608 0.282999 -123.202 39.2344
946 4895 4895 0 0 -123.203 39.265
947 5184 5184 0 0 -123.209 39.1506
948 4473 4473 0 0 -123.214 39.4917
949 1871 1872 0.622139 1.56383 -123.266 40.7433
950 2598 2599 0.304687 0.81444 -123.324 40.3733
951 4506 4527 0.50784 0.703846 -123.352 39.4092
952 241 643 0.245585 0.39134 -123.375 41.7994
953 3980 3980 0 0 -123.389 39.7711
954 2113 2113 0 0 -123.456 40.6169
955 1683 1684 1.77276 0.474987 -123.583 40.8908
956 1544 1681 1.00493 0.40351 -123.628 40.9408
957 3292 3292 0 0 -123.641 40.0489
958 3366 3367 0.302796 0.228311 -123.783 40.0686
959 3225 3225 0 0 -123.795 40.0822
960 4691 4692 1.02354 0.124209 -123.799 39.3061
961 4482 4484 0.354834 0.60911 -123.802 39.4444
962 4697 4698 0.406454 0.905186 -123.812 39.3631
963 1611 1660 2.02834 1.4529 -123.988 40.8814
964 1811 1812 1.53141 0.70907 -124.063 40.8433
965 1705 1705 0 0 -124.086 40.8683
966 1589 1590 0.821853 0.251929 -124.101 40.9442
967 1827 1828 0.897626 0.407172 -124.163 40.8019
968 337 338 0.243554 1.03048 -124.196 41.7531
969 2019 2020 0.877057 0.62994 -124.224 40.6397
970 2889 2890 1.72356 0.592075 -124.261 40.5775
