0 20852 20852 0 0
1 20581 20581 0 0
2 20646 20646 0 0
3 20385 20385 0 0
4 19390 19391 0.594096 1.07256
5 13436 13437 1.17736 0.999038
6 18677 18677 0 0
8 19392 19392 0 0
9 18686 18686 0 0
14 10300 10300 0 0
15 10280 10281 1.54121 0.747095
16 9253 9253 0 0
17 16370 16370 0 0
20 16206 16206 0 0
21 16199 16199 0 0
23 7799 7799 0 0
24 7800 7800 0 0
25 16119 16119 0 0
27 5532 5532 0 0
28 7982 7983 2.23609 0.404867
29 16118 16118 0 0
30 16114 16114 0 0
31 7976 7976 0 0
32 7974 7975 0.297223 1.47128
33 5531 5532 1.51829 0.348541
34 5531 5532 1.21841 0.64842
35 5477 5478 1.06687 0.753058
36 5475 5476 1.45724 0.284165
37 3777 3778 1.52807 0.987196
38 6809 6810 1.63202 1.02647
39 14730 14730 0 0
40 14731 14731 0 0
41 5473 5473 0 0
42 5518 5519 0.33632 1.1364
43 5518 5519 0.184481 1.28824
44 5518 5518 0 0
48 5517 5518 0.7622 0.202077
49 5517 5518 0.730297 0.23398
50 3769 3770 0.979464 0.561438
51 5517 5518 0.352147 0.61213
52 5517 5517 0 0
53 5392 5393 0.306489 1.30893
54 5515 5516 0.042616 0.59128
56 4863 4864 1.0073 0.587018
58 4863 4863 0 0
60 7423 7423 0 0
61 4974 4975 0.601635 0.00397676
62 5381 5381 0 0
63 4858 4859 0.354156 0.406227
64 4857 4858 0.999085 0.045164
65 4793 4794 2.35515 0.385813
66 14656 14656 0 0
67 7617 7617 0 0
68 7614 7614 0 0
69 14178 14179 4.16268 0.46626
70 4984 4984 0 0
71 14004 14005 1.22929 0.728674
72 7613 7614 1.54443 0.843627
73 4855 4856 2.70087 0.312674
74 4985 4985 0 0
75 5655 5655 0 0
76 5653 5654 0.539787 0.804403
77 5653 5653 0 0
78 13986 13987 0.36186 1.0145
79 5652 5653 0.892447 0.062523
80 5652 5653 0.336543 0.618428
81 5650 5651 0.548268 0.565495
82 5650 5650 0 0
83 5649 5650 0.701133 0.413014
84 5002 5003 1.09046 0.283874
85 5648 5649 0.11666 0.458742
86 5648 5648 0 0
87 5647 5647 0 0
88 5646 5647 0.481136 0.440566
89 4986 4986 0 0
90 6082 6083 0.0926728 0.686157
91 6081 6082 0.231091 0.434845
92 6080 6081 0.479885 0.564227
93 4848 4849 1.31085 0.422313
94 4435 4435 0 0
95 6970 6971 0.390939 2.15173
97 5765 5766 0.639374 0.61426
98 4846 4846 0 0
100 6059 6060 0.253376 1.49039
101 4428 4428 0 0
102 5015 5015 0 0
103 6060 6060 0 0
105 4820 4821 0.821972 0.627339
106 13694 13694 0 0
107 6060 6061 2.99907 4.04004
108 3328 3328 0 0
110 5018 5018 0 0
111 3315 3316 0.330657 0.424533
112 13687 13688 1.59708 0.94606
113 5020 5020 0 0
114 5021 5022 0.301627 0.613655
115 5021 5022 0.504612 0.410671
116 4820 4821 0.972487 0.476825
117 4402 4402 0 0
118 5024 5024 0 0
119 4838 4838 0 0
121 6470 6471 0.155609 1.05954
122 3322 3323 0.478951 1.47529
123 13684 13685 0.328597 0.363091
124 4827 4828 1.215 0.749343
125 3322 3323 1.03146 0.922787
126 3322 3323 1.36202 0.592222
127 4827 4827 0 0
128 6468 6469 2.84656 0.215019
130 3322 3323 1.73352 0.220725
131 3323 3323 0 0
132 6485 6485 0 0
133 4401 4401 0 0
134 4400 4401 1.52031 0.0780423
135 4397 4397 0 0
136 4212 4213 0.55235 0.0809668
138 6545 6545 0 0
139 4395 4395 0 0
140 6627 6628 0.933619 0.404151
141 13673 13674 2.88188 0.618592
142 4382 4382 0 0
143 4392 4392 0 0
144 4381 4381 0 0
145 13662 13663 0.41609 0.181091
146 5084 5085 0.604047 0.30461
147 13659 13660 1.1274 1.23133
148 4379 4380 0.53927 2.18655
150 4380 4381 1.56882 0.0360436
151 5087 5088 1.21229 0.664924
152 4380 4381 0.648537 0.956326
153 4379 4380 2.46148 0.264337
154 4390 4391 0.116537 3.19789
155 4190 4191 1.0477 0.100472
156 4181 4181 0 0
157 13647 13647 0 0
158 3843 3843 0 0
159 6757 6757 0 0
160 3830 3831 0.241793 4.02339
161 6591 6592 2.11688 1.30837
162 7674 7675 1.36715 0.885168
163 6586 6587 0.391921 1.33361
164 6586 6586 0 0
165 7910 7910 0 0
166 7728 7728 0 0
167 12482 12483 0.171702 1.71544
168 5937 5938 0.434555 2.8373
169 11226 11227 0.221704 1.08389
170 12465 12466 0.138937 1.16278
171 12462 12462 0 0
172 2055 2055 0 0
173 3473 3473 0 0
175 3271 3272 1.23025 0.387818
176 7823 7823 0 0
177 9107 9107 0 0
178 7878 8056 0.967283 0.0144562
179 8345 8346 0.481221 3.98209
180 8184 8185 1.06748 1.81091
181 8515 8515 0 0
182 8166 8166 0 0
183 8162 8162 0 0
184 8513 8514 0.73154 1.11414
187 8418 8418 0 0
191 8418 8419 0.180698 0.697309
193 8115 8115 0 0
195 8254 8254 0 0
196 9372 9373 1.61653 1.12061
197 9372 9373 1.93279 0.804347
198 9374 9375 0.838139 0.186641
199 2344 2345 0.887768 0.228374
200 2099 2099 0 0
201 8308 8308 0 0
203 8306 8306 0 0
205 95 95 0 0
206 94 95 0.956786 0.848251
207 94 95 0.499012 1.30602
208 94 95 0.0267184 1.77832
209 94 94 0 0
210 8189 8189 0 0
211 91 92 1.12592 1.17914
212 91 92 0.781194 1.52386
213 4709 4709 0 0
214 88 89 0.286322 0.53754
215 200 201 0.393895 0.263783
216 1916 1917 0.537918 0.296406
217 200 201 0.419289 0.238389
218 1945 1946 0.0386794 1.46295
219 7890 7890 0 0
220 195 196 1.59754 0.2621
221 7690 7691 0.470896 0.560438
222 7690 7691 0.757438 0.273896
223 2150 2150 0 0
224 7191 7192 0.458002 0.7178
225 7186 7187 2.6371 1.54659
226 1882 1883 1.37838 1.61923
227 4924 4925 0.456366 3.84662
228 1121 1122 0.474552 0.499813
229 1881 1882 0.583331 0.356238
230 7894 7894 0 0
231 1366 1366 0 0
232 6866 6867 1.13079 0.882663
233 1131 1132 0.656475 1.2089
234 1357 1358 0.590572 2.67081
235 1357 1358 0.0999492 3.16144
236 1867 1868 0.876573 0.613475
237 291 292 0.304827 0.0344176
238 1864 1865 2.11011 0.0835915
239 1152 1152 0 0
240 1150 1151 2.18779 0.977671
241 1862 1863 0.213118 0.993588
242 1679 1680 0.825159 0.14116
243 1861 1862 0.666818 1.07988
244 1140 1141 1.22563 1.32566
245 1856 1857 2.13956 0.233369
246 649 650 0.113678 0.732693
247 655 656 0.233275 1.51107
248 1138 1138 0 0
250 1668 1851 0.116682 2.81657
251 666 949 2.34295 0.346831
252 666 752 1.04657 0.61597
253 951 951 0 0
254 949 950 1.97193 0.36046
255 752 753 1.4473 1.25875
256 6203 6204 0.249784 0.695084
257 5773 5774 0.662511 1.27084
258 5775 5776 0.615345 1.55081
259 1452 1452 0 0
260 5127 5127 0 0
261 5124 5125 0.435943 2.63453
262 787 787 0 0
263 788 789 1.61078 0.223877
264 789 789 0 0
265 2677 2966 0.453462 0.231675
266 2964 2964 0 0
267 3816 3817 0.586562 2.39506
268 2861 2862 0.395422 0.489732
269 3822 3823 1.53981 0.871639
270 1323 1323 0 0
271 1829 1829 0 0
272 2884 2885 0.894145 0.385429
273 2014 2015 0.336333 0.71847
274 2015 2015 0 0
275 2921 2921 0 0
276 321 321 0 0
277 2907 2907 0 0
