0 12043 12044 0.357035 0.393038 -121.017 36.3754
1 11357 11358 1.13814 0.623687 -117.175 36.5838
2 18989 18990 0.302349 0.489141 -115.956 33.6749
3 15538 15539 0.336988 0.439482 -114.606 34.7835
4 14769 14770 0.405129 0.353539 -115.271 35.3936
5 16646 16647 0.293501 0.647208 -119.6 34.4338
6 13965 13966 1.19443 0.497395 -118.957 35.5588
7 11559 11560 2.15142 0.511229 -119.794 36.4519
8 11161 11162 0.469253 0.883061 -120.808 36.7826
9 10778 10779 0.78288 1.12658 -118.617 36.9509
10 11810 11811 0.0938507 0.238953 -118.57 36.4137
11 9884 9885 1.92488 0.153824 -121.869 37.3552
12 9109 9137 1.32037 0.387741 -122.019 37.5417
13 7519 7520 1.33192 0.74596 -120.109 38.4193
14 309 310 0.968781 4.23972 -121.751 41.8528
15 1708 1709 0.0310686 0.121228 -120.506 40.945
16 16049 16050 0.611236 0.196209 -119.763 34.5629
17 2863 2864 0.186912 1.68221 -123.941 40.352
18 13253 13514 1.91653 0.817463 -119.679 35.6522
19 17279 17280 0.0330416 1.06834 -118.148 34.1691
20 689 690 0.584218 0.405982 -122.187 41.6463
21 16833 16834 0.0981459 0.193088 -119.596 34.4239
22 12213 12426 0.81035 1.44689 -120.344 36.1323
23 15333 15337 0.187601 0.287338 -118.171 34.8944
24 16156 16157 0.0266394 1.87618 -120.355 34.5373
25 2882 2883 1.84477 0.263539 -124.113 40.244
26 18331 18351 0.0986148 0.484905 -117.441 33.9166
27 2591 2592 1.37736 0.15304 -123.433 40.413
28 5686 5687 0.747427 2.47424 -123.316 38.9414
29 535 536 0.307138 0.18586 -121.423 41.6744
30 13812 13813 0.206909 0.15801 -120.836 35.5418
31 15830 15831 0.318133 0.346028 -120.193 34.6137
32 7420 7421 0.50326 0.475846 -120.711 38.3038
33 3140 3167 1.86024 0.268181 -123.783 40.1343
34 12981 13230 0.279037 0.120729 -117.853 35.7739
35 8563 8564 0.545759 0.201856 -119.589 37.8471
36 8763 8764 0.185032 0.986059 -122.467 37.7475
37 9199 9219 0.380471 0.758664 -120.831 37.4949
38 17499 17500 0.296909 0.84505 -117.69 34.1107
39 5992 5993 1.63577 1.06352 -120.169 38.7908
40 16508 16509 6.08594 1.84879 -117.723 34.4904
41 1482 1483 0.0429459 0.493878 -123.722 41.1965
42 11094 11096 0.0297579 0.0202554 -121.645 36.6646
43 19218 19219 0.169612 2.25342 -115.886 33.6273
44 3927 4045 0.733868 0.104838 -121.811 39.7107
45 6674 6675 0.0621943 0.00737426 -121.376 38.537
46 20395 20396 0.25094 0.528377 -115.373 32.814
47 17790 18030 0.0773394 0.441717 -117.809 34.0539
48 5838 5839 1.58696 0.426948 -123.605 38.8515
49 19848 19968 0.707528 0.142866 -116.248 33.155
50 17933 17934 0.134199 0.129972 -118.218 34.0269
51 20292 20293 2.15519 0.525395 -115.573 32.8649
52 18783 18784 0.54601 0.349088 -116.217 33.7362
53 18623 18624 0.0501318 0.618292 -117.848 33.8075
54 4041 4042 1.46638 0.192421 -122.56 39.8088
55 11578 11808 2.5107 0.900577 -118.58 36.4307
56 13265 13266 3.98061 0.491986 -117.632 35.692
57 8819 8823 0.197821 0.493862 -122.401 37.6751
58 5067 5068 0.659855 0.399302 -121.64 39.2184
59 6002 6003 0.569882 1.70965 -120.073 38.821
60 10742 10743 0.0267308 0.641539 -118.999 37.0206
61 6172 6173 0.155405 0.221792 -122.956 38.7439
62 19396 19397 1.09234 3.2082 -116.944 33.6487
63 982 1022 1.68649 0.103839 -122.775 41.3251
64 2280 2281 1.05414 0.438974 -120.55 40.5611
65 10607 10623 0.0833933 2.36935 -121.787 36.9214
66 14398 14399 0.0558669 0.514204 -120.003 35.3227
67 6138 6139 0.0852832 0.141534 -120.742 38.7405
68 9536 9537 0.0317491 0.603233 -118.349 37.403
69 20682 20683 0.336 0.0958767 -116.698 32.7641
70 13777 13778 0.829853 0.173597 -117.205 35.9646
71 11708 11709 0.253082 0.542774 -120.727 36.4669
72 10085 10086 4.10149 0.135586 -121.67 37.1812
73 8824 9039 0.088024 0.202484 -122.405 37.669
74 19285 19286 0.0332146 1.4109 -117.302 33.6687
75 1142 1143 0.390115 0.189551 -123.398 41.3439
76 17163 17164 0.958264 1.33973 -114.648 34.5095
77 9516 9517 0.307508 0.503859 -118.745 37.5725
78 16421 16422 0.0156921 0.269619 -119.265 34.556
79 13972 13973 1.27358 0.596583 -119.054 35.463
80 9061 9110 0.945051 1.45355 -122.346 37.5724
81 15804 15805 0.0651045 0.0259508 -120.436 34.6405
82 10739 10740 0.47638 0.154587 -119.006 37.0343
83 17684 17685 0.868236 2.00672 -117.14 34.0781
84 11054 11055 0.119037 0.109003 -118.99 36.7242
85 18325 18326 1.50727 1.7134 -117.306 33.9209
86 6911 6912 1.26595 1.01915 -122.35 38.4872
87 1083 1084 1.58837 0.00318301 -121.91 41.5607
88 3524 3525 0.573388 1.41065 -122.645 39.9011
89 5041 5042 0.29016 1.31293 -121.322 39.3807
90 20561 20573 0.963835 0.0226901 -117.132 32.7604
91 2327 2328 0.768725 0.457312 -122.15 40.5443
92 16402 16403 0.174189 0.0917486 -119.284 34.5129
93 13098 13099 0.0124114 2.05616 -119.975 35.7571
94 6353 6354 2.33291 0.262096 -119.781 38.698
95 3866 3867 1.27441 0.934272 -120.017 39.8844
96 3546 3547 0.174254 1.05289 -123.735 39.8911
97 16461 16462 0.0434921 0.156013 -119.37 34.6748
98 11539 11540 2.58604 1.16728 -116.863 36.4674
99 2671 2672 0.0793688 0.0589044 -122.949 40.3729
100 972 973 1.00241 0.551715 -124.006 41.3839
101 19430 19431 0.532215 1.66702 -114.847 33.4992
102 8698 8699 0.457733 0.537339 -122.137 37.7206
103 17226 17227 0.741564 0.126778 -119.014 34.2158
104 3787 3788 0.479917 0.505539 -123.82 39.798
105 19210 19211 0.227627 0.56001 -115.97 33.5923
106 8020 8021 1.25653 0.259187 -120.246 38.0312
107 220 221 0.60965 0.0617707 -123.531 42.0056
108 13418 13419 0.981898 3.12646 -120.582 35.6604
109 3231 3232 0.35139 1.72784 -120.941 40.0839
110 12253 12254 0.762987 0.442363 -119.573 36.0997
111 8925 8926 0.435276 0.217312 -120.333 37.7085
112 3253 3254 0.416196 0.679056 -123.862 40.1373
113 10985 10986 0.163327 1.20917 -119.459 36.7272
114 4971 4972 0.291909 0.174399 -120.862 39.8842
115 18924 18925 0.906087 0.368297 -117.39 33.7023
116 16889 16891 0.26973 1.67077 -119.213 34.279
117 2351 2352 0.268436 1.28321 -122.442 40.562
118 13601 13602 0.39116 0.4055 -118.074 35.7235
119 4049 4050 0.78152 0.466914 -121.808 39.6567
120 1120 1121 0.336944 1.09078 -123.089 41.3106
121 19460 19461 0.455282 0.736556 -115.897 33.515
122 16878 16910 0.281085 1.04479 -118.683 34.2821
123 13650 13651 0.66134 0.15715 -121.462 35.9049
124 1803 1804 0.542041 0.277991 -120.438 40.8815
125 16783 16784 1.95075 0.197653 -117.645 34.3683
126 4539 4566 0.0151041 3.00571 -121.933 39.3897
127 2629 2630 0.392705 0.574549 -122.834 40.3935
128 191 192 0.458028 0.0127099 -123.006 41.84
129 13892 13893 0.141877 2.87679 -119.691 35.512
130 2409 2410 0.933685 0.249693 -120.036 40.5347
131 3401 3402 0.422282 0.21851 -122.667 40.0494
132 21028 21037 0.614526 0.13857 -117.118 32.5729
133 10197 10198 0.119169 0.546581 -121.618 37.1158
134 14304 14314 1.56956 0.787136 -118.925 35.3596
135 20576 20577 0.40654 0.741877 -117.213 32.7771
136 16141 16142 0.495199 1.26708 -120.185 34.5555
137 18408 18409 0.177178 0.29656 -117.597 33.8775
138 15701 15702 0.244933 0.182524 -116.001 34.7255
139 3870 3871 0.509258 0.471971 -120.041 39.8557
140 15124 15125 0.1443 5.62769 -117.03 35.1717
141 14778 14779 0.637348 0.924779 -115.317 35.3468
142 19946 19947 0.825493 0.40475 -116.466 33.0978
143 16292 16293 0.460458 1.54153 -117.084 34.4673
144 6957 6958 0.0719744 0.401541 -120.865 38.4577
145 12872 12873 0.778646 2.34844 -120.908 36.0021
146 2686 2687 0.197248 0.070752 -123.999 40.4544
147 2920 2921 1.85046 0.610258 -124.23 40.279
148 8142 8180 4.30749 0.319245 -121.185 37.9568
149 17131 17132 2.32315 0.281279 -118.36 34.2204
150 8435 8436 1.64608 0.630655 -122.018 37.8576
151 18348 18349 0.618799 1.6071 -117.558 33.93
152 14972 14973 0.915835 0.512925 -115.864 35.1874
153 18466 18467 0.361717 0.285361 -117.975 33.8573
154 13729 13730 0.493317 1.14561 -116.797 35.5752
155 12292 12295 2.17362 0.246892 -120.115 36.0988
156 318 319 0.0131568 0.760775 -124.159 41.8237
157 16865 16866 1.54568 0.803378 -118.902 34.3237
158 9305 9306 1.34758 0.0998745 -120.861 37.4823
159 14142 14143 1.60445 0.465808 -119.252 35.4403
160 5688 5895 0.274647 0.589022 -123.284 38.9185
161 7942 7943 0.188075 0.15388 -122.717 38.0202
162 9371 9704 0.106666 0.683453 -122.427 37.4672
163 5632 5633 0.926864 0.585149 -120.98 39.0237
164 8253 8254 0.341047 0.182835 -122.514 37.8892
165 18423 18432 4.31553 0.9409 -118.346 33.8737
166 1778 1779 0.466759 0.40406 -120.091 41.0093
167 4167 4168 1.65961 0.909446 -121.721 39.6469
168 11922 11923 0.901871 0.53652 -116.777 36.407
169 2945 2946 0.32935 0.20186 -123.44 40.2471
170 4072 4073 1.07037 0.0731879 -122.769 39.6391
171 12005 12006 0.133922 2.25754 -121.738 36.4842
172 3431 3432 0.275521 0.310694 -120.74 40.0562
173 12746 13116 1.7044 2.36338 -119.914 35.9201
174 118 119 2.24472 1.0612 -120.868 41.9855
175 17167 17168 1.35702 3.45512 -114.647 34.2619
176 10543 10584 0.145931 0.738498 -121.386 36.9654
177 480 523 0.542846 0.438792 -121.244 41.6571
178 20056 20057 0.177528 0.268522 -116.822 33.0529
179 11117 11118 0.426474 1.27942 -117.315 36.9343
180 6199 6200 0.575295 1.32965 -123.572 38.8027
181 1728 1729 0.545371 0.85661 -122.255 41.2507
182 15284 15285 1.90715 2.12489 -115.026 34.9145
183 20459 20496 0.779163 0.810966 -115.564 32.795
184 14859 14860 0.185835 0.510176 -118.353 35.11
185 1820 1821 0.404034 0.413848 -122.32 40.806
186 5527 5528 0.402295 0.629231 -120.599 39.0542
187 5491 5492 0.580191 1.44845 -122.266 39.1431
188 20160 20161 0.0186998 0.916292 -115.369 33.0157
189 10594 10595 1.58938 5.00555 -121.598 37.0108
190 2097 2098 1.65475 0.175726 -122.521 40.6292
191 1469 1470 0.526355 0.446575 -123.852 41.1562
192 19773 19774 0.411915 0.511661 -116.632 33.2813
193 18343 18344 0.297643 1.89091 -116.5 34.1087
194 20943 20944 1.24045 0.358068 -116.096 32.6544
195 10647 10648 1.41051 0.28075 -119.518 36.9055
196 16032 16033 0.33311 0.0537774 -119.686 34.646
197 4971 4972 0.354861 0.111448 -120.862 39.8837
198 8244 8245 0.509381 0.57904 -121.707 37.9938
199 1359 1360 1.92038 0.259392 -123.217 41.2189
200 3426 3427 0.223518 0.816101 -120.801 40.0603
201 14992 14993 0.516712 1.30913 -117.692 35.0173
202 9166 9167 1.56747 0.449867 -121.984 37.5297
203 20650 20651 0.738949 1.66024 -114.753 32.7666
204 3589 3590 0.661362 0.105879 -122.554 39.8706
205 14253 14254 0.0113629 0.505134 -117.67 35.424
206 12201 12202 0.52167 0.650623 -119.06 36.2891
207 12068 12069 1.92935 0.746586 -119.316 36.2444
208 11362 11363 0.250736 0.231449 -117.121 36.6061
209 832 833 2.16098 0.405504 -120.695 41.6076
210 17446 17447 0.377487 0.519156 -116.067 34.1328
211 14750 14751 1.01263 0.776471 -118.467 35.1591
212 7484 7485 0.215263 0.187851 -121.676 38.1562
213 17761 17766 0.131931 0.18521 -117.198 34.0629
214 13936 13937 0.0228765 1.4069 -120.328 35.5016
215 7875 7879 1.49811 0.229814 -121.865 38.0159
216 6936 6937 0.409344 0.506414 -122.884 38.6826
217 15175 15176 0.294809 0.3181 -115.383 35.0246
218 1877 1878 0.534662 2.80698 -123.176 40.7521
219 5275 5276 0.123663 1.15121 -123.038 39.1931
220 12227 12228 0.829679 1.22908 -118.771 36.1444
221 4138 4139 0.339671 0.715208 -120.612 39.7588
222 7242 7243 0.0595186 1.00331 -120.915 38.3413
223 8484 8504 0.304952 0.175287 -121.328 37.7723
224 20648 20821 1.07442 0.371638 -114.758 32.742
225 17091 17092 0.755399 0.0586086 -117.268 34.2262
226 2400 2401 1.18924 1.50745 -120.149 40.4993
227 9973 9974 0.327144 0.188856 -118.926 37.3939
228 17381 17382 2.61097 2.29687 -116.312 34.1605
229 6678 6679 0.0288471 0.302729 -121.897 38.553
230 3338 3339 0.104629 0.632195 -121.605 40.0732
231 8355 8356 0.292813 0.667229 -122.239 37.8409
232 8319 8326 0.829248 0.269094 -122.101 37.8508
233 5183 5184 0.191076 0.0830646 -123.215 39.1649
234 19916 19917 0.410927 0.162993 -115.514 33.1303
235 5281 5282 0.341656 0.0439603 -123.604 39.1587
236 3318 3319 0.667425 0.32282 -121.155 40.0382
237 10210 10492 2.11154 2.27836 -118.238 37.0399
238 10369 10370 0.99469 0.151266 -117.742 37.2224
239 664 665 1.18239 0.181382 -123.522 41.5925
240 17576 17577 0.553609 0.0309834 -116.724 34.1792
241 7916 7917 1.27529 0.778314 -121.744 38.0396
242 3876 3877 0.510777 2.91725 -120.156 39.7995
243 16445 16446 0.0618611 0.102227 -119.378 34.6449
244 13064 13065 1.03408 1.28969 -120.475 36.0749
245 13244 13245 0.392651 1.2782 -120.208 35.736
246 15013 15014 0.310474 1.03357 -119.766 35.1436
247 1363 1364 0.129807 0.389422 -123.208 41.1908
248 9704 9705 0.301898 0.516253 -122.429 37.4586
249 1706 1707 3.29878 0.541476 -120.483 41.0175
250 1451 1452 2.14809 0.149332 -123.689 41.182
251 8105 8107 0.0358362 0.0388226 -122.506 37.9568
252 18878 18879 1.61807 0.583384 -115.433 33.8794
253 16640 16641 0.796979 0.278566 -119.556 34.4211
254 6313 6314 0.0366424 0.0339595 -121.803 38.6792
255 3286 3287 0.211114 0.82376 -123.65 40.0936
256 3468 4963 0.0750092 0.368832 -120.877 39.9314
257 14608 14880 1.89472 0.827579 -119.193 35.253
258 18193 18194 0.655017 1.06871 -118.164 33.9923
259 15456 15457 2.61681 0.0237653 -118.879 34.8125
260 18135 18136 0.838845 0.116559 -118.422 33.9665
261 14231 14232 0.965276 0.606835 -118.209 35.5348
262 19123 19129 0.316953 0.0305832 -114.997 33.6067
263 15356 15376 1.20204 0.147051 -114.74 34.8821
264 15991 15992 0.11173 0.827175 -117.34 34.6131
265 17353 17354 1.05152 0.786798 -115.691 34.3538
266 4697 4698 0.616471 0.695169 -123.813 39.3647
267 15741 15742 0.554966 0.0022288 -120.262 34.8542
268 3241 3242 0.118258 0.892494 -123.968 40.0692
269 18423 18432 1.47706 3.77937 -118.377 33.874
270 9034 9035 2.06629 0.39945 -121.536 37.7187
271 6427 7118 0.412292 1.19196 -119.523 38.6423
272 1309 1310 0.644052 0.0514686 -120.041 41.1878
273 4909 4910 0.109955 0.346291 -123.125 39.2456
274 19245 19246 0.00991974 0.232025 -116.409 33.6462
275 1283 1284 0.164532 0.317966 -123.599 41.2855
276 17029 17030 0.645117 0.281775 -116.825 34.2768
277 10049 10050 0.263393 0.314223 -118.015 37.349
278 18887 18888 0.325939 0.75333 -115.442 33.7959
279 17583 17584 1.10994 0.635247 -116.825 34.1747
280 11946 11947 1.31125 0.594634 -118.021 36.3058
281 11848 11878 2.31168 1.63991 -119.249 36.3259
282 19149 19150 0.024351 1.84881 -117.712 33.6227
283 6982 6983 0.729947 0.944243 -122.205 38.4533
284 656 657 0.761875 0.198875 -123.462 41.6641
285 6714 6715 0.383628 1.03722 -120.119 38.6837
286 9056 9128 0.535947 0.940491 -121.873 37.5815
287 8142 8172 0.851124 0.224886 -121.228 37.9347
288 10645 10646 0.144754 1.92316 -119.504 36.9498
289 6267 6320 3.16243 0.544991 -121.91 38.6758
290 20424 20425 0.566267 1.56256 -116.472 32.9181
291 14188 14189 1.35714 0.573359 -116.184 35.5403
292 2568 2569 0.252074 0.373419 -121.506 40.4804
293 21002 21003 0.124225 0.550912 -116.763 32.6263
294 17819 17820 0.846556 0.295895 -115.184 34.066
295 7672 7709 2.37597 0.125051 -122.236 38.1014
296 5663 5664 1.79087 0.0746198 -120.824 39.0181
297 4930 4931 0.219662 0.343573 -123.169 39.4257
298 6503 6504 0.428973 0.58755 -122.408 38.8639
299 11910 11911 1.58342 0.954113 -116.599 36.3437
300 4786 4813 0.27388 0.576679 -121.018 39.2621
301 9149 9150 0.703942 1.35437 -120.451 37.6128
302 20954 20955 0.131899 0.708222 -116.365 32.6446
303 9598 9599 0.66993 0.550343 -119.633 37.4209
304 3943 3944 1.13564 1.01113 -123.481 39.7003
305 16950 16952 0.396786 0.170051 -118.56 34.2632
306 7010 7011 0.808235 1.12534 -122.066 38.5221
307 11539 11540 3.67075 0.0825732 -116.862 36.4577
308 11441 11442 0.167417 0.64925 -118.827 36.4935
309 15218 15219 0.7944 1.10154 -119.437 34.9771
310 21008 21009 0.32918 0.532548 -116.799 32.6474
311 8450 8451 0.0161239 0.487747 -118.509 37.8254
312 2422 2423 0.764908 0.593721 -120.252 40.5506
313 9371 9372 0.67616 0.853614 -122.432 37.4721
314 2801 2838 1.45601 0.516903 -121.26 40.2761
315 15325 15326 2.40704 1.62485 -116.925 34.9054
316 17535 17536 0.483473 0.897878 -118.225 34.126
317 13335 13849 0.0722939 0.0908977 -120.398 35.6528
318 7434 7435 0.458339 1.78842 -120.745 38.2169
319 20373 20374 0.966134 0.019717 -116.786 32.8386
320 724 725 0.7513 0.10245 -120.129 41.5411
321 5714 5715 0.910847 0.739239 -120.109 38.9953
322 1146 1147 0.238957 0.0139076 -123.377 41.3243
323 11850 11851 0.925594 0.468373 -119.07 36.3386
324 18399 18521 0.64274 3.55818 -118.139 33.8732
325 19387 19388 0.00722946 0.0820231 -117.664 33.4672
326 3944 3945 0.174821 0.385504 -123.484 39.7107
327 15761 15762 0.00474791 0.245142 -118.16 34.7032
328 7370 7371 0.579454 0.451603 -119.914 38.346
329 16186 16187 1.08967 0.693752 -117.214 34.5138
330 11968 12206 1.35327 2.3442 -120.236 36.2467
331 16636 16637 0.490855 0.0188594 -119.522 34.4115
332 2612 2613 1.36052 0.761974 -120.475 40.3869
333 14429 14430 0.885898 1.23347 -118.026 35.3135
334 1862 1863 0.988293 0.218414 -123.365 40.8045
335 5603 5604 1.518 2.45583 -123.149 39.0346
336 2702 2703 0.474127 0.384798 -121.945 40.4189
337 8541 8542 0.25949 0.136678 -119.801 37.7624
338 16582 16860 1.65541 1.0808 -118.918 34.384
339 5763 5764 0.787143 0.429461 -122.651 38.9074
340 10355 10356 0.149927 0.114029 -117.625 37.2466
341 2247 2248 0.499051 0.764369 -121.704 40.7254
342 3171 3197 0.170976 0.961314 -120.826 40.1029
343 11423 11424 0.0565344 1.39307 -119.123 36.515
344 707 708 0.223212 0.722601 -122.42 41.6344
345 10378 10379 0.376774 0.737941 -117.938 37.2374
346 1321 1322 0.703416 0.592009 -124.096 41.1783
347 9515 9516 0.3743 2.00977 -118.719 37.5717
348 27 28 0.304835 0.0512807 -122.373 41.9846
349 7537 7538 0.0519793 0.829026 -120.333 38.2669
350 14815 14816 1.81645 1.33711 -118.047 35.2331
351 16035 16036 0.0313108 0.548519 -119.695 34.6497
352 4669 4670 0.404729 0.504774 -120.372 39.3289
353 17933 17936 2.37507 0.122375 -118.213 34.0474
354 7033 7034 0.26102 1.8611 -120.496 38.5034
355 6130 6131 0.769784 0.341015 -120.661 38.7427
356 8954 8955 0.391584 0.283561 -118.698 37.8157
357 9173 9174 0.0201847 2.86334 -120.879 37.5346
358 1669 1670 0.0136612 1.22826 -123.512 40.8858
359 7385 7386 0.00463736 0.216189 -119.998 38.2281
360 3287 3288 0.283833 0.0124436 -123.643 40.0853
361 1776 1777 0.940085 0.32347 -120.092 41.0258
362 4273 4274 1.19042 1.28962 -122.486 39.5969
363 256 257 0.397053 0.112643 -123.032 41.7892
364 11737 11738 0.351005 0.889294 -120.872 36.3655
365 3425 3426 0.00326862 0.541502 -120.809 40.063
366 15225 15226 2.05084 0.991951 -120.576 34.9795
367 94 95 0.0361007 1.76894 -122.66 41.8478
368 6594 6633 0.902033 0.0710338 -121.532 38.5885
369 20058 20059 0.129418 0.0866388 -116.825 33.0488
370 5340 5341 1.20083 2.00995 -123.481 39.1677
371 10065 10066 0.156818 0.549569 -118.162 37.2504
372 13494 13495 0.457279 1.4323 -117.58 35.6327
373 18782 19305 1.94466 0.786602 -117.079 33.719
374 20002 20003 0.282842 0.0148864 -116.662 33.1065
375 9906 9907 0.206097 0.35701 -122.385 37.3298
376 20194 20195 0.235874 0.150172 -117.217 32.9859
377 8265 8269 0.179976 0.0112844 -122.183 37.8715
378 11343 11344 0.211582 0.473149 -117.606 36.569
379 17020 17060 0.691265 1.53145 -116.986 34.2425
380 13964 13965 0.533337 1.08284 -118.96 35.5386
381 2602 2603 0.571038 0.654365 -123.25 40.4086
382 8791 8793 0.0778831 0.0461345 -122.483 37.6867
383 6982 7020 0.203936 1.07868 -122.197 38.4475
384 1002 1003 1.5915 0.621993 -122.562 41.4932
385 15459 15460 0.00475681 0.788045 -119.416 34.947
386 5873 5874 0.964198 0.227641 -123.312 38.9082
387 10385 10386 0.205153 1.24983 -118 37.1875
388 3744 3745 1.35619 0.162499 -123.1 39.8281
389 7613 7614 1.67164 0.716416 -120.901 38.1864
390 20307 20308 0.532534 0.00592303 -116.578 32.9687
391 17731 17735 0.0930238 0.072205 -117.991 34.0685
392 27 28 0.145651 0.210464 -122.375 41.9844
393 1473 1474 0.141667 0.677218 -123.82 41.1589
394 6925 6926 0.756878 1.48905 -122.454 38.4893
395 13165 13166 0.351138 0.0585913 -118.745 35.7095
396 8410 8411 0.0567166 1.15002 -120.545 37.8488
397 10252 10253 1.54459 0.60965 -121.043 37.0591
398 14326 14327 0.710323 0.907725 -120.043 35.3611
399 9066 9097 0.65332 0.356448 -122.383 37.5699
400 5517 5518 0.230462 0.733814 -120.754 39.0153
401 9282 9283 0.322482 0.436299 -120.174 37.5572
402 16834 16835 1.13358 0.774803 -119.61 34.4246
403 19099 19100 0.468552 1.50016 -114.537 33.8385
404 8159 8160 0.446219 0.166719 -120.813 37.9448
405 20644 20645 0.697931 0.0321224 -117.208 32.7485
406 2449 2450 0.456164 0.763525 -123.847 40.4711
407 6488 6489 0.479675 0.565369 -122.574 38.9055
408 18394 18436 0.577375 0.483976 -117.543 33.8762
409 10292 10293 0.0586066 0.10329 -119.239 37.2061
410 8891 8892 0.397922 0.857352 -120.555 37.6404
411 10558 10559 0.452738 1.71347 -122.292 37.1109
412 7528 7529 0.112118 1.08063 -120.249 38.3275
413 19284 19285 0.411974 1.32631 -117.311 33.6782
414 16794 16795 0.216777 1.05093 -118.774 34.2895
415 13119 13121 0.489957 0.867265 -119.948 35.7351
416 19077 19125 0.741848 0.284221 -117.849 33.6102
417 5302 5303 2.23699 1.8082 -121.972 39.1675
418 19887 19995 1.09268 3.06201 -117.323 33.1367
419 11248 11249 0.899415 0.127315 -120.124 36.5672
420 10423 10424 1.62198 1.037 -119.967 37.0035
421 16091 16092 0.832551 0.0813359 -117.995 34.5221
422 16829 16830 0.0244526 0.329934 -119.561 34.4169
423 1694 1695 0.579394 1.15532 -121.248 40.9582
424 19571 19572 1.26998 0.130218 -116.502 33.442
425 12748 12749 0.652167 0.00393659 -119.571 35.9643
426 14742 14875 1.73659 0.180176 -119.438 35.1217
427 7931 7932 2.80007 0.135014 -121.845 38.0083
428 5480 5481 0.953295 0.144971 -120.56 39.1862
429 19816 19817 2.20323 0.948742 -116.78 33.2443
430 8480 8481 0.583078 0.78565 -120.858 37.7809
431 9960 9961 1.03392 1.32126 -122.088 37.2554
432 6501 6502 0.610825 0.364934 -122.423 38.8666
433 4665 4666 0.508538 0.333413 -120.318 39.3429
434 12034 12035 0.925665 0.287526 -121.226 36.3763
435 13563 13564 0.333341 0.375895 -116.227 35.8841
436 8871 8872 0.347703 0.964383 -120.766 37.6591
437 12748 12749 0.204704 0.451399 -119.572 35.9604
438 9226 9227 0.86741 2.52091 -119.948 37.5195
439 6772 6773 0.481048 0.453026 -119.802 38.5812
440 12479 12480 0.424952 0.16444 -121.889 36.3211
441 7485 7673 1.62068 5.74603 -121.659 38.1502
442 10837 10838 1.28102 0.105365 -121.781 36.783
443 20961 20962 1.17493 1.71187 -116.447 32.628
444 3232 3233 1.04029 0.222197 -120.96 40.0654
445 7912 7913 0.183665 0.451854 -121.709 38.0851
446 11051 11052 0.228222 0.0681703 -118.977 36.7138
447 5343 5344 0.532046 0.909813 -123.5 39.1973
448 6688 6689 0.25623 0.0739632 -120.382 38.5429
449 19391 19392 0.435373 0.707338 -117.702 33.4685
450 15168 15169 0.0778713 0.372252 -115.653 35.0032
451 15071 15757 0.0253316 0.592512 -120.203 34.9998
452 17905 17906 1.81378 0.224176 -118.336 34.0362
453 3889 3890 0.372426 0.118254 -122.105 39.74
454 8328 8329 0.148128 0.627413 -122.225 37.8513
455 9529 9530 2.07334 1.41713 -118.37 37.5412
456 10890 10891 0.220253 4.67425 -119.747 36.7459
457 18158 18237 2.05361 0.48171 -117.387 33.9468
458 4718 4719 1.75351 1.51797 -122.536 39.5411
459 8569 8570 0.307761 0.502136 -119.581 37.8247
460 15636 15963 1.11741 0.96343 -116.118 34.719
461 14554 14555 1.14758 0.123273 -118.527 35.3143
462 15555 15556 4.48388 5.99248 -118.258 34.7772
463 1362 1363 0.493842 0.0579368 -123.207 41.1924
464 13571 13575 1.75214 2.45974 -119.768 35.6148
465 20387 20516 0.303471 0.930151 -117.249 32.8233
466 17030 17031 0.367552 0.0505959 -116.82 34.2798
467 16206 16207 0.77187 0.81634 -120.046 34.4737
468 20393 20510 0.472783 0.528876 -117.143 32.8091
469 13955 13971 0.212771 0.21534 -119.032 35.4538
470 1700 1701 0.207242 1.18364 -121.173 40.8975
471 11968 12221 0.547392 1.54189 -120.248 36.2577
472 6265 6266 0.244593 0.302595 -121.95 38.6916
473 18131 18132 0.0813958 0.0874751 -118.001 33.9668
474 9588 9931 1.1493 0.467156 -121.876 37.3424
475 13891 14034 0.379935 1.81622 -119.69 35.4954
476 16739 16740 0.148836 0.0866639 -117.481 34.3195
477 10847 10853 0.48316 0.160195 -121.755 36.7599
478 7013 7014 0.634821 0.390738 -122.105 38.5094
479 15194 15195 0.429302 0.0916955 -114.948 35.0253
480 4343 4344 0.742936 0.632871 -123.432 39.5663
481 18124 18126 0.554791 0.653904 -117.355 33.9809
482 13777 13778 0.298025 0.705426 -117.203 35.9599
483 6650 6651 0.103482 0.184768 -121.478 38.5578
484 14655 14656 0.232786 0.190461 -120.832 35.3151
485 3253 3254 0.834582 0.26067 -123.857 40.1374
486 6358 6359 0.0472833 0.618679 -119.755 38.6863
487 6928 6929 0.684642 0.292023 -122.497 38.5243
488 3852 3853 0.175245 0.257458 -121.538 39.9888
489 147 148 0.535847 0.780731 -122.872 41.9662
490 979 980 0.00781091 0.0735528 -120 41.3322
491 3184 3185 0.416965 0.617688 -120.758 40.2201
492 5123 5124 1.45826 0.162029 -123.781 39.26
493 19202 19203 0.307627 1.07187 -116.074 33.567
494 16329 16330 0.247671 0.430879 -118.719 34.6076
495 3709 3710 0.173056 0.167606 -122.673 39.8259
496 7406 7407 0.0255655 1.80054 -122.005 38.2449
497 6199 6200 1.03248 0.872467 -123.568 38.8
498 1059 1060 0.0412861 0.251523 -123.657 41.363
499 16238 16239 0.950384 0.318486 -114.888 34.473
500 16114 16115 0.234545 0.31603 -120.491 34.5141
501 15162 15163 1.37814 1.06105 -116.133 35.1996
502 18295 18296 2.38799 0.0562167 -117.846 33.9704
503 12517 12518 2.13175 0.439722 -119.955 36.0404
504 9731 9732 0.289885 0.43302 -121.255 37.4511
505 18012 18013 0.691562 0.758253 -118.485 34.0296
506 5255 5256 0.09823 2.24058 -121.625 39.1605
507 12453 12454 0.336327 0.0987661 -116.288 36.0828
508 18437 18469 0.663582 0.760413 -117.998 33.8654
509 20861 20892 0.365426 0.622211 -115.673 32.6743
510 16187 16188 0.239876 1.77589 -117.221 34.5201
511 12479 12480 0.541062 0.0483302 -121.888 36.32
512 6777 6778 0.291447 0.648704 -119.812 38.5504
513 14546 14547 0.59198 0.253706 -118.396 35.3206
514 1025 1026 0.460123 0.159989 -122.303 41.3033
515 71 72 3.52601 2.33115 -123.792 41.9032
516 7074 7075 0.341616 0.574245 -122.839 38.4083
517 12753 13212 4.72408 3.05859 -116.611 35.8727
518 5698 5699 0.274327 0.430884 -120.158 39.138
519 18771 18772 0.579162 0.20138 -117.818 33.7826
520 14662 14663 2.66027 0.882034 -119.013 35.2299
521 12353 12354 0.893934 0.578775 -118.95 36.0444
522 17263 17264 0.618905 0.278059 -118.219 34.1922
523 18196 18197 0.369899 0.737584 -118.162 33.9576
524 19929 19942 1.00952 0.244541 -117.083 33.1121
525 1822 1823 0.019513 0.255318 -122.312 40.7881
526 6408 6409 0.166637 0.270731 -123.269 38.6672
527 7013 7014 0.440991 0.584569 -122.103 38.5101
528 925 926 0.563501 0.236927 -122.818 41.4963
529 17832 17833 3.99663 1.28293 -115.544 34.084
530 4242 4243 0.823736 0.778863 -123.685 39.5662
531 9794 9795 0.501887 0.0749946 -122.186 37.3208
532 17798 17799 0.38168 0.00660077 -117.025 34.0524
533 20445 20446 0.738312 0.0820348 -116.498 32.8359
534 17790 17939 1.08864 2.07602 -117.808 34.0444
535 10728 10855 0.744599 2.18689 -119.79 36.8183
536 6209 6210 0.637757 0.530296 -123.463 38.725
537 14446 14447 0.164338 0.575924 -120.614 35.3296
538 5793 5794 0.332047 0.468066 -123.686 39.0567
539 1417 1418 0.694377 1.87739 -121.258 41.095
540 20468 20469 0.427568 0.872031 -117.111 32.8054
541 12891 12892 0.294977 0.0504293 -118.786 35.8867
542 5544 5545 0.311803 3.00525 -122.924 39.0678
543 16490 16491 5.66885 6.34142 -117.507 34.8705
544 2191 2192 0.42604 0.349989 -120.94 40.7097
545 15987 15988 1.14129 0.164533 -117.342 34.648
546 20684 20685 0.922421 0.617514 -116.716 32.7799
547 9605 9606 1.15883 0.183963 -119.634 37.4771
548 8352 8353 0.83225 0.12546 -122.258 37.8286
549 2727 2728 0.184501 0.43463 -121.725 40.5118
550 2126 2127 0.206406 2.16607 -123.249 40.5895
551 475 476 0.256063 0.253009 -124.1 41.6977
552 1388 1389 0.451401 0.0115744 -122.723 41.3132
553 2795 2796 0.105559 0.422237 -121.432 40.3282
554 8674 8675 0.715262 0.023645 -119.728 37.7203
555 2386 2554 0.120335 1.48413 -121.424 40.49
556 4215 4216 0.153706 0.426317 -121.283 39.9888
557 18532 18975 1.23712 0.814486 -115.763 33.8171
558 9472 9474 0.549048 0.28033 -122.152 37.4067
559 4674 4675 0.585692 0.266844 -120.568 39.3316
560 15098 15262 0.100373 0.111384 -117.882 34.9991
561 16425 16426 0.210204 0.0249235 -119.254 34.5726
562 21029 21030 0.209363 0.185662 -117.08 32.5738
563 9331 9332 0.80145 1.4248 -121.279 37.6271
564 173 174 0.610512 0.398599 -122.949 41.9302
565 10347 10348 1.04367 0.89985 -117.481 37.0933
566 15231 15232 1.90563 0.0173064 -120.519 34.9594
567 533 534 1.22252 0.585944 -121.405 41.6773
568 19467 19468 0.231244 0.736304 -115.787 33.503
569 13968 13969 0.581763 0.740425 -118.954 35.5949
570 16824 16825 1.96005 0.259712 -119.513 34.3969
571 10830 10831 0.738089 0.460107 -118.248 36.7772
572 12382 12383 0.964476 0.890285 -121.381 36.272
573 4224 4225 0.128885 1.79478 -123.759 39.5404
574 10364 10365 1.20282 0.0514241 -117.685 37.2107
575 335 336 1.47822 3.14122 -121.995 41.7851
576 17552 17753 0.903573 0.899966 -117.269 34.0926
577 16236 16237 1.36631 0.0539707 -114.931 34.4811
578 17519 17520 0.390292 0.335158 -117.325 34.109
579 623 624 0.370887 0.673866 -121.537 41.6937
580 14158 14159 1.11573 0.0124094 -120.62 35.4027
581 9836 9847 1.02281 1.14876 -120.488 37.3076
582 15667 15668 1.13984 0.00572789 -115.385 34.7996
583 18864 19233 1.1762 0.00235713 -116.398 33.6994
584 20393 20521 0.551302 1.34321 -117.148 32.8077
585 10263 10264 0.507041 0.809948 -119.45 37.0588
586 16444 16445 0.235253 0.200401 -119.377 34.6428
587 11659 11660 0.136824 0.775338 -121.05 36.4508
588 3588 3801 0.718719 0.948843 -123.72 39.854
589 10746 10747 0.334881 0.181911 -118.991 36.9947
590 10959 10960 0.290277 0.61684 -118.907 36.8249
591 9226 9227 0.501471 2.88685 -119.952 37.5186
592 3759 3760 5.6656 1.10334 -122.031 39.9297
593 11692 11693 1.58822 0.237321 -120.824 36.5929
594 19084 19132 0.0822792 1.14577 -114.602 33.6096
595 19697 19698 0.138438 0.582595 -115.785 33.3766
596 16978 17068 3.28038 0.804775 -119.134 34.2348
597 6109 6192 0.120186 0.266265 -121.279 38.7326
598 17271 17272 1.10025 1.40601 -117.338 34.1704
599 4380 4381 0.627501 0.977361 -121.423 39.5632
600 13326 13333 0.857537 0.0366622 -117.781 35.6535
601 20725 20726 0.0613403 1.1905 -116.179 32.8309
602 6688 6689 0.100048 0.230145 -120.383 38.5421
603 19705 19706 0.8877 1.28272 -115.903 33.4926
604 13109 13110 1.01887 1.96902 -119.869 35.7561
605 8602 8603 0.0154816 1.01662 -119.229 37.9476
606 11340 11341 0.327257 0.971381 -117.641 36.6093
607 13936 13937 0.13011 1.29967 -120.328 35.5025
608 8047 8048 1.9874 2.18781 -121.379 38.0856
609 774 775 0.676418 0.836822 -123.9 41.5476
610 5222 5223 0.284664 0.173732 -123.718 39.2778
611 19599 19600 0.615597 0.596208 -117.163 33.3889
612 9759 9760 2.13147 0.559779 -121.54 37.3498
613 7395 7396 0.0260655 0.0781965 -122.645 38.2217
614 17942 17943 0.368598 1.13588 -118.262 34.0352
615 2000 2001 0.214551 0.350057 -122.734 40.6438
616 12281 12282 2.26071 3.09642 -120.891 36.2369
617 13056 13057 0.237055 1.08727 -120.164 35.7731
618 335 336 2.77628 1.84316 -122.01 41.7855
619 3307 3308 1.89499 0.904108 -121.015 40.0381
620 1411 1412 0.184489 0.195901 -121.314 41.085
621 4952 4953 1.76475 0.724321 -123.196 39.2405
622 6161 6162 0.866042 0.215159 -121.468 38.7172
623 13938 13939 0.450595 0.60714 -120.332 35.5259
624 3339 3340 1.60583 0.0129503 -121.611 40.0547
625 17868 17869 0.161308 0.629419 -118.159 34.0359
626 2079 2080 0.820908 1.72849 -122.349 40.6197
627 14282 14283 0.275052 0.644854 -120.096 35.4516
628 17754 17762 2.08254 2.41538 -117.243 34.064
629 10012 10013 0.242905 0.349546 -119.761 37.2295
630 11960 11961 0.949515 0.81867 -120.385 36.4343
631 4497 4498 0.334489 0.70108 -123.392 39.4602
632 15947 17348 0.558253 0.82699 -115.746 34.5478
633 16281 16282 0.478105 0.11878 -117.102 34.7072
634 6401 6402 0.330408 0.0555826 -123.22 38.6588
635 100 101 0.228806 1.44131 -120.76 41.8342
636 11314 11315 1.02447 1.12777 -117.895 36.8108
637 1941 2159 0.557322 0.380931 -122.937 40.6545
638 13456 13457 0.300023 0.125541 -117.288 36.0307
639 19342 19343 0.940999 0.140609 -117.492 33.5904
640 6480 6485 0.020377 0.228123 -121.234 38.6276
641 6555 6556 0.0365231 0.308035 -122.404 38.6081
642 18946 18951 0.20053 0.0365031 -117.344 33.6758
643 4746 4747 2.16283 0.116232 -122.208 39.5065
644 16871 16872 0.0551834 0.475426 -118.395 34.2839
645 8172 8431 0.568622 0.49224 -121.226 37.9277
646 12309 12310 5.10106 1.32345 -117.976 36.1419
647 3921 3922 1.46551 0.0208085 -121.928 39.7529
648 18185 18228 0.520791 0.00793082 -117.45 33.9481
649 17906 17907 0.281493 2.25448 -118.33 34.0368
650 973 974 0.221344 1.84729 -124.007 41.3772
651 16768 16769 0.0116106 0.881513 -117.296 34.4231
652 20262 20263 1.01285 1.48802 -116.94 32.9021
653 8406 8407 2.46433 1.49125 -120.626 37.8382
654 6428 6429 1.10892 0.246728 -119.543 38.6698
655 18348 18349 0.240397 1.9855 -117.558 33.9334
656 21016 21017 0.930676 0.0367627 -116.866 32.6992
657 792 793 0.177285 0.139862 -123.898 41.6949
658 17969 17970 0.268169 1.36701 -118.69 34.041
659 3287 3288 0.0542185 0.242058 -123.645 40.087
660 6753 6754 0.758739 1.00168 -121.516 38.5222
661 11053 11054 0.713171 0.158676 -118.988 36.7227
662 11496 11497 0.00347563 0.430978 -118.831 36.6504
663 7527 7528 2.94543 0.231949 -120.246 38.329
664 5271 5272 0.761496 0.25248 -122.976 39.1658
665 14491 14492 0.494166 0.330819 -120.391 35.3055
666 17519 17522 0.361527 0.133038 -117.317 34.1085
667 4671 4812 0.836653 0.278884 -120.675 39.3065
668 8956 8957 0.189861 0.882801 -118.693 37.8036
669 2566 2567 0.08073 0.483815 -121.495 40.481
670 11117 11118 1.36983 0.336062 -117.306 36.9302
671 17873 17929 0.665697 1.33941 -117.729 34.0329
672 8178 8179 0.545322 0.948712 -121.167 37.9531
673 220 221 0.342425 0.328996 -123.531 42.008
674 19575 19576 0.760928 0.153649 -116.551 33.4715
675 17371 17372 0.0905021 0.198642 -116.031 34.162
676 19247 19248 0.0955994 0.108237 -116.407 33.6433
677 8475 8503 0.217214 0.0667259 -122.504 37.7838
678 18054 18055 1.52583 1.67297 -118.107 34.0127
679 14956 14957 0.203055 1.34698 -117.897 35.0161
680 16255 16256 0.362832 0.045303 -119.803 34.4959
681 4435 4436 0.590328 1.38401 -121.121 39.8977
682 1931 1932 0.36523 1.44284 -122.633 40.6915
683 15525 15526 0.388272 1.88232 -118.803 34.7761
684 14392 14395 0.0140899 0.48912 -120.738 35.3272
685 12991 13001 0.710219 0.125333 -119.257 35.7604
686 12923 12980 0.215411 0.616292 -117.878 35.8415
687 20582 20775 0.206521 0.891995 -114.614 32.7492
688 6515 6516 0.238732 0.0464913 -122.285 38.7538
689 13226 13235 0.655281 0.394849 -119.235 35.6873
690 8927 8928 0.103981 0.413336 -120.328 37.7124
691 11711 11712 0.0908796 0.414007 -120.67 36.4596
692 19771 19772 0.328867 0.564793 -116.642 33.2734
693 6610 6611 0.537263 0.425574 -122.637 38.6042
694 18931 18932 0.021081 0.505945 -117.367 33.6851
695 2754 2755 0.539187 0.983941 -121.867 40.3582
696 15387 15658 3.46142 0.499015 -116.838 34.8496
697 17196 17197 0.101309 0.224443 -117.469 34.2712
698 16417 16418 0.247567 0.0496323 -119.248 34.5518
699 712 713 0.275203 1.02908 -122.345 41.6109
700 20243 20244 0.889549 0.287103 -117.065 32.9414
701 20983 20984 0.874904 0.202564 -116.486 32.595
702 10265 10266 0.0507251 0.839188 -119.435 37.0456
703 8975 8976 0.0655564 0.349357 -118.725 37.6425
704 7851 7935 0.778662 0.152752 -122.782 38.0466
705 3284 3285 1.13784 0.293406 -123.668 40.1006
706 13965 13966 1.67321 0.01861 -118.956 35.5631
707 8835 8836 1.00454 0.112857 -119.059 37.8238
708 18573 18574 1.36997 0.331855 -116.026 34.0473
709 19511 19512 1.10562 0.279868 -115.125 33.4565
710 6791 6792 0.242997 2.16291 -119.935 38.5156
711 13138 13139 1.39564 0.761451 -118.45 35.8761
712 34 35 0.782771 0.35996 -122.594 41.967
713 19501 19502 0.215264 1.42797 -115.21 33.4316
714 6127 6128 0.0875439 0.660694 -120.626 38.7422
715 13006 13007 0.468995 0.0556079 -119.483 35.8597
716 20783 20785 0.0277431 0.0291075 -117.153 32.7291
717 252 253 0.19788 0.860303 -124.028 41.8469
718 7901 7902 0.378836 0.964554 -121.958 38.0208
719 20845 20846 2.63646 2.68973 -115.273 32.7003
720 15502 15503 1.76126 0.371016 -118.964 34.822
721 5152 5810 0.180722 0.659845 -122.142 39.1667
722 17281 17310 0.365252 0.152836 -118.141 34.1573
723 5364 5365 1.25545 1.1966 -121.72 39.1451
724 19052 19053 0.461504 3.23053 -114.829 33.9192
725 11467 11468 0.113849 0.161149 -118.736 36.5989
726 3238 3267 2.25035 0.295295 -124.04 40.0633
727 7288 7298 0.850882 0.861154 -122.051 38.2523
728 14206 14207 0.0995027 0.559455 -120.26 35.4057
729 1011 1012 0.376009 2.27194 -120.117 41.3947
730 17066 17088 0.112526 0.255206 -117.291 34.2311
731 9830 9831 0.458118 0.243441 -120.562 37.4419
732 17769 17882 0.715403 0.482927 -117.997 34.0558
733 15201 15202 0.573841 0.724442 -114.827 35.0286
734 14529 14530 0.229141 0.486925 -118.405 35.4283
735 11713 11714 0.584216 0.207405 -120.657 36.4466
736 961 1136 0.132411 0.0108909 -123.47 41.3914
737 7018 7019 0.0445294 1.04155 -122.158 38.4332
738 6992 6993 0.397229 0.598332 -123.076 38.4469
739 9063 9064 0.0107957 0.209525 -121.977 37.5783
740 1610 1662 0.589382 1.31185 -124.072 40.9081
741 11888 11889 0.204125 0.46295 -119.608 36.3207
742 20105 20106 0.283902 1.42635 -115.841 33.1094
743 13326 13368 1.60307 1.00779 -117.807 35.6493
744 16550 16551 0.784195 1.15209 -118.434 34.4243
745 12806 12903 0.192177 0.26868 -118.916 35.8935
746 12311 12312 0.0401466 3.3054 -117.979 36.1665
747 16194 16195 1.02699 0.0198908 -115.006 34.4852
748 17672 17673 0.817111 2.54549 -114.777 34.0789
749 7648 7649 0.858673 0.290822 -120.84 38.1662
750 14238 14239 0.416916 0.511628 -118.229 35.4428
751 17830 17831 2.06217 4.30255 -115.434 34.0989
752 19085 19086 2.64733 1.62946 -114.638 33.6103
753 10351 10352 0.381908 5.23438 -117.512 37.1512
754 1225 1226 0.300785 1.2107 -121.637 41.3446
755 4970 4971 1.28111 0.174697 -120.86 39.888
756 8331 8356 0.0556096 0.263986 -122.231 37.8463
757 1089 1090 0.0563622 0.772493 -121.86 41.4919
758 12008 12009 0.780595 0.686689 -121.777 36.5178
759 12444 12445 0.6498 0.721086 -116.371 36.2003
760 15152 15153 0.0201007 1.65496 -116.347 35.0854
761 6123 6124 0.108541 0.225431 -120.595 38.7611
762 18058 18059 0.493082 0.0953214 -117.349 33.9995
763 15673 15674 1.53466 1.22057 -115.639 34.969
764 14220 14221 0.577571 0.899592 -118.252 35.6158
765 18240 18241 0.254255 0.367395 -117.926 33.9618
766 2380 2381 1.23475 0.0277755 -121.458 40.5247
767 11487 11488 0.703082 1.08139 -118.806 36.6249
768 8815 8816 0.383133 0.190419 -122.398 37.6883
769 6736 6796 0.686488 1.08738 -121.432 38.4952
770 14415 14416 0.384481 1.21752 -119.621 35.3079
771 20691 20692 0.828229 0.619724 -116.801 32.8053
772 1602 1603 0.380957 0.206939 -120.769 40.9812
773 4619 4620 1.16121 1.44826 -120.094 39.3755
774 19924 19925 0.402441 0.510123 -116.121 33.1411
775 4710 4711 1.04144 0.575701 -122.537 39.4191
776 13689 13690 0.0522467 0.089728 -121.11 35.5775
777 14424 14425 0.289086 0.649505 -119.671 35.3678
778 12081 12082 0.542895 0.409552 -119.81 36.2628
779 5821 5822 1.41371 3.13198 -122.053 38.9961
780 1735 1736 4.67745 0.607804 -122.339 41.123
781 15265 15266 1.11153 0.290148 -117.913 34.953
782 3031 3032 1.15999 0.350413 -123.484 40.2121
783 4810 4811 0.965257 0.214764 -120.7 39.3074
784 2616 2617 0.11685 0.535942 -120.396 40.3768
785 19078 19079 0.328362 0.152402 -117.909 33.6174
786 14376 14377 0.925221 0.675507 -116.155 35.3732
787 8080 8082 0.0238234 0.125073 -121.243 37.9707
788 2154 2155 0.519709 0.0194082 -122.931 40.6222
789 17532 17540 0.0151433 0.123786 -118.247 34.1038
790 20781 20782 0.890191 2.37058 -114.709 32.7463
791 8983 8984 0.478305 1.04983 -118.604 37.6485
792 1209 1210 2.03593 0.0959342 -120.92 41.4108
793 74 75 0.027348 0.0905314 -123.746 41.9544
794 20213 20214 3.39804 2.63755 -115.593 33.003
795 12660 12661 0.0499366 0.948796 -121.266 35.971
796 13513 13514 1.95043 1.87394 -119.662 35.632
797 19654 19655 0.563616 0.744077 -116.17 33.2865
798 18264 18265 0.251276 0.686321 -117.07 33.9446
799 17259 17346 0.779369 1.79281 -117.469 34.156