0 5501 5502 0.244148 0.412164 -122.343 39.0255
1 15090 15091 0.0251174 0.533047 -119.416 35.0491
2 11255 11256 0.298799 1.09096 -117.466 36.9873
3 19457 19458 2.28796 0.294388 -116.911 33.4628
4 17109 17110 2.88864 0.401383 -118.231 34.2215
5 12291 12321 0.706251 0.749937 -119.023 36.0784
6 17098 17099 0.0136736 0.0861339 -117.186 34.236
7 379 380 1.41368 0.830255 -120.469 41.8098
8 4170 4726 0.122398 0.0547337 -122.528 39.6114
9 8265 8269 0.112844 0.0784169 -122.183 37.8721
10 11901 11902 0.500548 0.0721613 -119.315 36.3037
11 6238 6239 1.35799 0.202918 -121.807 38.7171
12 8526 8527 0.0954525 0.74926 -122.159 37.7693
13 12134 12135 0.214354 1.29518 -117.295 36.1827
14 17847 17848 0.762651 0.721106 -118.582 34.0523
15 242 243 0.592162 0.278665 -124.123 41.8122
16 18909 18920 0.633445 0.783658 -116.191 33.6925
17 12241 12243 0.855851 0.366793 -119.058 36.1198
18 920 921 0.318012 0.834206 -122.826 41.5443
19 10836 10837 1.1556 0.288901 -121.769 36.773
20 19975 19976 0.398773 2.06279 -114.732 33.4136
21 18228 18229 0.105443 0.170586 -117.449 33.9472
22 5547 5548 0.364795 1.98872 -122.912 39.1223
23 13773 13774 0.334397 0.272494 -117.205 35.9048
24 6676 7080 2.0461 0.764476 -121.944 38.5173
25 19916 19917 0.303604 0.270316 -115.515 33.1312
26 5152 5153 0.721021 0.00875735 -122.147 39.1738
27 1616 1617 0.302504 0.722934 -123.897 40.9309
28 6643 6749 0.154036 0.00298336 -121.511 38.5664
29 16814 16815 0.473104 0.25363 -119.385 34.3248
30 6930 6931 0.856308 0.511596 -122.523 38.5548
31 5724 5725 0.160588 0.855789 -120.021 38.9263
32 13094 13095 2.27466 1.44819 -120.341 35.7906
33 11461 11462 0.418942 0.218717 -118.759 36.5715
34 9987 9988 0.0100879 2.0075 -118.872 37.3102
35 13621 13631 0.397395 0.201091 -119.209 35.6038
36 15382 15383 0.193947 0.535176 -114.637 34.8618
37 18743 18758 0.206124 0.387894 -118.106 33.7501
38 19337 19338 1.82421 1.13717 -117.548 33.5462
39 4663 4664 1.28004 0.46865 -120.292 39.3303
40 14492 14493 1.70904 0.701452 -120.368 35.3065
41 11895 11896 0.4442 4.38406 -117.789 36.3622
42 17147 17148 0.334931 0.101746 -117.367 34.2081
43 18474 18475 0.214362 0.17468 -117.886 33.8553
44 2361 2362 3.23396 0.262213 -121.8 40.5253
45 7875 7920 1.37371 0.77944 -121.882 38.0084
46 17367 17368 0.666983 5.87207 -115.77 34.1656
47 8012 8013 0.254865 0.30405 -121.755 37.9931
48 19180 19181 0.00896654 0.194818 -116.756 33.7049
49 16641 16642 0.504929 0.477423 -119.563 34.4242
50 9413 9414 0.0797694 1.07631 -121.833 37.4555
51 8620 8621 0.489875 0.232655 -119.877 37.8186
52 19977 19978 0.189553 0.289117 -114.72 33.3341
53 20530 20856 3.48565 1.13723 -115.689 32.7444
54 20566 20567 0.14877 0.0693679 -116.491 32.7626
55 4802 4803 0.238703 0.469614 -120.766 39.3088
56 2974 2975 0.379964 0.509881 -122.071 40.3189
57 17890 18173 7.91714 0.559455 -117.65 33.9611
58 19495 19496 0.977219 3.23493 -115.279 33.4596
59 9941 9956 1.13871 0.0739735 -122.111 37.2577
60 5306 5307 0.334316 0.450463 -123.241 39.1763
61 19547 19549 0.0175631 0.0419728 -117.252 33.3666
62 2797 2798 0.447418 0.244109 -121.41 40.3166
63 6338 6339 0.114281 1.2462 -123.334 38.7022
64 3212 3213 1.48297 0.0302647 -122.424 40.105
65 14977 14978 0.607692 0.425798 -115.902 35.2467
66 1345 1346 0.79664 0.126466 -120.155 41.2075
67 10985 10986 1.19133 0.18117 -119.447 36.7248
68 6966 6967 0.135473 0.350092 -121.091 38.4961
69 15734 15735 1.59468 1.51993 -120.156 34.7796
70 3946 3947 1.8937 0.0210624 -123.504 39.7364
71 10991 10992 1.32599 1.64043 -119.34 36.7184
72 11316 11317 1.81454 0.604847 -117.88 36.7768
73 17382 17383 0.265277 0.521894 -116.309 34.1818
74 10380 10381 0.199088 0.421124 -117.966 37.2333
75 20010 20011 0.753608 0.117615 -116.613 33.0762
76 18635 18668 0.121995 0.0362347 -117.987 33.7982
77 20162 20163 0.61518 0.147125 -115.378 32.9994
78 16040 16041 0.334582 0.378813 -119.73 34.6111
79 8311 8312 0.0593846 0.193316 -122.553 37.8817
80 19537 19538 0.359549 1.12619 -115.314 33.3791
81 17568 17569 0.542631 0.298658 -116.761 34.226
82 8055 8105 1.93622 1.31793 -122.517 37.9651
83 5371 5372 0.694555 0.500892 -121.547 39.1305
84 1886 1887 2.76775 0.927511 -122.31 40.7531
85 15796 15797 0.203117 0.502151 -120.434 34.7387
86 17030 17031 0.0991011 0.319047 -116.822 34.2779
87 11580 11581 1.12242 0.72976 -118.63 36.4614
88 5540 5541 0.429064 0.331688 -122.919 39.0301
89 9202 9203 2.8294 6.01247 -120.993 37.543
90 6169 6170 0.0879298 0.609926 -122.974 38.7566
91 16794 16795 1.04712 0.220581 -118.783 34.2896
92 11524 11525 0.0567169 0.699509 -118.925 36.7155
93 20209 20210 0.143038 0.265641 -116.978 32.9858
94 20215 20220 0.880479 3.06786 -115.497 32.9744
95 20949 20950 0.383819 0.18734 -116.306 32.6671
96 13378 13379 11.1605 0.452922 -116.311 35.7436
97 20262 20263 1.36298 1.1379 -116.938 32.8993
98 11859 11860 0.869469 0.246666 -118.976 36.3857
99 14270 14271 1.66954 0.100916 -118.876 35.4005