0 14144 14145 0.0997992 1.48431 -119.258 35.4556
1 10219 10220 0.282318 0.578407 -119.907 37.1618
2 3009 3010 0.840496 0.408384 -122.398 40.2327
3 17348 17349 4.55413 5.7727 -115.744 34.4995
4 19440 19441 0.12819 0.00646335 -116.831 33.4866
5 3536 3537 0.449811 0.194617 -123.769 39.9415
6 6556 6557 0.331399 1.00489 -122.409 38.6096
7 18060 18061 0.0629595 0.0444799 -117.406 33.9988
8 1421 1422 0.290698 0.10643 -121.205 41.0702
9 2663 2664 0.431079 0.766362 -123.087 40.4018
10 19265 19266 0.00517063 0.856601 -116.515 33.5699
11 6202 6203 1.30193 0.0670813 -123.535 38.7746
12 763 764 0.617123 0.798297 -123.979 41.5313
13 7191 7192 0.232809 0.942994 -123.037 38.3261
14 5519 5520 0.129018 0.736877 -120.729 39.0189
15 13258 13259 0.799149 0.700192 -120.342 35.6817
16 17622 17771 0.387679 1.36653 -117.635 34.0902
17 10331 10332 1.68495 0.276574 -118.966 37.2524
18 285 286 1.28084 0.586273 -123.304 41.8543
19 1770 1771 1.0446 0.97982 -120.195 41.0444
20 1981 1982 1.05667 1.01524 -121.394 40.6913
21 12220 12221 0.0976114 0.908691 -120.273 36.252
22 3595 3722 0.0363848 0.0912811 -122.586 39.847
23 16147 16148 0.541274 0.166274 -120.256 34.5202
24 4476 4477 0.976375 0.320272 -123.799 39.4759
25 19666 19684 0.140265 0.472248 -115.519 33.2337
26 18432 18435 0.100047 0.151327 -118.335 33.8731
27 14712 14891 4.53188 3.40487 -115.535 35.1345
28 7865 7866 0.0572288 0.444778 -122.021 38.0455
29 10088 10089 3.46997 1.99455 -121.736 37.2253
30 2960 2961 0.729161 0.675774 -123.861 40.2796
31 18237 18301 0.521382 0.847075 -117.395 33.941
32 18966 18967 0.0023089 0.125963 -117.984 33.6702
33 17868 17869 0.345548 0.44518 -118.161 34.036
34 2685 2686 0.111092 0.304982 -123.993 40.4536
35 7440 7845 0.160762 5.58074 -119.191 38.1777
36 4401 4402 0.0686909 0.898787 -121.292 39.7364
37 7300 7301 0.0505425 0.0758137 -122.032 38.2463
38 18044 18057 0.378013 0.379528 -117.931 34.0033
39 14678 14679 0.665408 1.04515 -119.455 35.242
40 7564 7565 0.280539 0.457722 -120.535 38.4097
41 8768 8769 0.066877 0.0498368 -122.494 37.6981
42 16016 16017 0.160112 1.20837 -119.62 34.736
43 2072 2073 2.06028 0.366434 -122.34 40.691
44 9061 9110 1.10816 1.29045 -122.345 37.571
45 2492 2493 2.7226 0.902699 -122.302 40.4561
46 16077 16248 1.20929 4.83716 -114.658 34.5287
47 6978 6979 0.769627 0.0561531 -120.91 38.4523
48 19086 19133 1.32653 0.0801826 -114.656 33.5983
49 4989 4990 0.254067 1.32399 -120.885 39.7824