0 19114 19115 0.593994 0.0273386 -114.481 34.0906
1 3709 3710 0.0500774 0.290585 -122.674 39.8253
2 12803 12804 0.67745 0.818025 -118.93 35.9213
3 15920 15921 2.7014 0.514553 -115.675 34.6467
4 17383 17384 0.272193 0.00583869 -116.3 34.1829
5 13941 13942 1.62163 0.311184 -120.336 35.587
6 2883 2930 0.200637 0.430297 -124.115 40.2411
7 15261 15343 0.117321 0.0374559 -120.456 34.9242
8 5889 5890 2.71943 0.0526698 -123.039 38.8641
9 6238 6239 0.0796064 1.4813 -121.799 38.7078
10 3439 3440 0.449406 0.946264 -120.637 40.0537
11 2277 2278 0.709751 0.594938 -120.509 40.617
12 16670 16671 2.62849 2.74675 -119.173 34.4364
13 18941 18942 2.23207 0.147536 -117.933 33.6943
14 3190 3191 0.263602 1.10933 -120.89 40.1555
15 20317 20318 0.551824 0.0626794 -117.239 32.8631
16 10381 10382 0.408159 0.00122818 -117.975 37.2322
17 15914 15915 0.545513 0.354673 -118.104 34.5866
18 19696 19697 0.122815 0.197015 -115.783 33.3741
19 1290 1291 1.17897 0.244907 -123.847 41.303
20 18153 18154 0.126174 3.02817 -118.353 33.9657
21 373 374 2.36722 0.840396 -120.503 41.8928
22 12682 12683 0.462994 1.89922 -116.705 35.9423
23 9414 9415 0.206182 0.920496 -121.83 37.4462
24 15962 15963 6.58223 0.281409 -116.107 34.7127
25 15518 15519 0.0949298 1.12212 -115.353 34.8212
26 2321 2322 0.880963 0.0828915 -122.224 40.5718
27 11868 11869 2.79255 0.877028 -118.899 36.4382
28 17556 17792 0.0683506 2.00288 -117.026 34.0997
29 6492 6493 0.538735 0.123101 -122.523 38.8811
30 20815 20816 0.785012 0.885226 -115.076 32.7088
31 2274 2275 2.42896 0.930598 -120.482 40.6371
32 20310 20311 0.453056 0.236527 -116.591 32.9885
33 3963 3964 3.09847 11.4483 -122.203 39.8139
34 13417 13418 0.286745 1.50541 -120.609 35.6578
35 5178 5179 0.965519 1.23384 -120.19 39.1913
36 10504 10505 0.410095 0.580473 -119.631 36.9818
37 5077 5078 0.130534 0.225144 -121.31 39.2111
38 16386 16387 0.110188 0.26588 -119.29 34.4778
39 19753 19754 0.484481 0.131124 -116.375 33.2185
40 20714 20787 0.142577 0.060814 -115.99 32.7343
41 1207 1208 0.612657 0.458422 -120.943 41.3774
42 2531 2547 0.270311 0.334411 -120.608 40.4065
43 13569 13570 0.84525 2.35645 -119.78 35.6683
44 12067 12071 0.189855 0.244596 -119.319 36.2109
45 13441 13442 0.220951 0.134848 -118.301 35.6609
46 11048 11049 0.14474 0.0611492 -118.965 36.7155
47 15394 15432 0.576293 0.644667 -114.618 34.8517
48 11050 11051 0.603391 0.301243 -118.971 36.7136
49 12997 12998 1.10022 1.136 -119.373 35.855
50 13726 13727 0.329984 0.649197 -116.721 35.5902
51 7812 7813 0.493125 0.640496 -122.12 38.083
52 6932 6933 0.891847 1.40673 -122.583 38.5755
53 2010 2011 0.0955731 0.773274 -122.666 40.6791
54 3375 3376 0.415343 0.903206 -123.455 40.1844
55 18005 18052 1.6674 0.100787 -118.078 34.0028
56 17597 17598 0.0851958 0.545884 -116.978 34.1129
57 15130 15131 4.24965 1.17774 -116.76 35.1694
58 2495 2496 0.802633 0.355567 -120.566 40.5181
59 4890 4891 0.340855 0.367784 -120.462 39.6235
60 12741 12742 0.721097 0.701185 -116.88 36.3317
61 15255 15256 0.402738 0.540443 -117.333 34.9261
62 8065 8066 0.577044 0.0488172 -120.943 38.0997
63 18586 18587 1.15319 1.40377 -117.926 33.8309
64 19192 19193 0.67591 0.189532 -116.846 33.738
65 9876 9877 0.16573 0.749904 -120.043 37.4784
66 12487 12488 0.868241 0.281747 -121.803 36.2724
67 19091 19140 0.898678 0.700393 -114.562 33.608
68 5382 5383 0.0652247 0.840674 -120.862 39.1686
69 16273 16274 0.614604 1.2941 -117.034 34.8254
70 16352 16353 1.24251 5.93964 -116.757 34.7001
71 6485 6531 0.011131 0.0483931 -121.236 38.6263
72 1141 1142 1.87647 0.576432 -123.402 41.3516
73 10287 10288 0.0932304 0.493124 -119.25 37.1926
74 2670 2671 0.114085 0.96219 -122.96 40.3751
75 11091 11092 0.331605 0.649476 -121.637 36.6742
76 12628 12629 2.32775 0.329499 -116.177 36.1193
77 18009 18076 0.544559 0.0968533 -118.478 34.0107
78 880 881 1.11708 0.25357 -122.366 41.4535
79 7449 7450 0.204998 0.352062 -118.965 38.2592
80 16231 16232 0.254455 0.409918 -114.418 34.5524
81 14456 14457 0.247001 0.343911 -119.927 35.3519
82 19895 19896 0.139861 1.52515 -116.336 33.1651
83 16194 16195 0.624988 0.421893 -115.01 34.4861
84 2911 2912 0.33664 0.404858 -124.345 40.3576
85 6035 6036 2.33287 0.929885 -122.588 38.7716
86 15257 15258 0.816676 1.21992 -117.408 34.9478
87 12204 12205 2.17257 0.161018 -120.201 36.188
88 14760 14761 0.723517 2.27863 -118.598 35.2531
89 3466 3467 0.795286 0.64545 -120.939 39.982
90 10715 10716 0.0841547 0.820734 -119.68 36.9465
91 10831 10832 1.31099 1.81041 -118.23 36.7826
92 12867 12868 0.890625 0.774094 -121.024 36.1137
93 4094 4095 0.730971 0.27311 -122.884 39.7455
94 14178 14179 1.41183 3.21711 -120.867 35.4207
95 8756 8757 0.00600888 1.49621 -121.811 37.7052
96 20116 20126 0.322091 0.200784 -117.074 33.0293
97 20773 20805 0.0709248 0.47465 -117.173 32.7335
98 13188 13189 0.880316 0.60922 -118.882 35.7426
99 8678 8679 1.66422 0.136884 -121.968 37.7574
100 9208 9209 0.701993 0.239016 -120.735 37.5751
101 21043 21044 0.106189 0.285652 -117.043 32.5493
102 20496 20498 1.65531 0.105658 -115.538 32.7908
103 12596 12597 0.42251 0.399494 -118.394 36.1314
104 11147 11352 1.58637 0.389184 -119.666 36.6086
105 7272 7273 0.109306 0.565424 -119.227 38.2541
106 16226 16227 0.17458 0.240099 -114.413 34.4787
107 13565 13566 0.2545 0.452444 -116.244 35.8907
108 17112 17113 0.208434 0.0940829 -118.207 34.2088
109 16048 16049 1.14783 0.162478 -119.755 34.5612
110 19328 19329 0.702987 2.34025 -116.047 33.5489
111 1563 1564 1.4757 1.38419 -121.428 41.0228
112 9116 9117 0.0487668 0.0297627 -122.366 37.5462
113 18843 18844 4.29865 0.648013 -116.17 33.7616
114 9320 9321 0.0396105 0.803166 -119.995 37.4861
115 10559 10560 5.52505 4.16802 -122.242 37.0605
116 14936 14937 0.0421789 0.627327 -120.087 35.1025
117 3424 3467 1.02594 0.749043 -120.947 39.9927
118 15953 15954 0.0100929 0.9992 -115.898 34.5862
119 12219 12220 2.01874 1.63179 -120.292 36.2511
120 7715 7716 0.49894 0.0654718 -120.01 38.1915
121 17100 17101 0.120449 0.500423 -117.173 34.2364
122 20943 20944 1.58733 0.0111897 -116.093 32.6565
123 13814 13815 0.346541 0.697258 -120.853 35.5382
124 5111 5112 0.090328 0.936126 -121.154 39.2177
125 3598 3599 0.107382 0.851389 -123.622 39.9739
126 13873 13874 0.113192 0.0926117 -117.397 35.5477
127 13046 13047 0.0885861 0.505952 -118.643 35.8638
128 20265 20266 1.63847 0.905737 -117.188 32.876
129 1121 1122 0.730774 0.243591 -123.11 41.3108
130 12733 12734 0.726734 1.20094 -116.856 36.1489
131 15463 15464 0.246422 0.167733 -119.411 34.9283
132 10392 10393 1.55824 1.33274 -119.703 37.2437
133 19191 19192 0.243015 0.116475 -116.838 33.735
134 13146 13147 0.739796 0.279207 -118.429 35.7743
135 6294 6295 0.282109 1.37735 -122.237 38.8819
136 9804 9805 3.07941 0.626259 -122.292 37.3947
137 8246 8247 0.0476303 0.924416 -121.734 37.9982
138 17072 17190 0.68097 2.1564 -117.412 34.2208
139 6941 6942 1.47714 0.304693 -122.877 38.6363
140 1120 1121 0.52112 0.906607 -123.091 41.3103
141 9901 9902 0.354431 0.311792 -122.315 37.3148
142 12886 12887 0.69097 0.807881 -118.749 35.89
143 1913 1993 2.64037 0.112883 -122.824 40.6837
144 13815 13828 0.469478 1.64529 -120.866 35.5375
145 411 412 0.528813 0.615804 -122.522 41.7277
146 15291 15292 0.640222 0.0504166 -114.92 34.9156
147 15913 15914 0.942491 0.114113 -118.099 34.5829
148 9800 9801 1.30467 0.0643438 -122.325 37.442
149 531 532 0.900227 0.147767 -121.386 41.6773
150 2055 2056 0.458893 1.67549 -121.901 40.876
151 9467 9468 0.753116 0.832392 -122.208 37.4201
152 563 564 2.64547 0.3953 -122.909 41.6477
153 18428 18429 1.03227 0.646217 -117.871 33.8827
154 14706 14707 0.109448 0.352358 -115.514 35.225
155 16746 16972 0.847836 1.33169 -117.464 34.3103
156 6998 6999 0.101918 0.720004 -123.154 38.4754
157 730 731 0.618393 1.59807 -120.173 41.6162
158 19227 19228 0.615275 0.427564 -117.284 33.6192
159 19350 19351 0.757562 0.0730981 -117.426 33.6148
160 10775 10776 0.35203 0.634049 -118.65 36.9592
161 3548 3578 0.583932 0.0834189 -123.715 39.8775
162 11793 11794 1.3947 0.022678 -117.581 36.3609
163 10369 10370 0.375874 0.770083 -117.735 37.2219
164 5971 5972 0.10116 0.0778842 -119.919 38.7779
165 17919 17920 1.04612 1.94279 -119.074 34.1128
166 2630 2631 1.04853 0.667558 -122.816 40.3958
167 18074 18122 0.300087 1.02773 -118.398 33.9928
168 10352 10353 2.52143 0.216279 -117.571 37.2021
169 20073 20074 0.0871089 0.4223 -116.913 33.0816
170 15372 15373 0.141732 0.278839 -120.433 34.8623
171 216 217 1.0891 0.374744 -124.139 41.8646
172 9484 9485 0.397178 0.537359 -121.984 37.4066
173 20774 20775 0.76163 0.172885 -114.614 32.7396
174 9527 9547 0.106545 0.0437299 -121.944 37.3808
175 2312 2313 0.809045 0.317759 -124.147 40.5373
176 15932 15933 0.894352 0.988495 -114.637 34.5861
177 2835 2836 0.750237 0.262228 -121.288 40.2723
178 1931 1932 1.1879 0.620167 -122.634 40.6989
179 18493 18498 0.0867657 0.344905 -117.866 33.8505
180 2224 2225 0.990957 0.747564 -121.907 40.5616
181 5382 5383 0.796285 0.109614 -120.855 39.1718
182 20583 20584 0.962486 0.478361 -114.613 32.7938
183 15268 15270 0.821682 0.273894 -120.438 34.9202
184 17657 17658 0.269235 0.37333 -117.05 34.0788
185 13253 13510 1.06853 3.90139 -119.69 35.6573
186 10601 10602 0.0801217 0.375115 -121.714 36.9971
187 15763 15764 0.931216 0.0170692 -118.144 34.7091
188 18458 18462 0.301103 0.465063 -118.311 33.8636
189 9131 9139 0.267098 0.549715 -121.916 37.5389
190 9878 9879 0.525281 0.0819802 -120.023 37.4828
191 19084 19087 0.389865 1.36629 -114.597 33.6102
192 11382 11427 0.0518277 2.10766 -119.288 36.49
193 20650 20651 2.17606 0.223124 -114.761 32.7779
194 17997 18261 0.0819945 0.0654776 -117.093 34.0185
195 6346 6347 0.0411156 0.346768 -123.41 38.7103
196 16741 16746 0.429634 0.286423 -117.474 34.3158
197 12751 12752 11.6189 15.4018 -119.713 35.9356
198 3676 3677 0.297273 0.3144 -120.44 39.8207
199 2166 2167 2.40236 1.91843 -121.496 40.6231