0 17291 17292 1.52917 0.0424333 -114.431 34.1857
1 13584 13585 1.02478 11.3219 -119.325 35.6141
2 12373 12374 0.0693835 1.10661 -121.294 36.2921
3 7773 7774 0.473165 0.0651342 -122.769 38.0741
4 14679 14680 0.297958 0.190498 -119.463 35.2513
5 2106 2354 1.80029 0.831711 -122.413 40.5799
6 9201 9327 3.21199 1.9854 -121.03 37.4936
7 18640 18641 1.74667 0.158095 -117.067 33.8883
8 8477 8478 0.652084 0.735328 -120.904 37.7963
9 12598 12599 0.111477 0.345395 -118.413 36.1388
10 10434 10435 1.41517 2.19496 -121.975 37.0959
11 15996 15997 0.0524947 0.0342734 -117.304 34.5484
12 20024 20026 0.00115869 0.0953986 -117.281 33.0599
13 4771 4772 0.382306 0.155396 -122.435 39.3542
14 15536 15537 0.948052 0.0520028 -114.6 34.7745
15 13433 13434 0.56677 0.886486 -118.432 35.6499
16 20942 20943 1.14791 0.0355024 -116.106 32.6469
17 20963 20967 2.13902 0.524767 -116.484 32.6414
18 3653 3654 0.140057 0.71395 -123.262 39.8469
19 13043 13044 0.273074 0.148337 -118.633 35.8506
20 100 101 0.611264 1.05886 -120.757 41.837
21 6799 6832 0.134608 0.435766 -120.846 38.4826
22 11937 11938 0.877011 0.596957 -117.973 36.311
23 18910 18911 1.36335 0.144781 -116.176 33.7109
24 13347 13348 0.0165386 0.314233 -120.836 35.6768
25 17664 17665 0.0314014 0.865781 -117.744 34.0774
26 14796 14797 3.27383 0.656337 -115.218 35.1274
27 465 466 1.07997 0.636995 -121.299 41.8097
28 11305 11306 1.77396 0.194919 -117.907 36.9255
29 3886 3918 0.909083 1.05015 -121.839 39.7451
30 14646 14649 3.74794 0.630495 -120.706 35.2713
31 5070 5071 0.484434 0.347927 -121.052 39.2131
32 4977 4978 0.158508 0.356129 -120.853 39.8581
33 10375 10376 0.279802 0.486778 -117.904 37.2834
34 15698 15699 0.145144 0.610815 -116.027 34.718
35 5504 6312 0.291197 0.873592 -122.361 39.0121
36 3137 3278 1.43943 6.69293 -122.202 40.141
37 3460 3472 0.489012 0.0829318 -120.944 39.9309
38 1634 1635 0.274941 0.236101 -123.795 40.9244
39 876 877 0.319193 0.545829 -122.502 41.4985
40 4340 4341 0.166167 0.180015 -123.425 39.5443
41 18359 18360 0.15863 0.00712757 -118.285 33.9189
42 14665 14666 0.915271 3.54947 -119.064 35.2097
43 11126 11127 1.8075 3.15815 -117.208 36.8144
44 6280 6281 1.34488 0.0934941 -122.149 38.7375
45 4189 4190 0.102135 1.27807 -121.483 39.7572
46 7812 7813 0.336686 0.796936 -122.121 38.0821
47 16804 16805 0.316449 1.26579 -119.29 34.3079
48 7116 7117 1.06177 0.124565 -120.849 38.4282
49 8244 8245 0.612782 0.47564 -121.707 37.9947
50 7132 7133 0.0954714 1.57947 -119.451 38.4224
51 17094 17095 0.746152 0.219116 -117.232 34.2297
52 12214 12215 0.526269 0.105506 -120.343 36.1927
53 20038 20039 0.473946 0.266594 -116.713 33.0817
54 3783 4014 0.0251463 0.498736 -123.832 39.7815
55 11849 11873 3.14855 0.0973778 -119.11 36.3256
56 8996 8997 0.212466 0.336541 -118.515 37.6835
57 1465 1466 0.458896 1.03588 -123.894 41.1742
58 3221 3367 0.379476 0.198113 -123.774 40.0662
59 7077 7078 1.54386 3.46867 -121.929 38.393
60 3713 3714 1.08412 0.0289397 -122.633 39.8144
61 14139 14691 2.63085 0.48627 -119.446 35.3783
62 521 522 0.405147 0.00953776 -122.536 41.6533
63 19387 19388 0.0855932 0.00365936 -117.664 33.4665
64 2707 2708 1.33101 0.775018 -121.883 40.4337
65 2549 2550 2.54959 0.845337 -120.28 40.4207
66 4887 4888 0.976946 0.365013 -120.482 39.6127
67 10229 10230 2.26228 2.43125 -120.514 37.0766
68 8682 9072 1.2198 0.32035 -120.193 37.7049
69 16138 16139 0.0789365 2.05448 -120.215 34.5189
70 13400 13401 0.152987 1.4242 -118.942 35.6408
71 1702 1703 0.312684 0.0217374 -121.153 40.8725
72 16249 16250 0.231652 1.131 -119.77 34.4592
73 7819 7820 0.15619 1.30353 -122.124 38.1764
74 17049 17050 1.48049 0.192381 -116.864 34.2616
75 4677 4678 0.329758 0.419692 -120.526 39.3104
76 4887 4888 0.925951 0.416007 -120.483 39.6127
77 9005 9008 0.00173011 0.131355 -122.114 37.6325
78 10292 10293 0.116566 0.045331 -119.239 37.2066
79 19946 20768 0.0674428 1.501 -116.473 33.0936
80 8998 8999 0.187925 0.332643 -118.501 37.703
81 17833 17834 0.745028 0.864103 -115.558 34.0745
82 3641 3642 1.63868 0.807113 -120.459 39.8803
83 10220 10221 0.323174 1.08807 -119.909 37.1539
84 12041 12042 0.741162 1.33492 -121.291 36.4263
85 10546 10547 0.646126 0.114918 -122.411 37.2373
86 9596 9597 0.550655 0.785886 -119.63 37.3826
87 7852 7853 0.110218 0.320322 -122.807 38.0624
88 10053 10054 2.37281 3.05696 -118.075 37.321
89 20419 20420 1.62336 1.30689 -116.509 32.9603
90 1816 1817 0.00234122 1.16827 -124.099 40.8048
91 19431 19432 0.306861 1.68574 -114.827 33.4934
92 6900 6901 0.13542 0.906274 -123.002 38.4794
93 11171 11172 0.236172 0.661821 -120.86 36.6825
94 12056 12057 5.52349 4.08258 -119.637 36.2604
95 2944 2945 0.095698 0.311527 -123.442 40.2522
96 16751 16752 0.175361 0.372643 -117.311 34.3093
97 15302 15303 2.13665 9.93481 -117.21 34.9241
98 17496 17517 0.847157 0.0618098 -117.259 34.1106
99 16708 16709 1.40286 0.0753907 -118.447 34.3322
100 19743 19744 1.27968 0.056103 -116.35 33.2291
101 7164 7165 0.0770952 0.039539 -122.303 38.332
102 1016 1017 2.70192 1.55307 -120.156 41.4968
103 11553 11554 0.943953 1.74537 -120.508 36.5516
104 14981 14982 1.25956 0.336839 -116.026 35.2534
105 362 363 0.361873 0.0689281 -120.346 41.8232
106 19207 19208 0.836147 0.123838 -115.984 33.5823
107 1429 1430 3.26232 2.77901 -120.997 41.1713
108 18927 18928 0.311834 0.627425 -117.376 33.6904
109 15188 15189 0.321347 0.149147 -114.952 35.0532
110 16743 17138 2.16887 0.626066 -117.439 34.3109
111 5882 5883 0.469915 0.0677451 -123.07 38.9418
112 18323 18324 0.93963 0.418217 -117.338 33.9278
113 17253 17254 0.0728374 3.97369 -118.448 34.1655
114 4811 4812 0.60905 1.18756 -120.69 39.3082
115 11091 11092 0.403224 0.577857 -121.637 36.6737
116 12442 12443 0.864086 0.337703 -116.384 36.2107
117 18406 18449 0.0530228 1.38003 -117.642 33.8764
118 5317 5318 0.463302 0.175735 -123.354 39.1966
119 13115 13116 4.44721 2.06408 -119.916 35.8804
120 2141 2142 0.0393224 0.650544 -123.049 40.5863
121 9654 9655 0.755753 0.289548 -119.593 37.7495
122 20902 20903 0.647865 0.212513 -116.425 32.721
123 20591 20592 0.292587 0.014108 -114.645 32.9148
124 15181 15182 0.834872 4.7683 -115.161 35.0478
125 15966 15967 0.824273 0.386113 -117.105 34.7981
126 5992 5993 0.3806 2.31869 -120.184 38.7917
127 14343 14344 2.90768 0.404028 -116.516 35.441
128 3082 3083 1.33674 0.37703 -120.491 40.2406
129 11080 11081 1.2258 1.56646 -121.688 36.6853
130 13025 13026 0.0864229 0.573294 -118.555 35.7602
131 18156 18184 0.520976 0.222214 -117.36 33.9559
132 10533 10534 0.485545 0.837466 -121.329 37.0314
133 188 189 2.34286 3.41355 -123.041 41.8808
134 6003 6004 0.465683 0.0178923 -120.052 38.8298
135 12235 12236 0.581811 0.0892513 -119.856 36.1631
136 73 74 0.535595 2.65247 -123.762 41.9337
137 18468 18470 1.73541 0.257024 -118.014 33.8559
138 16354 16355 0.731979 0.00889045 -116.82 34.7485
139 7641 7642 0.188753 0.257472 -122.186 38.1871
140 18796 18797 0.587195 0.43937 -117.481 33.7678
141 14749 14750 0.60079 0.140926 -118.467 35.1491
142 1845 1846 1.76827 0.549254 -123.05 40.8104
143 9156 9157 0.836094 0.262584 -121.946 37.5263
144 10257 10258 0.0733553 0.959818 -119.499 37.0452
145 14328 14387 0.381463 0.675222 -117.971 35.3487
146 10210 10492 1.44867 2.94123 -118.239 37.0458
147 10038 10444 1.46377 0.334474 -121.996 37.2061
148 19489 19490 0.434886 0.98631 -115.406 33.51
149 14687 14688 0.536002 2.1044 -119.464 35.3348
150 12765 12766 2.1418 0.522131 -116.462 35.9086
151 11761 11762 0.4696 1.75599 -118.396 36.5133
152 8145 8296 0.29573 1.5879 -122.697 37.9376
153 14063 14064 0.0576998 0.85817 -120.539 35.4946
154 7222 7223 1.57167 1.16643 -121.257 38.2931
155 13212 13213 1.2307 0.187157 -116.574 35.8492
156 9188 9189 0.599505 0.673329 -120.03 37.5099
157 2748 2749 0.375916 0.80994 -121.787 40.3659
158 18786 18787 0.127607 0.355752 -117.085 33.7364
159 13106 13107 0.239657 0.210826 -119.744 35.7341
160 1528 1688 0.0114137 1.41529 -121.312 41.034
161 17288 17470 1.57911 0.231797 -118.283 34.1428
162 2041 2042 0.570312 0.474215 -122 40.7828
163 256 257 0.319579 0.190117 -123.031 41.7893
164 4741 4742 0.325148 0.142018 -122.194 39.316
165 8304 8305 0.0755677 0.973983 -122.597 37.8803
166 19913 19914 0.15353 0.856534 -115.861 33.1321
167 2071 2086 0.389251 2.41112 -122.367 40.6201
168 11739 11740 0.862438 0.189316 -120.904 36.379
169 4940 4941 0.400461 0.571532 -120.092 39.2729
170 14182 14480 0.271549 1.20426 -120.577 35.3866
171 7755 8032 0.040036 1.13749 -120.557 38.0839
172 16676 16677 0.133936 2.44176 -118.997 34.381
173 11037 11038 0.114951 0.21632 -119.051 36.7467
174 4708 4709 2.20634 1.29023 -122.549 39.3923
175 4388 4389 0.335301 0.633778 -121.428 39.6373
176 20125 20126 0.510242 0.073559 -117.075 33.027
177 18428 18429 1.37971 0.29877 -117.871 33.8796
178 2478 2479 0.522927 0.063314 -123.466 40.4376
179 17945 18053 0.488601 0.175259 -118.155 34.0237
180 1481 1482 0.899164 0.389037 -123.727 41.1968
181 5695 5772 0.71956 1.03976 -120.001 38.9067
182 15965 15966 1.68499 0.814995 -117.098 34.8115
183 8829 8830 1.6104 0.425504 -119.002 37.7706
184 11170 11171 0.660636 0.381377 -120.858 36.6874
185 19623 19624 0.116907 0.476531 -116.114 33.4922
186 1772 1773 0.375584 0.0938961 -120.179 41.0397
187 4466 4467 0.230481 1.43967 -121.765 39.4637
188 6731 6732 0.117103 0.296688 -121.764 38.5286
189 8810 8811 0.260958 1.74641 -121.104 37.7321
190 17722 17979 1.42401 1.99088 -117.522 34.0573
191 10927 10928 0.648966 0.110947 -118.785 36.8131
192 9821 9822 0.240836 1.22768 -120.847 37.3616
193 2457 2458 1.16431 0.289261 -123.727 40.4834
194 20802 20839 0.0470882 1.69692 -117.112 32.7196
195 20973 20974 2.65202 0.20576 -117.038 32.5993
196 13977 13978 0.307137 0.0927808 -121.028 35.5146
197 16306 16307 1.4945 0.0886568 -119.713 34.494
198 15118 15119 0.316338 0.380442 -116.967 35.0302
199 9565 9701 0.61774 0.764229 -122.098 37.3555
200 11810 11811 0.133787 0.199017 -118.57 36.4134
201 9180 9181 0.726019 0.0148167 -122.33 37.5235
202 4247 4248 1.04 0.995226 -123.725 39.5517
203 10258 10259 0.581338 0.313028 -119.482 37.0456
204 7564 7565 0.524904 0.213358 -120.533 38.4082
205 15873 15874 0.492671 0.395024 -120.013 34.5904
206 2688 2689 0.64326 1.09999 -124.029 40.4546
207 4330 4331 0.451643 0.0092172 -120.003 39.5219
208 19268 19269 0.990601 1.98418 -116.555 33.5603
209 2428 2429 0.13716 0.275973 -124.114 40.574
210 38 39 1.25669 1.90082 -122.56 41.8685
211 17736 17737 2.2586 0.769014 -117.541 34.088
212 15171 15172 2.15842 0.570302 -115.401 35.1198
213 2022 2023 2.35619 0.0879905 -122.238 40.6439
214 15581 15585 0.398075 0.689561 -118.794 34.7598
215 16394 16395 0.361983 0.346398 -119.283 34.5052
216 19850 19851 0.18769 0.204967 -116.259 33.168
217 1137 1138 0.0631057 0.789674 -123.454 41.3936
218 20526 20620 1.68158 0.124628 -115.62 32.7613
219 6368 6369 1.0803 0.612959 -120.92 38.685
220 3432 3433 0.547472 0.098894 -120.73 40.0565
221 20270 20271 0.340546 0.152285 -117.251 32.9225
222 12565 12566 0.920836 0.0768195 -118.189 36.1758
223 20887 20888 1.46436 0.0722194 -115.871 32.6641
224 13864 13865 0.105862 2.0996 -117.165 35.5397
225 12507 12508 0.940924 2.27042 -121.581 36.0454
226 6979 6980 0.566666 0.373079 -120.903 38.452
227 19929 19940 0.760815 0.0434292 -117.068 33.1136
228 7365 7366 0.235114 1.00888 -119.842 38.3474
229 9407 9408 0.796769 0.747357 -121.838 37.5109
230 19754 19755 0.485538 1.33296 -116.376 33.224
231 16457 16458 0.116726 0.0691431 -119.364 34.6669
232 2129 2130 0.212124 2.17129 -123.209 40.5631
233 588 589 0.809573 1.51679 -123.021 41.7731
234 7919 7955 1.22664 0.37681 -122.056 38.0002
235 19883 19884 0.443546 0.22144 -117.339 33.156
236 15974 15975 0.865388 0.320075 -117.224 34.6282
237 6831 6832 0.353545 3.21762 -120.849 38.5153
238 15612 15613 0.749305 0.792475 -117.242 34.7886
239 11043 11044 0.383504 1.04748 -119.005 36.7221
240 5773 5835 0.359202 0.559473 -123.64 38.8554
241 3584 3585 0.106328 0.687167 -123.707 39.8694
242 2011 2012 0.963251 0.12887 -122.645 40.6818
243 9749 9750 0.460627 0.223811 -121.479 37.3932
244 9174 9175 0.891477 0.0579128 -120.852 37.5082
245 5886 5887 0.728942 0.256115 -123.054 38.9097
246 17543 17643 0.193009 1.90492 -117.186 34.1015
247 10184 10185 2.55415 3.69072 -121.12 37.3599
248 202 203 0.401153 0.785691 -122.823 41.8708
249 7765 7766 0.161398 1.27965 -122.699 38.1583
250 16576 16577 0.424181 0.709992 -118.793 34.408
251 16272 16273 0.638406 0.114431 -117.029 34.8308
252 5504 5573 0.267108 0.509369 -122.365 39.0125
253 20911 20912 0.140273 0.000846714 -115.48 32.6605
254 1893 1894 0.562453 0.662935 -122.949 40.7439
255 11105 11106 0.267675 0.901211 -116.949 36.7481
256 1220 1221 0.0885922 2.07219 -121.736 41.3386
257 12450 12451 0.437404 2.85135 -116.315 36.1469
258 16872 16886 2.01654 0.358654 -118.368 34.283
259 18628 18731 2.23553 1.28499 -117.853 33.7823
260 1964 1965 0.0111425 0.607884 -121.281 40.8482
261 3769 3770 0.844414 0.696488 -120.752 39.8739
262 9171 9172 1.43581 0.0189114 -121.98 37.5155
263 8821 8822 0.652884 0.624776 -122.081 37.6796
264 12613 12614 0.755442 0.63069 -118.487 35.9801
265 5002 5003 0.0426043 1.33173 -120.997 39.6727
266 2290 2291 0.24166 0.43716 -120.653 40.6525
267 20409 20456 0.299072 0.0883269 -116.514 32.8053
268 18917 18938 0.631437 0.151013 -117.879 33.685
269 12255 12750 3.66812 0.928522 -119.57 36.0551
270 13383 13384 0.531489 1.84123 -116.33 35.8109
271 9483 9484 0.636701 0.77193 -121.996 37.4021
272 4361 4362 0.255251 1.7546 -121.612 39.5731
273 6024 6025 0.597265 0.406541 -121.419 39.0069
274 1123 1124 0.487325 0.87773 -123.124 41.313
275 16596 16597 0.943861 0.25698 -117.81 34.4273
276 3007 3008 0.443422 0.955385 -122.444 40.2375
277 10034 10035 0.584548 0.566137 -121.966 37.2317
278 19278 19279 0.596706 1.36614 -117.183 33.5552
279 13326 13333 0.0777953 0.816404 -117.789 35.6542
280 6818 6819 0.108635 0.448467 -120.528 38.5538
281 8066 8067 0.523674 0.702729 -120.948 38.0963
282 306 307 0.430249 1.27709 -121.779 41.8976
283 17382 17383 0.438454 0.348717 -116.307 34.1822
284 11907 12436 0.311418 0.0702217 -116.412 36.2999
285 9171 9177 0.0248455 0.19699 -121.967 37.5078
286 15621 15622 2.79359 2.83865 -117.132 34.8613
287 20526 20530 0.831457 5.8202 -115.629 32.7763
288 7135 7136 0.465562 0.524995 -119.447 38.3666
289 6983 6984 1.68578 0.265355 -122.221 38.4728
290 15681 15682 2.50188 2.3002 -115.632 34.7665
291 12135 12356 0.335535 0.0555314 -117.3 36.1685
292 16045 16046 0.0742151 0.437613 -119.724 34.5859
293 19307 19308 0.0493144 0.121324 -117.087 33.7054
294 257 589 0.121977 0.422562 -123.033 41.788
295 2404 2405 0.812756 0.762353 -120.083 40.5029
296 5496 5497 0.814537 0.529583 -122.342 39.091
297 2989 2990 1.26144 0.820142 -122.658 40.3109
298 13935 13936 1.10595 0.614032 -120.328 35.4958
299 12579 12580 0.368229 0.0185661 -118.287 36.1225
300 6594 6633 0.367819 0.605247 -121.537 38.5916
301 18132 18133 0.0615842 0.0181881 -118.002 33.966
302 19907 19908 2.58875 0.493095 -117.209 33.1676
303 15064 15065 0.633892 0.133532 -120.316 35.0277
304 5726 5765 0.216526 1.06469 -121.06 38.9113
305 17457 17458 1.81267 0.535347 -117.865 34.1317
306 13989 14043 1.74597 0.825415 -119.061 35.4372
307 4363 4364 0.785973 0.477649 -121.576 39.5294
308 1259 1260 0.424708 0.369139 -121.139 41.2186
309 19607 19608 0.831433 0.653269 -117.23 33.3036
310 6505 6506 0.815312 0.100769 -122.378 38.8457
311 6739 6923 0.0547976 0.129706 -122.247 38.5002
312 13871 13872 0.0469694 1.09863 -117.352 35.5262
313 17690 17744 1.9029 0.920396 -118.089 34.0751
314 18284 18285 1.16443 0.0822833 -118.281 33.928
315 16983 16984 0.496494 1.5136 -115.508 34.5233
316 4363 4364 1.19539 0.0682356 -121.574 39.5262
317 18244 18291 1.49627 0.678542 -117.93 33.9297
318 12615 12635 0.172913 2.01586 -116.267 35.9745
319 9724 9725 0.60244 0.217206 -121.207 37.4784
320 8467 8468 3.19925 0.876227 -121.289 37.8243
321 12923 12980 0.492368 0.339335 -117.877 35.8391
322 4629 4630 3.92343 5.86068 -120.209 39.4385
323 9845 9846 0.0814364 0.181262 -120.509 37.3034
324 3993 3994 0.252065 0.553254 -123.314 39.7104
325 11854 11855 0.177652 1.14811 -119.03 36.3701
326 4142 4143 0.446659 0.99884 -120.58 39.7336
327 733 734 0.127967 0.250634 -120.174 41.6531
328 11559 11560 0.607085 2.05557 -119.801 36.4393
329 6585 6586 0.300788 0.654094 -121.617 38.6605
330 18453 18454 1.0998 0.724084 -117.704 33.8657
331 9879 9880 0.62621 0.316877 -120.015 37.4816
332 15670 15671 0.688129 0.157238 -115.355 34.7983
333 16 17 1.66757 1.10248 -122.446 41.9374
334 19269 19270 0.0400463 1.39018 -116.576 33.562
335 15771 15772 0.328845 0.527522 -120.507 34.7752
336 4532 4533 0.605147 0.377235 -122.016 39.4285
337 11197 11198 0.307532 1.34587 -121.195 36.6749
338 14229 14230 0.429412 0.298405 -118.212 35.5522
339 410 411 0.599952 0.0749096 -122.527 41.7248
340 19182 19183 0.413258 0.643667 -116.763 33.7083
341 20829 20830 0.761843 0.0662472 -114.888 32.7301
342 7164 7165 0.0774451 0.0391891 -122.303 38.332
343 5997 5998 0.28366 0.458906 -120.122 38.8096
344 6319 6327 0.458619 1.68446 -121.767 38.6709
345 17593 17594 0.929932 0.543811 -116.985 34.1325
346 9540 9544 0.0284826 0.0882494 -118.393 37.3794
347 9662 9663 0.50844 0.0424159 -119.719 37.7247
348 16529 16836 0.32238 0.415332 -119.663 34.4209
349 17089 17090 0.0712085 0.259994 -117.281 34.2292
350 6747 6748 0.173843 0.634728 -122.281 38.6118
351 19549 19611 1.44656 0.687007 -117.249 33.3535
352 1798 1799 4.35439 0.292771 -120.28 40.814
353 5083 5083 0 0 -121.356 39.2331
354 9080 9081 0.367431 0.745997 -120.143 37.6578
355 18607 18608 0.0357835 0.532208 -118.306 33.8225
356 15342 15343 0.34621 0.384191 -120.461 34.923
357 20605 20606 1.79122 1.20413 -114.571 32.7798
358 17053 17054 1.13081 0.298784 -116.903 34.2458
359 18095 18096 0.115194 1.65702 -117.475 33.9887
360 15538 15539 0.471318 0.305153 -114.606 34.7846
361 18236 18248 5.41579 0.20225 -117.152 33.9397
362 12450 12451 0.861653 2.4271 -116.313 36.1434
363 20786 20876 0.111069 0.89865 -116.013 32.7264
364 20395 20490 0.781028 2.5567 -115.362 32.8126
365 15206 15207 0.996198 0.557933 -120.417 34.9951
366 14180 14181 0.923267 0.384477 -120.57 35.3996
367 20098 20461 0.290598 1.75587 -115.617 33.0333
368 9992 9993 0.165051 0.0638685 -118.861 37.2525
369 16039 16040 0.127951 0.0911429 -119.726 34.6125
370 17312 17313 0.870404 0.235573 -118.094 34.1552
371 10877 10878 0.542053 0.611251 -118.546 36.7874
372 7180 7181 0.122339 0.457468 -123.106 38.4312
373 18508 18526 1.72148 0.531767 -118.213 33.8328
374 5080 5081 0.246507 0.80246 -121.33 39.2187
375 2803 2804 1.5869 1.8704 -121.2 40.3256
376 5222 5223 0.391929 0.0664675 -123.717 39.2778
377 14481 14482 1.44055 0.295052 -120.543 35.3548
378 9504 9505 1.82545 2.10871 -118.586 37.476
379 7000 7001 0.662399 0.212633 -123.14 38.4624
380 12824 13062 0.639619 0.424639 -120.05 35.8867
381 5513 5514 0.282963 0.398876 -120.775 39.0212
382 14723 14724 0.746831 0.176322 -115.477 35.1609
383 19547 19549 0.0138719 0.045664 -117.252 33.3666
384 20429 20430 0.0487388 1.16973 -116.417 32.8739
385 14684 14685 0.696356 0.386624 -119.464 35.3143
386 16137 16197 0.306656 0.349995 -120.222 34.504
387 738 739 0.87247 1.66378 -120.239 41.558
388 13298 13299 0.994682 0.356788 -117.57 36.2111
389 4724 4725 0.330099 0.363386 -122.54 39.5993
390 18682 18683 1.76169 1.18922 -118.227 33.7924
391 20188 20189 0.297911 2.46052 -115.093 33.0063
392 12309 12310 4.08599 2.33852 -117.973 36.1329
393 9383 9384 0.505336 0.370463 -122.497 37.5898
394 17602 17603 0.116824 0.467298 -117.007 34.1035
395 8621 8622 0.258017 0.543277 -119.875 37.815
396 8243 8244 0.613475 0.0569895 -121.704 37.9892
397 15267 16090 1.10049 1.80317 -117.915 34.9123
398 4315 4316 0.360266 0.969129 -120.181 39.6154
399 2361 2362 1.28309 2.21307 -121.821 40.5176